16158, 108, 37.5334
16159, 107, 23.897865
16160, 112, 83.34398
16161, 114, 145.86237
16162, 110, 35.314857
16163, 106, 36.08812
16164, 111, 28.857466
16165, 106, 98.682655
16166, 111, 72.818726
16167, 105, 67.25675
16168, 112, 63.07556
16169, 106, 138.6669
16170, 101, 75.21363
16171, 100, 12.110174
16172, 116, 107.6218
16173, 111, 139.26808
16174, 109, 1.4846921
16175, 113, 54.802124
16176, 103, 102.92381
16177, 103, 21.608976
16178, 106, 115.44243
16179, 118, 66.22618
16180, 113, 40.794037
16181, 117, 90.83432
16182, 118, 99.67
16183, 108, 123.01873
16184, 101, 124.444565
16185, 113, 140.12886
16186, 110, 78.18751
16187, 101, 135.90562
16188, 103, 117.6289
16189, 117, 146.27623
16190, 109, 82.5693
16191, 118, 133.39278
16192, 114, 85.16179
16193, 111, 49.136986
16194, 106, 72.70038
16195, 100, 55.52658
16196, 103, 72.68648
16197, 118, 145.98883
16198, 119, 35.585583
16199, 111, 3.6790519
16200, 108, 111.43608
16201, 115, 62.513878
16202, 105, 42.116814
16203, 100, 45.26199
16204, 117, 126.5198
16205, 104, 61.647472
16206, 119, 123.96417
16207, 114, 59.339897
16208, 105, 23.097664
16209, 107, 83.73481
16210, 109, 129.56812
16211, 110, 41.852116
16212, 106, 67.737946
16213, 119, 92.33753
16214, 103, 139.19424
16215, 100, 74.576355
16216, 107, 18.797832
16217, 101, 63.708668
16218, 116, 110.34629
16219, 118, 74.359825
16220, 118, 58.682343
16221, 113, 18.706915
16222, 107, 54.625797
16223, 114, 59.53068
16224, 109, 92.74827
16225, 103, 22.946325
16226, 109, 89.629616
16227, 103, 88.32895
16228, 110, 40.944565
16229, 103, 110.09649
16230, 111, 133.37514
16231, 112, 25.173738
16232, 117, 6.840393
16233, 113, 24.059889
16234, 104, 121.45156
16235, 100, 27.246479
16236, 108, 59.093643
16237, 107, 3.0470343
16238, 102, 77.812614
16239, 103, 28.189266
16240, 116, 71.1059
16241, 109, 127.258514
16242, 107, 126.4361
16243, 107, 146.2887
16244, 110, 36.37593
16245, 112, 44.651405
16246, 107, 54.46464
16247, 117, 87.49569
16248, 110, 87.79522
16249, 104, 144.3975
16250, 109, 70.769
16251, 107, 94.25262
16252, 114, 82.37766
16253, 105, 60.492672
16254, 116, 7.4542074
16255, 109, 17.303377
16256, 109, 46.348198
16257, 104, 51.28954
16258, 119, 54.759552
16259, 101, 148.3681
16260, 114, 46.510826
16261, 104, 41.772453
16262, 111, 89.365
16263, 102, 120.00947
16264, 107, 4.6150537
16265, 117, 93.97694
16266, 101, 119.99139
16267, 106, 49.394875
16268, 108, 60.6512
16269, 105, 141.82225
16270, 103, 29.398165
16271, 104, 38.992695
16272, 116, 80.251724
16273, 115, 19.918425
16274, 109, 61.55828
16275, 103, 7.537463
16276, 105, 60.078667
16277, 101, 16.457033
16278, 104, 11.408043
16279, 110, 100.51735
16280, 103, 52.950115
16281, 116, 106.81628
16282, 118, 41.213043
16283, 108, 47.960617
16284, 119, 36.94648
16285, 115, 25.398499
16286, 107, 8.628514
16287, 104, 109.17159
16288, 109, 72.612366
16289, 101, 24.90574
16290, 104, 143.05804
16291, 108, 41.204758
16292, 103, 6.1767874
16293, 101, 102.310036
16294, 110, 89.6002
16295, 108, 135.45187
16296, 103, 85.486305
16297, 108, 91.13315
16298, 101, 103.25793
16299, 111, 129.83423
16300, 110, 22.213358
16301, 112, 125.94159
16302, 114, 33.32829
16303, 116, 78.66336
16304, 112, 77.47074
16305, 119, 113.5976
16306, 100, 79.027534
16307, 103, 46.76098
16308, 104, 35.995308
16309, 112, 149.72163
16310, 102, 118.96182
16311, 115, 16.591036
16312, 118, 129.55411
16313, 100, 106.3755
16314, 110, 125.76754
16315, 108, 56.058125
16316, 102, 76.82761
16317, 111, 67.97936
16318, 100, 35.3498
16319, 106, 28.173368
16320, 116, 20.594511
16321, 116, 136.05052
16322, 118, 108.09554
16323, 115, 76.19673
16324, 112, 138.90692
16325, 119, 77.91932
16326, 110, 107.86707
16327, 103, 115.7934
16328, 108, 4.124388
16329, 118, 55.822643
16330, 105, 78.66343
16331, 108, 6.5365524
16332, 105, 26.166899
16333, 102, 39.69452
16334, 118, 106.24057
16335, 102, 31.88535
16336, 113, 61.29375
16337, 101, 97.21996
16338, 109, 1.6198486
16339, 108, 5.2994547
16340, 101, 148.59166
16341, 116, 104.32518
16342, 101, 34.85536
16343, 113, 43.71863
16344, 105, 96.34823
16345, 101, 100.548004
16346, 105, 51.549618
16347, 112, 124.62899
16348, 101, 133.21335
16349, 116, 88.1506
16350, 100, 117.04253
16351, 107, 123.5398
16352, 115, 100.391
16353, 110, 119.898315
16354, 101, 0.8684814
16355, 101, 128.31474
16356, 105, 1.2146652
16357, 118, 34.29561
16358, 119, 92.531006
16359, 105, 27.988117
16360, 109, 64.04677
16361, 108, 24.777567
16362, 109, 118.58215
16363, 114, 129.51271
16364, 114, 7.2718353
16365, 107, 33.492207
16366, 112, 66.354996
16367, 115, 47.14854
16368, 112, 142.76451
16369, 103, 141.31906
16370, 109, 99.585396
16371, 101, 124.3537
16372, 104, 57.236393
16373, 102, 33.91505
16374, 106, 122.55479
16375, 102, 129.689
16376, 104, 4.2644978
16377, 115, 30.711641
16378, 111, 68.94728
16379, 106, 76.77713
16380, 100, 47.53213
16381, 115, 59.35344
16382, 113, 85.449295
16383, 108, 11.320657
16384, 100, 98.05279
16385, 103, 47.000687
16386, 101, 21.624247
16387, 113, 116.983955
16388, 114, 33.605675
16389, 115, 109.18614
16390, 116, 73.49829
16391, 113, 69.21474
16392, 119, 127.18335
16393, 116, 89.87632
16394, 112, 8.817047
16395, 119, 114.526764
16396, 103, 76.86743
16397, 116, 119.36048
16398, 101, 55.999134
16399, 113, 99.81178
16400, 109, 57.171936
16401, 113, 17.417389
16402, 109, 28.103426
16403, 108, 107.23811
16404, 119, 99.86545
16405, 114, 11.146725
16406, 116, 138.74736
16407, 102, 142.85983
16408, 105, 100.69596
16409, 119, 110.88111
16410, 116, 108.8938
16411, 116, 34.45901
16412, 110, 40.656414
16413, 103, 148.35966
16414, 104, 42.21527
16415, 109, 134.64041
16416, 106, 56.137688
16417, 114, 72.25473
16418, 102, 51.940075
16419, 105, 19.740084
16420, 118, 27.774828
16421, 106, 123.27569
16422, 102, 22.928747
16423, 119, 60.370777
16424, 119, 89.169975
16425, 112, 83.95286
16426, 116, 13.917795
16427, 118, 149.52713
16428, 104, 25.251827
16429, 117, 128.90764
16430, 116, 35.84843
16431, 116, 82.69708
16432, 100, 55.68966
16433, 105, 144.16734
16434, 107, 39.340836
16435, 110, 102.80089
16436, 118, 67.17081
16437, 110, 81.7822
16438, 119, 36.301884
16439, 119, 58.715157
16440, 103, 144.83765
16441, 114, 93.491035
16442, 110, 2.4651556
16443, 105, 65.33256
16444, 114, 34.961872
16445, 112, 105.63655
16446, 112, 126.945114
16447, 107, 22.218472
16448, 114, 46.375965
16449, 105, 20.184902
16450, 103, 139.02
16451, 118, 44.85544
16452, 118, 54.16544
16453, 110, 127.996826
16454, 100, 139.80074
16455, 107, 67.56832
16456, 115, 13.518718
16457, 119, 51.38459
16458, 102, 1.2042671
16459, 114, 119.940056
16460, 119, 48.28052
16461, 106, 95.649864
16462, 113, 99.72453
16463, 107, 36.579575
16464, 108, 43.83763
16465, 100, 95.990456
16466, 104, 80.94026
16467, 116, 117.248
16468, 111, 3.946969
16469, 101, 9.919435
16470, 103, 21.835407
16471, 100, 32.385563
16472, 107, 91.34416
16473, 119, 40.303284
16474, 113, 139.48703
16475, 106, 42.35014
16476, 114, 46.02598
16477, 114, 105.695946
16478, 112, 114.50855
16479, 119, 106.439606
16480, 116, 44.651207
16481, 105, 18.825298
16482, 114, 0.4719168
16483, 105, 73.605194
16484, 103, 30.808023
16485, 115, 22.957644
16486, 100, 79.41106
16487, 118, 11.850545
16488, 118, 71.19927
16489, 105, 7.5945854
16490, 111, 130.04889
16491, 105, 68.30345
16492, 103, 15.728161
16493, 107, 142.94427
16494, 100, 137.5902
16495, 111, 49.35168
16496, 103, 100.74427
16497, 112, 15.119889
16498, 111, 132.08376
16499, 110, 71.15612
16500, 105, 33.285587
16501, 102, 118.137
16502, 116, 58.48633
16503, 106, 51.3424
16504, 103, 65.09921
16505, 118, 115.949295
16506, 107, 5.8385344
16507, 109, 6.00653
16508, 113, 35.511868
16509, 112, 57.106716
16510, 116, 71.062614
16511, 103, 71.078255
16512, 110, 106.271904
16513, 115, 63.907894
16514, 106, 6.003875
16515, 111, 25.73373
16516, 101, 21.125454
16517, 105, 95.91976
16518, 102, 44.963364
16519, 108, 81.10679
16520, 110, 7.183957
16521, 113, 118.00961
16522, 101, 89.68033
16523, 107, 114.60525
16524, 110, 16.111734
16525, 102, 137.1091
16526, 111, 146.95195
16527, 101, 6.243163
16528, 115, 58.16083
16529, 101, 48.165268
16530, 111, 56.50674
16531, 107, 63.796726
16532, 101, 109.27015
16533, 112, 19.810385
16534, 101, 141.84668
16535, 119, 84.68689
16536, 100, 21.632793
16537, 118, 47.76416
16538, 108, 8.007163
16539, 111, 48.178177
16540, 116, 131.26495
16541, 112, 25.34751
16542, 115, 134.98859
16543, 105, 107.09481
16544, 109, 71.310165
16545, 115, 148.67622
16546, 105, 96.76157
16547, 118, 30.31995
16548, 115, 26.1857
16549, 110, 86.86078
16550, 113, 142.8688
16551, 103, 27.250172
16552, 101, 32.14694
16553, 110, 1.7353803
16554, 101, 73.93887
16555, 106, 15.489596
16556, 102, 126.50048
16557, 113, 143.77255
16558, 115, 135.76445
16559, 117, 122.92174
16560, 111, 13.489366
16561, 113, 48.681896
16562, 115, 20.859415
16563, 101, 52.285194
16564, 112, 68.16987
16565, 113, 121.53875
16566, 102, 115.70012
16567, 107, 149.96289
16568, 107, 89.39935
16569, 100, 46.461636
16570, 119, 116.60764
16571, 107, 13.599345
16572, 112, 121.64173
16573, 105, 72.982315
16574, 100, 4.770103
16575, 115, 5.3311405
16576, 111, 85.2676
16577, 114, 9.284869
16578, 104, 148.1139
16579, 117, 137.6909
16580, 113, 101.973236
16581, 105, 49.63358
16582, 108, 104.26365
16583, 119, 76.40031
16584, 104, 47.812744
16585, 104, 18.050686
16586, 100, 95.61773
16587, 102, 34.93299
16588, 115, 31.97457
16589, 110, 138.61523
16590, 105, 76.2996
16591, 107, 118.15035
16592, 100, 28.335098
16593, 107, 129.69972
16594, 109, 83.10804
16595, 116, 97.956894
16596, 112, 86.18842
16597, 112, 74.778824
16598, 114, 146.81888
16599, 112, 105.69684
16600, 108, 20.067394
16601, 115, 95.283676
16602, 111, 97.08984
16603, 100, 37.76619
16604, 112, 11.866602
16605, 109, 30.92047
16606, 116, 138.6888
16607, 114, 34.874645
16608, 107, 115.34209
16609, 112, 12.142494
16610, 114, 139.77219
16611, 117, 36.27416
16612, 119, 119.23116
16613, 101, 139.12053
16614, 100, 124.432755
16615, 119, 148.07588
16616, 117, 33.043583
16617, 117, 66.55901
16618, 119, 21.304098
16619, 106, 57.704597
16620, 114, 123.045876
16621, 103, 45.31941
16622, 102, 60.169315
16623, 116, 100.47866
16624, 116, 73.87847
16625, 108, 91.38871
16626, 107, 83.95636
16627, 107, 104.464645
16628, 116, 106.1653
16629, 100, 121.65711
16630, 101, 38.070248
16631, 104, 138.88702
16632, 119, 106.116104
16633, 108, 41.853073
16634, 105, 132.41669
16635, 104, 33.337597
16636, 113, 17.531713
16637, 103, 134.74297
16638, 114, 100.10193
16639, 113, 137.33376
16640, 114, 129.34814
16641, 118, 33.142982
16642, 108, 146.75851
16643, 103, 79.61821
16644, 101, 119.85708
16645, 110, 84.04626
16646, 100, 130.78311
16647, 115, 12.011513
16648, 119, 11.546588
16649, 119, 142.16121
16650, 105, 36.224243
16651, 109, 133.21933
16652, 103, 101.08423
16653, 105, 106.257195
16654, 107, 17.87797
16655, 119, 62.434746
16656, 117, 71.169464
16657, 114, 55.40997
16658, 119, 42.40744
16659, 118, 77.601555
16660, 104, 33.02848
16661, 109, 125.312035
16662, 107, 63.409702
16663, 111, 7.5169353
16664, 101, 41.323936
16665, 105, 50.393932
16666, 118, 45.49874
16667, 112, 112.67659
16668, 108, 94.52855
16669, 119, 39.59477
16670, 116, 118.24878
16671, 109, 1.0651946
16672, 117, 148.33247
16673, 112, 36.297493
16674, 105, 67.054276
16675, 117, 73.48669
16676, 110, 58.55772
16677, 101, 127.42838
16678, 102, 137.82133
16679, 115, 67.59068
16680, 103, 124.92699
16681, 114, 120.23741
16682, 119, 4.6117187
16683, 119, 6.9212527
16684, 109, 145.6442
16685, 108, 12.0383
16686, 118, 119.12154
16687, 111, 111.66104
16688, 116, 11.986649
16689, 117, 49.627098
16690, 115, 111.56686
16691, 106, 33.11507
16692, 104, 37.743645
16693, 104, 68.25147
16694, 103, 42.903667
16695, 108, 118.7956
16696, 105, 102.56482
16697, 119, 15.664503
16698, 119, 18.214613
16699, 113, 147.77019
16700, 109, 26.446161
16701, 100, 104.88524
16702, 116, 134.58618
16703, 109, 34.814133
16704, 115, 128.2935
16705, 104, 8.247391
16706, 106, 79.40956
16707, 114, 36.374035
16708, 117, 1.837045
16709, 111, 98.083824
16710, 118, 118.36126
16711, 113, 47.31508
16712, 105, 149.93408
16713, 114, 130.65053
16714, 117, 38.025345
16715, 109, 33.439957
16716, 111, 3.5738916
16717, 117, 17.387
16718, 115, 1.2151927
16719, 112, 127.94601
16720, 117, 53.55081
16721, 113, 1.0950565
16722, 107, 93.57391
16723, 109, 51.043903
16724, 116, 61.930267
16725, 119, 37.598785
16726, 108, 51.563824
16727, 119, 27.366909
16728, 113, 80.84922
16729, 108, 48.594707
16730, 102, 86.7068
16731, 102, 2.7917414
16732, 111, 58.74695
16733, 114, 115.49798
16734, 114, 115.1091
16735, 100, 5.577144
16736, 104, 132.82507
16737, 105, 58.73841
16738, 117, 3.8072972
16739, 110, 59.307377
16740, 106, 78.44361
16741, 113, 35.60553
16742, 111, 43.36069
16743, 113, 120.89844
16744, 103, 40.36403
16745, 109, 72.269295
16746, 102, 97.7999
16747, 115, 3.6797671
16748, 102, 81.54247
16749, 100, 122.80014
16750, 112, 143.50468
16751, 103, 118.41319
16752, 110, 0.71578324
16753, 106, 61.74075
16754, 104, 126.44571
16755, 100, 95.57368
16756, 116, 148.74054
16757, 115, 42.45106
16758, 108, 6.1659245
16759, 116, 104.073204
16760, 119, 8.984059
16761, 113, 81.81205
16762, 100, 15.922567
16763, 119, 80.231964
16764, 118, 40.357624
16765, 113, 43.138504
16766, 100, 148.33134
16767, 117, 131.48438
16768, 119, 4.65543
16769, 101, 74.81986
16770, 114, 5.1220446
16771, 102, 7.9405546
16772, 115, 97.77175
16773, 103, 30.280075
16774, 116, 136.32597
16775, 114, 90.81071
16776, 117, 56.309856
16777, 108, 32.479897
16778, 115, 57.6261
16779, 106, 122.858795
16780, 110, 113.15685
16781, 119, 90.19863
16782, 104, 67.25842
16783, 117, 131.46237
16784, 110, 77.08793
16785, 111, 51.539745
16786, 104, 109.34901
16787, 117, 36.186253
16788, 111, 33.36304
16789, 106, 24.694963
16790, 106, 30.442518
16791, 107, 95.12184
16792, 119, 109.18293
16793, 103, 23.37716
16794, 102, 60.743397
16795, 116, 81.93519
16796, 110, 121.28641
16797, 117, 117.69271
16798, 118, 140.29276
16799, 103, 117.135284
16800, 104, 44.250618
16801, 119, 32.71375
16802, 106, 76.004654
16803, 107, 99.69817
16804, 110, 3.0581117
16805, 102, 20.197105
16806, 116, 115.46889
16807, 103, 10.941428
16808, 109, 80.10849
16809, 102, 10.584444
16810, 103, 131.10869
16811, 100, 102.74334
16812, 119, 82.37317
16813, 118, 18.39112
16814, 118, 149.38403
16815, 118, 88.13836
16816, 108, 130.19174
16817, 111, 72.89456
16818, 102, 106.00646
16819, 104, 144.44644
16820, 103, 133.62962
16821, 111, 19.616997
16822, 115, 111.987076
16823, 113, 113.27861
16824, 100, 111.068756
16825, 102, 143.2324
16826, 115, 68.14388
16827, 108, 111.10345
16828, 112, 2.3965626
16829, 103, 61.265327
16830, 101, 100.4141
16831, 108, 23.65652
16832, 108, 104.961586
16833, 106, 34.374977
16834, 109, 122.86826
16835, 100, 131.76419
16836, 100, 45.070766
16837, 109, 26.540655
16838, 102, 3.989768
16839, 101, 49.36854
16840, 111, 144.74437
16841, 118, 70.36941
16842, 118, 42.87092
16843, 105, 97.56229
16844, 104, 81.231255
16845, 105, 104.97875
16846, 101, 8.79001
16847, 115, 51.557243
16848, 113, 97.79016
16849, 116, 71.74617
16850, 115, 44.517643
16851, 108, 144.8269
16852, 116, 8.05512
16853, 100, 30.41626
16854, 101, 29.807407
16855, 118, 76.15147
16856, 101, 64.69737
16857, 102, 29.75031
16858, 100, 38.883457
16859, 105, 19.628012
16860, 104, 86.895454
16861, 114, 58.7742
16862, 107, 102.21789
16863, 105, 148.68823
16864, 114, 92.74989
16865, 103, 66.0487
16866, 102, 2.3525655
16867, 112, 141.19891
16868, 110, 142.45406
16869, 106, 127.380615
16870, 107, 56.052475
16871, 111, 86.91868
16872, 110, 69.03127
16873, 105, 56.556522
16874, 117, 70.64134
16875, 117, 142.958
16876, 100, 46.95439
16877, 100, 106.34639
16878, 102, 21.608412
16879, 119, 13.007775
16880, 103, 33.39167
16881, 101, 73.285416
16882, 101, 124.309326
16883, 112, 88.08526
16884, 119, 123.14713
16885, 111, 4.7240314
16886, 102, 2.3335667
16887, 105, 79.79283
16888, 110, 0.23661554
16889, 118, 31.590324
16890, 106, 63.010685
16891, 119, 65.03372
16892, 108, 135.3172
16893, 114, 61.050053
16894, 107, 51.805553
16895, 109, 2.7589827
16896, 101, 67.17576
16897, 109, 66.31446
16898, 116, 115.85626
16899, 110, 3.4310281
16900, 106, 37.80213
16901, 114, 19.547653
16902, 101, 21.828783
16903, 105, 16.52812
16904, 104, 119.30758
16905, 107, 11.385602
16906, 112, 141.86537
16907, 101, 44.888573
16908, 100, 25.689278
16909, 107, 66.10264
16910, 104, 148.97772
16911, 102, 101.79745
16912, 114, 96.615776
16913, 115, 40.173607
16914, 112, 81.055214
16915, 108, 101.07111
16916, 110, 50.01702
16917, 108, 0.5088419
16918, 114, 143.4264
16919, 116, 88.61798
16920, 109, 94.19981
16921, 103, 26.006233
16922, 100, 72.059006
16923, 117, 88.80558
16924, 102, 45.295456
16925, 109, 18.68905
16926, 111, 74.280846
16927, 101, 74.700165
16928, 115, 12.922615
16929, 112, 65.743454
16930, 105, 14.594337
16931, 108, 91.21363
16932, 112, 88.04902
16933, 105, 98.514244
16934, 115, 73.42968
16935, 105, 105.15951
16936, 117, 122.85283
16937, 119, 62.376522
16938, 104, 103.439415
16939, 115, 125.79813
16940, 112, 45.24244
16941, 109, 64.88786
16942, 107, 7.711324
16943, 111, 77.09114
16944, 103, 104.68855
16945, 117, 65.749466
16946, 104, 92.48935
16947, 112, 30.271097
16948, 106, 27.101004
16949, 100, 96.50112
16950, 115, 23.89216
16951, 100, 131.34329
16952, 119, 73.21829
16953, 108, 19.495619
16954, 110, 48.156193
16955, 102, 96.79486
16956, 103, 3.5654159
16957, 106, 58.747066
16958, 107, 90.16071
16959, 106, 62.95333
16960, 111, 76.7191
16961, 106, 69.18023
16962, 106, 95.32882
16963, 100, 17.49208
16964, 105, 25.594765
16965, 106, 29.335508
16966, 115, 149.93193
16967, 107, 17.549524
16968, 106, 23.575268
16969, 116, 37.4495
16970, 115, 75.61967
16971, 114, 6.102401
16972, 117, 69.54596
16973, 112, 124.13396
16974, 103, 83.46317
16975, 107, 36.914616
16976, 113, 60.946136
16977, 108, 146.01503
16978, 112, 51.28665
16979, 108, 148.02643
16980, 116, 130.21281
16981, 118, 25.023954
16982, 113, 58.344696
16983, 106, 48.221283
16984, 117, 104.407
16985, 111, 76.55399
16986, 100, 30.843534
16987, 100, 136.62158
16988, 107, 80.21745
16989, 110, 61.938393
16990, 109, 26.914688
16991, 100, 144.53883
16992, 100, 118.55199
16993, 105, 141.50954
16994, 111, 37.941223
16995, 104, 49.011005
16996, 105, 128.00839
16997, 111, 19.75015
16998, 100, 18.620485
16999, 107, 47.034187
17000, 109, 123.579926
17001, 112, 37.67405
17002, 103, 122.78007
17003, 112, 67.37178
17004, 113, 93.8323
17005, 108, 46.27413
17006, 106, 121.19763
17007, 114, 112.38921
17008, 113, 112.161964
17009, 107, 105.48998
17010, 111, 14.697173
17011, 119, 90.6791
17012, 100, 109.011925
17013, 105, 91.41634
17014, 109, 100.73429
17015, 118, 76.17474
17016, 117, 12.049502
17017, 109, 89.80839
17018, 108, 8.632198
17019, 102, 144.19696
17020, 117, 131.30905
17021, 116, 111.53691
17022, 116, 46.603714
17023, 114, 14.003089
17024, 106, 24.183119
17025, 106, 10.869419
17026, 111, 10.924789
17027, 114, 41.79917
17028, 114, 6.810504
17029, 115, 74.15807
17030, 107, 125.927605
17031, 110, 148.78091
17032, 119, 143.59473
17033, 113, 23.896364
17034, 108, 12.949312
17035, 110, 46.826603
17036, 110, 46.44868
17037, 114, 28.803385
17038, 113, 117.48014
17039, 113, 8.439848
17040, 116, 145.46037
17041, 117, 131.52498
17042, 111, 125.875175
17043, 111, 42.48721
17044, 103, 57.529797
17045, 110, 43.049805
17046, 108, 54.22703
17047, 101, 131.2397
17048, 113, 111.00162
17049, 111, 34.803314
17050, 107, 88.400314
17051, 119, 15.409273
17052, 118, 44.009525
17053, 119, 67.234245
17054, 113, 24.854502
17055, 118, 7.920581
17056, 114, 144.93166
17057, 102, 64.545044
17058, 102, 32.63323
17059, 119, 2.7293265
17060, 113, 31.618622
17061, 118, 10.812405
17062, 116, 82.59577
17063, 107, 1.2612551
17064, 116, 125.67573
17065, 103, 107.61896
17066, 118, 109.21541
17067, 105, 131.67566
17068, 108, 5.754545
17069, 110, 130.43068
17070, 105, 11.527597
17071, 109, 29.867945
17072, 112, 2.9869795
17073, 102, 103.61287
17074, 108, 70.832664
17075, 100, 64.36458
17076, 114, 98.96384
17077, 110, 112.398506
17078, 110, 109.04195
17079, 118, 13.373968
17080, 103, 94.47637
17081, 119, 142.65302
17082, 118, 46.86208
17083, 113, 12.720215
17084, 100, 77.98729
17085, 105, 42.8402
17086, 112, 87.41989
17087, 103, 81.24852
17088, 103, 63.767982
17089, 113, 125.82377
17090, 113, 105.1236
17091, 117, 19.085392
17092, 110, 139.72803
17093, 104, 16.47124
17094, 103, 102.063034
17095, 116, 106.35425
17096, 102, 85.0356
17097, 116, 58.60785
17098, 116, 97.39246
17099, 115, 32.55498
17100, 108, 54.108917
17101, 103, 99.43594
17102, 103, 36.111572
17103, 102, 17.591
17104, 113, 126.638176
17105, 116, 3.8734138
17106, 105, 65.4535
17107, 110, 100.30789
17108, 103, 122.18764
17109, 104, 117.609985
17110, 100, 102.13369
17111, 105, 144.84436
17112, 116, 113.28251
17113, 118, 125.008995
17114, 105, 36.434128
17115, 109, 47.090515
17116, 100, 60.32375
17117, 113, 108.28556
17118, 105, 14.621964
17119, 114, 108.235146
17120, 100, 73.30811
17121, 104, 106.12421
17122, 104, 53.53338
17123, 109, 64.83035
17124, 112, 142.70695
17125, 110, 139.61723
17126, 112, 98.45569
17127, 104, 63.771324
17128, 102, 10.839621
17129, 100, 37.822025
17130, 108, 73.642815
17131, 112, 14.230165
17132, 110, 79.94732
17133, 113, 104.63389
17134, 102, 113.4726
17135, 110, 145.20264
17136, 108, 50.63998
17137, 112, 33.044044
17138, 106, 145.46153
17139, 102, 81.437996
17140, 115, 134.34021
17141, 110, 30.027733
17142, 109, 107.69085
17143, 109, 63.371185
17144, 103, 62.024796
17145, 111, 1.6208857
17146, 117, 146.25632
17147, 115, 76.46709
17148, 109, 120.98757
17149, 103, 126.37428
17150, 117, 81.09007
17151, 119, 85.913704
17152, 100, 134.92934
17153, 117, 112.60385
17154, 118, 0.34980476
17155, 108, 44.975307
17156, 107, 88.93952
17157, 104, 90.22541
17158, 109, 93.70167
17159, 104, 131.28828
17160, 110, 104.220726
17161, 102, 38.432415
17162, 112, 112.06906
17163, 118, 97.170654
17164, 107, 7.2721124
17165, 100, 56.26738
17166, 102, 4.004261
17167, 104, 90.34566
17168, 102, 40.83522
17169, 110, 138.81079
17170, 108, 63.90921
17171, 102, 0.0461787
17172, 104, 8.431112
17173, 104, 118.90256
17174, 111, 133.64627
17175, 102, 67.1002
17176, 112, 19.409483
17177, 101, 95.34744
17178, 110, 25.025457
17179, 107, 104.95307
17180, 113, 21.005747
17181, 105, 80.02568
17182, 105, 91.32633
17183, 106, 85.981544
17184, 104, 45.406116
17185, 117, 116.45568
17186, 109, 8.360704
17187, 102, 66.189316
17188, 113, 125.365746
17189, 111, 18.766863
17190, 101, 85.940186
17191, 110, 20.967516
17192, 117, 43.18935
17193, 108, 117.88498
17194, 104, 69.10432
17195, 103, 8.852434
17196, 108, 125.94995
17197, 116, 140.6749
17198, 100, 68.848175
17199, 109, 35.22832
17200, 103, 134.29712
17201, 106, 4.999289
17202, 105, 5.831194
17203, 116, 127.60344
17204, 104, 91.10843
17205, 118, 30.396608
17206, 112, 89.16056
17207, 114, 2.8229892
17208, 100, 74.09649
17209, 114, 57.761917
17210, 111, 101.14358
17211, 117, 129.86586
17212, 109, 9.91061
17213, 101, 22.853529
17214, 119, 15.228823
17215, 100, 61.191498
17216, 106, 54.94327
17217, 118, 118.760216
17218, 100, 105.6617
17219, 109, 95.278755
17220, 116, 10.05789
17221, 102, 44.55817
17222, 114, 105.24471
17223, 106, 1.8748552
17224, 116, 13.567695
17225, 100, 134.90796
17226, 100, 117.789
17227, 107, 11.935285
17228, 104, 39.738598
17229, 105, 126.32982
17230, 104, 12.547785
17231, 108, 28.33973
17232, 105, 73.41123
17233, 115, 75.645546
17234, 104, 118.0883
17235, 106, 49.602173
17236, 100, 44.65879
17237, 103, 35.018036
17238, 103, 41.785866
17239, 101, 111.91356
17240, 106, 122.052605
17241, 109, 112.81311
17242, 118, 23.308254
17243, 109, 137.85281
17244, 106, 122.68241
17245, 108, 108.46809
17246, 108, 95.18254
17247, 115, 10.596389
17248, 106, 116.03576
17249, 102, 33.75054
17250, 117, 18.629292
17251, 107, 128.69489
17252, 111, 86.353424
17253, 114, 51.657253
17254, 110, 43.311623
17255, 117, 143.43698
17256, 111, 117.729744
17257, 110, 116.42033
17258, 102, 120.23496
17259, 116, 75.84286
17260, 104, 57.914516
17261, 113, 80.55037
17262, 117, 141.87254
17263, 114, 111.13611
17264, 110, 11.536977
17265, 100, 79.7883
17266, 110, 51.47989
17267, 104, 37.112965
17268, 115, 134.43027
17269, 107, 126.39642
17270, 100, 13.311643
17271, 105, 10.340041
17272, 110, 90.56557
17273, 111, 53.137665
17274, 118, 10.461062
17275, 117, 32.896847
17276, 104, 30.905521
17277, 114, 145.9561
17278, 111, 118.55846
17279, 104, 21.9283
17280, 101, 107.05972
17281, 113, 87.180466
17282, 119, 132.82112
17283, 106, 100.895836
17284, 114, 3.3333957
17285, 103, 110.8815
17286, 119, 62.079666
17287, 105, 147.25566
17288, 119, 78.12659
17289, 108, 25.854134
17290, 116, 17.881294
17291, 104, 54.635204
17292, 110, 96.2842
17293, 114, 7.5626583
17294, 107, 16.280544
17295, 106, 9.709677
17296, 101, 138.89844
17297, 114, 119.586395
17298, 108, 90.14203
17299, 114, 103.6497
17300, 110, 79.07499
17301, 112, 34.606407
17302, 111, 111.90089
17303, 108, 74.95733
17304, 103, 15.685317
17305, 117, 148.88129
17306, 116, 12.927193
17307, 118, 75.1377
17308, 112, 72.239876
17309, 106, 29.016655
17310, 107, 108.47933
17311, 119, 141.17159
17312, 109, 23.931608
17313, 116, 109.92633
17314, 105, 76.024216
17315, 106, 73.49122
17316, 105, 118.35025
17317, 108, 106.134895
17318, 102, 12.161726
17319, 105, 16.058413
17320, 106, 122.46779
17321, 111, 7.0933876
17322, 115, 142.08252
17323, 105, 139.74759
17324, 115, 35.154785
17325, 103, 15.04848
17326, 113, 128.51292
17327, 108, 69.74835
17328, 111, 96.68464
17329, 116, 61.0273
17330, 105, 81.256165
17331, 104, 113.38457
17332, 118, 85.72998
17333, 102, 76.58117
17334, 105, 134.13933
17335, 112, 94.74092
17336, 118, 20.509922
17337, 118, 137.56044
17338, 109, 59.800056
17339, 112, 26.742455
17340, 110, 137.20258
17341, 109, 41.25947
17342, 117, 47.910545
17343, 111, 84.25578
17344, 116, 131.26752
17345, 115, 21.294514
17346, 116, 72.48038
17347, 109, 23.65492
17348, 108, 99.99764
17349, 110, 49.328075
17350, 118, 147.30368
17351, 106, 39.32266
17352, 103, 0.11021197
17353, 104, 5.2331953
17354, 102, 40.25487
17355, 105, 10.7912245
17356, 103, 129.2103
17357, 115, 63.65959
17358, 106, 38.049515
17359, 114, 51.903847
17360, 102, 83.54552
17361, 113, 41.950706
17362, 113, 2.201727
17363, 115, 119.926926
17364, 103, 122.49729
17365, 109, 140.85646
17366, 116, 75.97385
17367, 105, 137.14706
17368, 118, 49.647198
17369, 112, 127.935425
17370, 118, 139.53366
17371, 112, 85.25465
17372, 104, 59.388523
17373, 116, 132.21324
17374, 106, 149.99768
17375, 111, 98.9133
17376, 109, 59.07204
17377, 115, 18.692108
17378, 108, 149.68224
17379, 103, 45.33795
17380, 107, 149.4026
17381, 103, 92.474884
17382, 107, 127.5101
17383, 110, 56.96868
17384, 101, 71.98759
17385, 115, 7.176858
17386, 101, 78.79286
17387, 118, 6.9384546
17388, 114, 104.39405
17389, 107, 126.54209
17390, 106, 128.63191
17391, 108, 27.317154
17392, 107, 21.574276
17393, 107, 149.7307
17394, 114, 18.037016
17395, 113, 38.221436
17396, 114, 110.4926
17397, 103, 12.608332
17398, 101, 118.49247
17399, 106, 58.24531
17400, 105, 124.98984
17401, 119, 103.67123
17402, 104, 13.32812
17403, 107, 12.318197
17404, 115, 96.965576
17405, 116, 109.96026
17406, 115, 74.434105
17407, 100, 86.84251
17408, 108, 72.848236
17409, 110, 33.495255
17410, 105, 137.2874
17411, 105, 133.5273
17412, 109, 75.81606
17413, 104, 52.735626
17414, 101, 92.42262
17415, 115, 47.51933
17416, 101, 56.28249
17417, 102, 4.739222
17418, 108, 36.64611
17419, 115, 96.22787
17420, 113, 85.08281
17421, 107, 46.52752
17422, 104, 0.8979678
17423, 109, 149.10394
17424, 107, 28.297377
17425, 100, 24.08648
17426, 109, 101.82553
17427, 105, 100.133446
17428, 115, 82.61437
17429, 107, 39.433853
17430, 117, 10.923216
17431, 111, 58.401863
17432, 114, 119.88893
17433, 103, 59.747467
17434, 115, 38.022797
17435, 112, 106.1863
17436, 108, 116.47753
17437, 104, 45.34429
17438, 113, 82.59942
17439, 104, 105.73919
17440, 103, 68.61722
17441, 100, 9.727728
17442, 118, 65.8487
17443, 118, 101.4913
17444, 112, 74.43414
17445, 109, 10.525659
17446, 115, 91.31646
17447, 100, 46.50878
17448, 118, 72.05979
17449, 118, 17.671637
17450, 113, 58.42951
17451, 118, 101.770874
17452, 100, 130.34787
17453, 115, 77.35035
17454, 115, 97.85267
17455, 108, 93.64068
17456, 103, 116.17881
17457, 115, 23.673079
17458, 105, 23.269173
17459, 106, 23.373905
17460, 106, 89.01505
17461, 109, 90.51358
17462, 117, 49.433067
17463, 105, 89.97947
17464, 103, 0.5305588
17465, 112, 30.77901
17466, 108, 58.420353
17467, 103, 19.39778
17468, 102, 89.34096
17469, 101, 17.59615
17470, 119, 123.54771
17471, 109, 66.71362
17472, 115, 128.23878
17473, 113, 86.38967
17474, 110, 20.087564
17475, 108, 117.62983
17476, 119, 135.74205
17477, 100, 9.4698515
17478, 104, 12.476733
17479, 107, 53.44126
17480, 119, 145.20688
17481, 112, 106.6091
17482, 104, 115.07212
17483, 114, 75.43201
17484, 112, 91.2402
17485, 102, 85.72425
17486, 100, 122.189865
17487, 101, 141.28445
17488, 112, 106.0151
17489, 109, 133.29384
17490, 104, 109.142815
17491, 118, 131.08844
17492, 106, 108.9269
17493, 107, 21.46251
17494, 117, 34.591995
17495, 111, 121.20359
17496, 106, 84.78112
17497, 103, 7.965061
17498, 115, 85.21849
17499, 118, 127.64832
17500, 106, 79.369026
17501, 116, 85.59365
17502, 110, 105.246506
17503, 116, 38.18854
17504, 112, 14.395595
17505, 113, 56.011417
17506, 104, 85.60538
17507, 105, 142.34335
17508, 107, 59.708412
17509, 118, 33.507397
17510, 101, 34.724136
17511, 102, 145.0323
17512, 111, 95.675766
17513, 105, 34.331276
17514, 106, 24.699997
17515, 105, 49.093376
17516, 103, 85.69723
17517, 111, 118.38301
17518, 100, 120.28838
17519, 102, 3.9857717
17520, 111, 53.11566
17521, 106, 37.40699
17522, 110, 10.599688
17523, 110, 102.17279
17524, 116, 101.18443
17525, 114, 23.424536
17526, 104, 121.62048
17527, 100, 101.72712
17528, 113, 53.238148
17529, 118, 99.115555
17530, 106, 41.09348
17531, 111, 119.82002
17532, 112, 52.67214
17533, 118, 79.4329
17534, 105, 71.2334
17535, 113, 23.399385
17536, 119, 144.98308
17537, 106, 18.331755
17538, 103, 2.6714087
17539, 113, 144.27946
17540, 108, 44.54923
17541, 100, 70.49368
17542, 108, 112.57086
17543, 104, 96.118454
17544, 114, 59.836178
17545, 108, 17.189901
17546, 111, 7.798272
17547, 102, 10.665303
17548, 106, 137.92468
17549, 102, 81.30482
17550, 117, 34.49649
17551, 102, 48.812313
17552, 114, 116.69651
17553, 112, 129.6491
17554, 108, 95.06008
17555, 119, 136.63873
17556, 107, 102.65402
17557, 103, 123.35635
17558, 117, 71.881485
17559, 117, 136.05666
17560, 113, 117.87939
17561, 110, 91.15165
17562, 116, 125.81062
17563, 106, 92.34819
17564, 116, 119.71586
17565, 117, 129.01888
17566, 118, 67.8776
17567, 105, 22.129457
17568, 116, 101.58771
17569, 119, 69.153595
17570, 118, 99.13486
17571, 103, 67.52041
17572, 119, 18.211252
17573, 116, 36.904648
17574, 105, 104.10785
17575, 102, 54.408314
17576, 107, 6.9283338
17577, 111, 49.723156
17578, 113, 26.391756
17579, 119, 100.18466
17580, 104, 90.57375
17581, 112, 99.44355
17582, 103, 43.217674
17583, 106, 130.79172
17584, 106, 138.22026
17585, 101, 18.137947
17586, 101, 141.6135
17587, 106, 21.211016
17588, 116, 61.14579
17589, 117, 35.749573
17590, 107, 52.140453
17591, 103, 66.34661
17592, 116, 1.1152893
17593, 101, 69.05296
17594, 110, 148.76361
17595, 110, 58.21547
17596, 117, 4.082412
17597, 101, 117.94846
17598, 116, 21.172106
17599, 107, 33.36342
17600, 107, 17.400894
17601, 113, 122.92926
17602, 108, 61.558895
17603, 115, 139.05072
17604, 116, 123.96814
17605, 109, 11.05839
17606, 101, 31.146786
17607, 101, 81.37338
17608, 119, 137.91983
17609, 105, 130.92845
17610, 101, 22.426378
17611, 110, 108.45063
17612, 111, 120.51532
17613, 105, 118.014084
17614, 108, 45.125053
17615, 101, 66.36856
17616, 107, 115.271126
17617, 117, 1.7068863
17618, 103, 138.10211
17619, 106, 83.68561
17620, 109, 139.75578
17621, 100, 89.831314
17622, 106, 37.82123
17623, 119, 102.596375
17624, 108, 140.97641
17625, 105, 82.04835
17626, 104, 55.918156
17627, 118, 125.92383
17628, 102, 122.0868
17629, 119, 55.307777
17630, 114, 122.11875
17631, 101, 21.51602
17632, 111, 4.1472583
17633, 110, 67.86473
17634, 101, 131.19237
17635, 117, 106.82065
17636, 109, 31.74784
17637, 102, 43.162277
17638, 106, 100.566536
17639, 116, 18.781488
17640, 103, 52.84059
17641, 105, 126.6657
17642, 100, 24.942648
17643, 110, 60.094383
17644, 117, 114.242
17645, 103, 85.881165
17646, 119, 45.449898
17647, 113, 58.740814
17648, 116, 75.74479
17649, 103, 64.13047
17650, 105, 20.912308
17651, 110, 75.7008
17652, 103, 114.7474
17653, 116, 124.85593
