25627, 107, 112.99046
25628, 101, 102.27661
25629, 102, 13.070575
25630, 110, 51.61636
25631, 101, 94.28427
25632, 103, 97.61816
25633, 110, 94.249954
25634, 104, 113.7652
25635, 111, 137.10286
25636, 100, 97.6124
25637, 111, 84.3144
25638, 113, 39.004684
25639, 105, 101.54447
25640, 104, 73.16344
25641, 110, 41.49641
25642, 112, 50.399593
25643, 116, 146.32452
25644, 105, 112.73597
25645, 116, 114.53548
25646, 116, 38.93314
25647, 109, 78.16794
25648, 103, 64.41329
25649, 102, 82.002075
25650, 112, 145.79025
25651, 107, 100.172775
25652, 100, 56.921616
25653, 111, 54.231762
25654, 107, 67.60936
25655, 107, 55.133503
25656, 112, 140.37598
25657, 118, 22.666142
25658, 115, 65.04494
25659, 107, 79.23295
25660, 119, 93.14764
25661, 104, 24.680632
25662, 109, 122.49957
25663, 110, 92.29432
25664, 100, 145.8792
25665, 115, 78.099205
25666, 106, 149.1654
25667, 116, 83.66002
25668, 102, 29.985023
25669, 105, 66.363174
25670, 100, 131.2649
25671, 100, 138.0153
25672, 113, 2.5597394
25673, 106, 115.82008
25674, 111, 60.67037
25675, 106, 89.53972
25676, 107, 148.53065
25677, 119, 6.1392636
25678, 102, 91.968445
25679, 105, 52.377
25680, 102, 128.89334
25681, 101, 149.98824
25682, 107, 103.662125
25683, 115, 18.46118
25684, 105, 86.00547
25685, 113, 25.137627
25686, 103, 0.9521395
25687, 119, 148.03384
25688, 114, 121.5331
25689, 109, 128.02519
25690, 106, 95.747345
25691, 117, 39.889633
25692, 103, 101.25401
25693, 117, 59.382713
25694, 104, 107.86676
25695, 112, 146.7985
25696, 116, 133.4845
25697, 110, 29.915356
25698, 106, 123.007996
25699, 107, 135.9438
25700, 104, 31.303936
25701, 118, 108.82285
25702, 105, 28.670553
25703, 100, 70.751656
25704, 117, 102.78794
25705, 106, 55.918175
25706, 118, 86.6186
25707, 117, 111.462494
25708, 109, 38.29524
25709, 115, 20.234665
25710, 100, 116.53999
25711, 110, 117.60239
25712, 117, 84.369156
25713, 115, 21.280825
25714, 105, 114.03408
25715, 114, 16.837048
25716, 103, 99.93786
25717, 106, 140.28253
25718, 103, 83.528824
25719, 111, 15.216342
25720, 100, 110.268456
25721, 115, 86.32717
25722, 113, 62.25501
25723, 113, 137.64957
25724, 103, 135.21199
25725, 113, 9.157097
25726, 116, 68.39312
25727, 111, 62.62356
25728, 108, 83.011894
25729, 119, 145.3954
25730, 104, 7.086584
25731, 106, 51.461525
25732, 106, 88.74441
25733, 115, 80.2169
25734, 101, 101.93878
25735, 100, 45.819542
25736, 108, 80.97099
25737, 112, 130.41263
25738, 118, 29.761112
25739, 113, 99.43915
25740, 111, 94.55414
25741, 115, 69.44813
25742, 100, 65.940926
25743, 107, 28.553823
25744, 118, 27.85313
25745, 119, 127.50289
25746, 119, 16.998974
25747, 110, 37.54659
25748, 100, 20.097586
25749, 118, 90.699684
25750, 108, 149.94882
25751, 113, 71.81785
25752, 117, 142.0206
25753, 109, 10.326192
25754, 101, 34.420734
25755, 117, 47.128925
25756, 114, 0.43313205
25757, 119, 48.903225
25758, 110, 27.637062
25759, 108, 7.1181536
25760, 114, 4.8304887
25761, 115, 109.40078
25762, 102, 111.20316
25763, 115, 71.85768
25764, 102, 96.95095
25765, 100, 70.72351
25766, 107, 99.8939
25767, 106, 96.81908
25768, 101, 88.88874
25769, 106, 112.192
25770, 102, 21.375069
25771, 114, 28.378191
25772, 119, 122.05991
25773, 112, 121.32459
25774, 100, 68.834984
25775, 100, 118.55337
25776, 115, 52.39073
25777, 103, 53.401207
25778, 101, 147.99701
25779, 114, 2.8906703
25780, 106, 65.3816
25781, 100, 62.07372
25782, 114, 129.2889
25783, 110, 5.0652714
25784, 106, 42.2768
25785, 101, 24.739677
25786, 112, 112.44404
25787, 102, 122.24343
25788, 105, 20.467373
25789, 111, 46.220364
25790, 115, 57.973454
25791, 103, 103.53188
25792, 100, 48.109486
25793, 110, 91.315186
25794, 113, 48.493633
25795, 107, 18.228275
25796, 107, 31.250364
25797, 108, 101.272606
25798, 110, 30.640089
25799, 101, 94.662025
25800, 109, 121.42164
25801, 113, 120.70129
25802, 111, 75.95471
25803, 105, 93.470245
25804, 111, 137.86714
25805, 103, 42.087883
25806, 101, 60.306637
25807, 106, 40.16471
25808, 113, 95.110756
25809, 107, 21.791008
25810, 104, 84.53499
25811, 102, 140.26595
25812, 114, 59.014393
25813, 105, 50.858044
25814, 118, 18.832504
25815, 102, 31.759563
25816, 100, 13.025514
25817, 103, 51.293217
25818, 108, 98.91901
25819, 116, 38.342697
25820, 108, 16.25221
25821, 103, 18.332273
25822, 118, 55.39715
25823, 109, 103.94469
25824, 119, 16.59885
25825, 111, 55.647335
25826, 116, 4.3082356
25827, 110, 149.96306
25828, 117, 112.15523
25829, 100, 61.237274
25830, 104, 3.9004235
25831, 115, 112.06028
25832, 112, 15.29257
25833, 118, 49.27587
25834, 117, 9.942815
25835, 119, 40.470734
25836, 117, 142.20778
25837, 115, 128.99677
25838, 112, 76.41513
25839, 102, 103.228264
25840, 110, 87.8935
25841, 116, 110.827354
25842, 101, 78.64399
25843, 119, 53.394707
25844, 113, 59.978424
25845, 101, 35.798164
25846, 118, 25.446404
25847, 111, 92.99666
25848, 116, 56.29084
25849, 102, 117.71901
25850, 106, 122.784996
25851, 118, 75.44914
25852, 100, 85.157104
25853, 102, 129.79495
25854, 109, 39.769398
25855, 114, 15.827948
25856, 105, 14.733589
25857, 113, 25.696867
25858, 102, 144.44905
25859, 116, 70.3219
25860, 107, 31.643442
25861, 113, 84.623474
25862, 104, 113.70397
25863, 115, 31.722227
25864, 113, 35.066746
25865, 114, 142.0365
25866, 115, 131.94211
25867, 109, 114.03152
25868, 105, 113.54437
25869, 115, 142.74251
25870, 103, 42.086185
25871, 113, 124.71045
25872, 100, 16.183886
25873, 110, 6.255564
25874, 102, 104.54167
25875, 101, 98.82029
25876, 116, 109.8553
25877, 107, 70.11403
25878, 105, 122.00111
25879, 119, 115.07209
25880, 109, 134.77802
25881, 106, 134.92297
25882, 104, 107.63804
25883, 106, 10.667414
25884, 116, 103.30536
25885, 112, 70.75077
25886, 101, 113.789665
25887, 114, 85.011826
25888, 111, 33.10793
25889, 103, 108.16191
25890, 112, 75.712585
25891, 117, 11.115066
25892, 102, 74.10058
25893, 119, 108.298035
25894, 103, 62.803753
25895, 104, 142.22786
25896, 113, 98.4979
25897, 109, 93.974815
25898, 113, 5.951455
25899, 103, 100.842255
25900, 117, 137.1771
25901, 102, 11.047769
25902, 112, 60.60521
25903, 102, 44.438168
25904, 119, 136.05003
25905, 106, 116.00513
25906, 119, 141.27925
25907, 117, 121.045654
25908, 111, 52.959198
25909, 117, 24.89587
25910, 119, 95.87631
25911, 112, 15.468344
25912, 101, 135.7715
25913, 116, 60.634758
25914, 118, 86.58689
25915, 103, 148.70654
25916, 115, 49.114494
25917, 108, 123.89599
25918, 113, 26.307812
25919, 100, 52.748867
25920, 105, 117.91442
25921, 109, 67.428856
25922, 109, 110.1843
25923, 101, 111.76669
25924, 115, 115.71814
25925, 101, 96.35818
25926, 110, 38.33247
25927, 112, 131.7361
25928, 105, 118.445984
25929, 116, 7.094827
25930, 117, 86.134445
25931, 110, 66.72999
25932, 118, 66.26057
25933, 103, 51.645138
25934, 110, 45.769154
25935, 100, 144.62602
25936, 116, 108.22521
25937, 108, 77.367035
25938, 105, 111.53112
25939, 103, 33.191093
25940, 112, 117.1298
25941, 116, 125.34032
25942, 104, 58.594707
25943, 115, 148.94228
25944, 106, 44.540657
25945, 113, 92.65915
25946, 109, 37.120987
25947, 118, 140.41144
25948, 115, 68.798805
25949, 116, 107.68393
25950, 108, 63.00055
25951, 109, 53.660934
25952, 101, 54.190895
25953, 103, 67.98186
25954, 108, 47.10077
25955, 118, 96.91747
25956, 110, 134.56128
25957, 110, 94.45804
25958, 110, 24.799973
25959, 117, 20.270517
25960, 108, 88.32842
25961, 110, 53.138046
25962, 104, 100.71359
25963, 109, 127.90527
25964, 106, 132.06726
25965, 102, 52.24599
25966, 112, 57.43787
25967, 114, 83.79605
25968, 108, 95.77744
25969, 100, 106.42859
25970, 117, 133.40108
25971, 117, 107.66171
25972, 107, 132.53961
25973, 108, 132.89445
25974, 113, 1.2649924
25975, 109, 145.84076
25976, 108, 149.01715
25977, 115, 14.493477
25978, 109, 82.99943
25979, 118, 107.9659
25980, 116, 133.54121
25981, 118, 115.120155
25982, 110, 117.903786
25983, 108, 146.54958
25984, 102, 141.00899
25985, 100, 44.59505
25986, 108, 22.648483
25987, 115, 1.0435581
25988, 101, 21.720324
25989, 118, 79.18303
25990, 110, 96.3459
25991, 115, 130.55917
25992, 116, 19.569782
25993, 100, 44.792614
25994, 106, 108.539185
25995, 111, 126.375305
25996, 111, 63.732773
25997, 111, 34.842854
25998, 106, 89.43975
25999, 100, 129.47774
26000, 109, 131.77538
26001, 113, 69.548096
26002, 108, 123.082504
26003, 101, 1.0183722
26004, 117, 21.883266
26005, 104, 101.327866
26006, 105, 20.350815
26007, 106, 114.60481
26008, 101, 108.66346
26009, 112, 39.927505
26010, 105, 104.58535
26011, 109, 54.589783
26012, 104, 30.753296
26013, 104, 46.079136
26014, 103, 74.73294
26015, 116, 142.15796
26016, 116, 55.71195
26017, 111, 14.197334
26018, 113, 19.613556
26019, 106, 11.403805
26020, 116, 21.55348
26021, 103, 135.08936
26022, 116, 49.5323
26023, 104, 12.210953
26024, 119, 33.795948
26025, 103, 21.440891
26026, 100, 36.993645
26027, 102, 146.92949
26028, 105, 120.59088
26029, 119, 38.318806
26030, 119, 117.54089
26031, 106, 119.638794
26032, 103, 134.64154
26033, 115, 64.75536
26034, 111, 26.548613
26035, 107, 100.98506
26036, 112, 128.97672
26037, 101, 140.57378
26038, 100, 90.016785
26039, 111, 12.1458645
26040, 110, 83.083275
26041, 105, 146.09338
26042, 106, 110.578705
26043, 110, 36.6277
26044, 106, 52.976505
26045, 100, 92.53995
26046, 105, 23.468578
26047, 106, 95.195175
26048, 104, 74.09884
26049, 109, 146.13664
26050, 115, 15.712166
26051, 118, 56.850315
26052, 114, 23.824606
26053, 104, 3.832385
26054, 113, 13.671041
26055, 116, 35.2908
26056, 102, 143.26996
26057, 103, 43.65768
26058, 108, 118.60388
26059, 117, 1.4413923
26060, 116, 77.48284
26061, 111, 105.4651
26062, 115, 66.55637
26063, 104, 62.80179
26064, 114, 128.76018
26065, 103, 103.88494
26066, 111, 22.05939
26067, 100, 124.533325
26068, 105, 0.44923425
26069, 101, 11.166546
26070, 103, 120.01753
26071, 114, 142.02316
26072, 119, 6.137958
26073, 104, 104.6647
26074, 111, 61.202457
26075, 109, 106.0979
26076, 102, 93.7516
26077, 102, 116.970795
26078, 114, 31.788254
26079, 118, 51.904205
26080, 115, 76.376976
26081, 118, 121.97798
26082, 105, 121.8208
26083, 116, 10.1449995
26084, 103, 125.88565
26085, 118, 143.8505
26086, 112, 60.938065
26087, 100, 67.48628
26088, 116, 104.69265
26089, 101, 132.22838
26090, 104, 119.53006
26091, 118, 51.52099
26092, 113, 111.55434
26093, 116, 16.359632
26094, 102, 145.64655
26095, 103, 138.01585
26096, 100, 29.937994
26097, 108, 31.83876
26098, 116, 21.833288
26099, 101, 62.180214
26100, 102, 136.57903
26101, 108, 116.741684
26102, 115, 56.63894
26103, 101, 49.686867
26104, 110, 63.01697
26105, 108, 145.86552
26106, 110, 121.27126
26107, 113, 114.81221
26108, 108, 5.686095
26109, 112, 12.1139555
26110, 116, 87.63124
26111, 103, 14.220205
26112, 114, 38.152386
26113, 110, 40.919582
26114, 102, 137.06279
26115, 102, 103.2052
26116, 117, 109.45089
26117, 114, 39.791534
26118, 108, 38.168175
26119, 108, 25.558662
26120, 115, 129.93083
26121, 115, 117.37712
26122, 106, 60.45406
26123, 108, 27.656374
26124, 109, 122.65282
26125, 105, 99.04111
26126, 110, 18.879335
26127, 101, 102.52575
26128, 105, 32.523956
26129, 118, 143.13528
26130, 103, 12.669504
26131, 105, 147.6552
26132, 117, 4.4145403
26133, 103, 44.516857
26134, 113, 121.91845
26135, 119, 103.54271
26136, 114, 98.10209
26137, 117, 39.202415
26138, 117, 106.42632
26139, 105, 145.69133
26140, 113, 129.1855
26141, 104, 63.8675
26142, 102, 41.0696
26143, 102, 141.21689
26144, 103, 107.45696
26145, 113, 10.992578
26146, 111, 97.771805
26147, 114, 117.48349
26148, 119, 65.77794
26149, 110, 80.79189
26150, 111, 140.95213
26151, 113, 107.96036
26152, 107, 101.36578
26153, 110, 25.194784
26154, 109, 79.96651
26155, 115, 40.86113
26156, 119, 78.32271
26157, 116, 61.14504
26158, 119, 96.29641
26159, 113, 148.99501
26160, 107, 12.3309555
26161, 117, 147.44939
26162, 105, 83.82095
26163, 103, 53.253517
26164, 116, 137.12349
26165, 104, 126.93837
26166, 101, 133.3467
26167, 100, 8.279577
26168, 119, 127.03067
26169, 106, 76.06572
26170, 101, 54.09514
26171, 101, 47.33337
26172, 101, 57.82647
26173, 106, 52.141685
26174, 117, 46.81304
26175, 116, 126.27072
26176, 119, 107.56525
26177, 106, 122.64936
26178, 100, 68.62364
26179, 103, 4.5890183
26180, 112, 37.21632
26181, 106, 53.72183
26182, 103, 61.320118
26183, 108, 74.76908
26184, 113, 77.96881
26185, 115, 115.7379
26186, 118, 138.77913
26187, 100, 128.6195
26188, 119, 49.55889
26189, 114, 122.055984
26190, 103, 122.37272
26191, 116, 137.41995
26192, 111, 23.456705
26193, 101, 75.32308
26194, 113, 94.93613
26195, 109, 16.94305
26196, 117, 65.90194
26197, 100, 127.65267
26198, 108, 79.05752
26199, 110, 134.79034
26200, 110, 74.88377
26201, 114, 109.694885
26202, 109, 30.867077
26203, 107, 32.30255
26204, 101, 11.377081
26205, 116, 131.93098
26206, 102, 20.800915
26207, 118, 14.373869
26208, 102, 65.06237
26209, 103, 104.50225
26210, 115, 28.002754
26211, 114, 136.85382
26212, 112, 15.287572
26213, 112, 95.900375
26214, 118, 100.14938
26215, 103, 59.74154
26216, 117, 63.881405
26217, 105, 81.312035
26218, 106, 23.328897
26219, 105, 75.76785
26220, 101, 26.996971
26221, 100, 55.07971
26222, 117, 43.861824
26223, 119, 17.419464
26224, 114, 140.43724
26225, 106, 141.85193
26226, 109, 12.495571
26227, 119, 40.558605
26228, 114, 110.32157
26229, 116, 93.30796
26230, 111, 29.503914
26231, 115, 128.30121
26232, 119, 84.036964
26233, 107, 146.3686
26234, 101, 17.426304
26235, 108, 54.898327
26236, 104, 148.79848
26237, 109, 57.920418
26238, 118, 51.876945
26239, 105, 93.92905
26240, 114, 37.481464
26241, 104, 70.9439
26242, 102, 128.69684
26243, 115, 100.49349
26244, 103, 140.06844
26245, 119, 137.8413
26246, 100, 50.737873
26247, 110, 95.5042
26248, 115, 92.31697
26249, 110, 96.89535
26250, 103, 105.07736
26251, 119, 123.98337
26252, 108, 63.133495
26253, 103, 117.27325
26254, 113, 80.93095
26255, 106, 107.065346
26256, 115, 100.29815
26257, 104, 95.06707
26258, 111, 110.15181
26259, 100, 95.21236
26260, 111, 32.06494
26261, 113, 101.85507
26262, 109, 35.463024
26263, 113, 69.931244
26264, 117, 81.98565
26265, 106, 111.338005
26266, 101, 26.69347
26267, 118, 98.61214
26268, 101, 28.96285
26269, 118, 141.52473
26270, 103, 94.94598
26271, 105, 102.719666
26272, 100, 100.800476
26273, 112, 59.58226
26274, 113, 126.27284
26275, 106, 111.61376
26276, 113, 105.99158
26277, 104, 28.435394
26278, 117, 18.234327
26279, 114, 86.83898
26280, 117, 61.849506
26281, 112, 57.150265
26282, 105, 115.79521
26283, 114, 74.02918
26284, 107, 87.675316
26285, 109, 140.26317
26286, 111, 134.80193
26287, 110, 3.5622149
26288, 106, 65.79543
26289, 119, 52.183735
26290, 108, 41.932224
26291, 104, 138.51706
26292, 101, 28.503523
26293, 115, 129.87573
26294, 109, 74.01586
26295, 105, 111.1153
26296, 108, 44.01065
26297, 108, 0.012561679
26298, 106, 38.277466
26299, 112, 61.62173
26300, 111, 36.52542
26301, 116, 51.22601
26302, 101, 75.51598
26303, 117, 4.3393044
26304, 119, 130.72815
26305, 110, 127.14522
26306, 104, 83.490974
26307, 113, 0.41500032
26308, 106, 13.104057
26309, 106, 103.52437
26310, 113, 21.660402
26311, 119, 131.16711
26312, 107, 18.465784
26313, 114, 22.599533
26314, 107, 40.810883
26315, 101, 59.270874
26316, 112, 37.501656
26317, 104, 96.17225
26318, 110, 43.53023
26319, 118, 101.84541
26320, 114, 73.839584
26321, 113, 143.95953
26322, 112, 35.05793
26323, 110, 134.99141
26324, 115, 2.911985
26325, 111, 118.95974
26326, 110, 111.71096
26327, 110, 53.976585
26328, 117, 64.90093
26329, 108, 39.612785
26330, 116, 82.61504
26331, 100, 0.084123015
26332, 101, 51.28128
26333, 105, 21.607723
26334, 111, 62.573406
26335, 102, 26.385122
26336, 100, 37.817833
26337, 104, 122.75534
26338, 112, 24.329576
26339, 110, 24.522472
26340, 112, 3.881085
26341, 105, 121.26243
26342, 114, 135.14618
26343, 106, 90.13013
26344, 108, 0.048172474
26345, 113, 81.37906
26346, 103, 111.96448
26347, 108, 78.352066
26348, 108, 52.037876
26349, 103, 50.05466
26350, 105, 149.78703
26351, 118, 113.72422
26352, 118, 44.745907
26353, 119, 16.513216
26354, 104, 86.14857
26355, 102, 57.638687
26356, 113, 1.989913
26357, 113, 19.857832
26358, 104, 25.123447
26359, 115, 97.51543
26360, 112, 13.370678
26361, 101, 112.68213
26362, 115, 104.53701
26363, 101, 112.692604
26364, 104, 110.49355
26365, 111, 134.66968
26366, 116, 85.01606
26367, 108, 27.567413
26368, 117, 119.3085
26369, 115, 81.48238
26370, 111, 30.348587
26371, 112, 81.58394
26372, 115, 139.20238
26373, 104, 119.264946
26374, 113, 133.40642
26375, 108, 110.09236
26376, 110, 13.405913
26377, 106, 45.035355
26378, 100, 142.1436
26379, 103, 124.35495
26380, 114, 116.97783
26381, 119, 47.452023
26382, 100, 122.56177
26383, 116, 145.67953
26384, 107, 23.253662
26385, 115, 126.72228
26386, 105, 117.423515
26387, 115, 140.37508
26388, 119, 13.049001
26389, 113, 3.3527613
26390, 100, 28.230492
26391, 116, 49.127796
26392, 105, 81.60768
26393, 100, 81.96476
26394, 117, 53.13017
26395, 102, 147.13339
26396, 113, 115.42011
26397, 108, 145.273
26398, 111, 92.39928
26399, 108, 113.1718
26400, 113, 132.81358
26401, 112, 97.49788
26402, 106, 33.983143
26403, 111, 52.7194
26404, 118, 62.680363
26405, 101, 118.05766
26406, 100, 76.634575
26407, 111, 113.010704
26408, 105, 0.36410093
26409, 116, 109.78312
26410, 101, 112.83415
26411, 110, 138.00392
26412, 115, 142.05948
26413, 112, 2.2109807
26414, 110, 68.9468
26415, 119, 14.732731
26416, 102, 90.03946
26417, 113, 36.984783
26418, 100, 123.300835
26419, 111, 1.7940044
26420, 101, 16.56323
26421, 101, 142.02988
26422, 104, 113.633415
26423, 119, 67.63461
26424, 107, 68.717964
26425, 104, 61.35248
26426, 110, 144.23663
26427, 101, 143.86993
26428, 103, 130.27628
26429, 100, 104.081345
26430, 109, 37.92713
26431, 110, 115.56617
26432, 102, 71.30329
26433, 116, 53.59028
26434, 119, 1.8273711
26435, 108, 70.488945
26436, 100, 29.445808
26437, 101, 12.045961
26438, 113, 135.39221
26439, 107, 108.572876
26440, 116, 98.13893
26441, 119, 42.751076
26442, 115, 73.94136
26443, 111, 14.348173
26444, 105, 130.92253
26445, 112, 15.621265
26446, 113, 121.43161
26447, 105, 129.25638
26448, 115, 5.448532
26449, 117, 52.75409
26450, 110, 43.028255
26451, 109, 128.43364
26452, 106, 34.640015
26453, 100, 48.276855
26454, 110, 149.67752
26455, 106, 64.12514
26456, 102, 132.33496
26457, 103, 33.119335
26458, 102, 149.84802
26459, 113, 50.182682
26460, 105, 57.32563
26461, 119, 18.64534
26462, 106, 28.156614
26463, 108, 3.2047212
26464, 119, 147.41655
26465, 110, 9.132081
26466, 116, 49.143524
26467, 119, 120.827225
26468, 103, 55.07887
26469, 117, 117.7626
26470, 114, 108.26429
26471, 101, 111.93814
26472, 102, 29.403072
26473, 106, 84.417244
26474, 108, 92.492905
26475, 116, 110.64699
26476, 111, 54.3579
26477, 110, 100.84231
26478, 118, 91.26783
26479, 108, 146.24666
26480, 112, 134.41397
26481, 119, 84.40295
26482, 101, 65.24126
26483, 113, 63.850548
26484, 108, 11.244374
26485, 110, 10.199636
26486, 102, 82.46474
26487, 116, 66.84238
26488, 118, 126.7635
26489, 106, 45.14966
26490, 116, 54.752766
26491, 102, 6.0790567
26492, 119, 106.48198
26493, 104, 147.6594
26494, 109, 65.48148
26495, 106, 136.6472
26496, 110, 78.88009
26497, 100, 83.893295
26498, 102, 89.982704
26499, 109, 76.7564
26500, 102, 55.621075
26501, 113, 118.275536
26502, 110, 39.312252
26503, 116, 6.6390038
26504, 119, 20.207155
26505, 118, 130.02937
26506, 114, 79.03437
26507, 115, 66.64674
26508, 108, 24.74725
26509, 117, 14.54663
26510, 114, 92.03609
26511, 107, 53.38701
26512, 112, 148.08464
26513, 101, 10.745242
26514, 110, 40.78053
26515, 102, 78.45964
26516, 103, 103.861275
26517, 109, 113.36528
26518, 111, 110.64237
26519, 101, 147.79662
26520, 117, 95.661354
26521, 112, 138.77518
26522, 113, 21.03847
26523, 109, 123.18279
26524, 119, 113.87034
26525, 118, 120.01009
26526, 116, 146.06691
26527, 101, 140.09778
26528, 102, 85.67513
26529, 104, 76.82124
26530, 105, 48.363476
26531, 113, 14.553129
26532, 101, 82.41376
26533, 103, 108.044395
26534, 106, 74.38516
26535, 102, 95.863625
26536, 104, 128.58957
26537, 117, 95.70948
26538, 110, 142.53279
26539, 111, 55.912148
26540, 107, 10.918111
26541, 105, 10.686851
26542, 117, 121.40698
26543, 115, 103.567986
26544, 118, 14.336577
26545, 109, 91.17603
26546, 118, 48.108513
26547, 104, 65.85406
26548, 100, 5.983052
26549, 115, 106.42438
26550, 106, 62.08747
26551, 117, 135.71275
26552, 117, 98.683495
26553, 116, 88.84485
26554, 113, 94.16626
26555, 112, 123.946915
26556, 117, 42.462025
26557, 103, 17.52837
26558, 113, 41.481133
26559, 114, 94.86748
26560, 106, 54.383896
26561, 110, 10.518649
26562, 109, 35.930542
26563, 111, 70.25685
26564, 113, 88.77754
26565, 107, 107.94004
26566, 112, 101.05029
26567, 102, 135.80746
26568, 111, 16.579565
26569, 109, 70.068596
26570, 110, 89.39236
26571, 105, 115.38521
26572, 106, 87.454506
26573, 109, 12.558299
26574, 116, 97.61676
26575, 110, 40.96189
26576, 111, 5.902523
26577, 112, 72.44584
26578, 112, 19.134422
26579, 118, 146.35185
26580, 110, 24.32818
26581, 119, 13.965699
26582, 104, 24.44634
26583, 116, 65.57221
26584, 109, 138.75336
26585, 107, 26.889797
26586, 117, 82.044914
26587, 114, 6.7820907
26588, 105, 136.2611
26589, 108, 90.04973
26590, 100, 101.77502
26591, 107, 9.66762
26592, 115, 63.229008
26593, 111, 47.101673
26594, 106, 119.617
26595, 111, 102.45546
26596, 111, 12.195789
26597, 108, 9.561244
26598, 109, 48.848473
26599, 105, 96.705635
26600, 113, 127.4478
26601, 117, 59.263508
26602, 106, 114.02554
26603, 111, 121.76634
26604, 113, 72.47669
26605, 106, 113.00901
26606, 101, 61.121536
26607, 105, 65.27846
26608, 117, 135.0153
26609, 118, 111.28699
26610, 111, 74.6576
26611, 113, 3.4018726
26612, 100, 0.98767877
26613, 113, 6.605047
26614, 114, 18.393267
26615, 103, 3.5066934
26616, 105, 14.72598
26617, 117, 51.386486
26618, 113, 94.705215
26619, 114, 101.17822
26620, 115, 108.42002
26621, 100, 3.479299
26622, 105, 35.718872
26623, 114, 8.774623
26624, 105, 59.70718
26625, 100, 70.48827
26626, 109, 116.21097
26627, 111, 31.590307
26628, 115, 99.575806
26629, 104, 19.668835
26630, 106, 93.06081
26631, 111, 131.64436
26632, 109, 10.511846
26633, 100, 149.9475
26634, 115, 125.800285
26635, 103, 20.515644
26636, 107, 39.284233
26637, 108, 99.52901
26638, 109, 70.15948
26639, 118, 31.342962
26640, 114, 104.56965
26641, 112, 132.29948
26642, 116, 143.07458
26643, 103, 126.32866
26644, 110, 108.60908
26645, 114, 95.84465
26646, 103, 43.755287
26647, 103, 81.48266
26648, 103, 84.949585
26649, 102, 24.901968
26650, 105, 129.62503
26651, 104, 90.13661
26652, 102, 64.2809
26653, 114, 51.153866
26654, 100, 97.49957
26655, 115, 107.297516
26656, 101, 40.667473
26657, 104, 42.927433
26658, 119, 91.54217
26659, 111, 140.09796
26660, 101, 138.53033
26661, 103, 80.16929
26662, 116, 61.455345
26663, 109, 44.88328
26664, 118, 38.058178
26665, 106, 25.249493
26666, 104, 147.96451
26667, 114, 141.95604
26668, 102, 145.30437
26669, 116, 71.65442
26670, 105, 84.229355
26671, 114, 90.90032
26672, 113, 146.03882
26673, 108, 59.15697
26674, 113, 5.268583
26675, 113, 136.87227
26676, 109, 146.4672
26677, 117, 4.7600803
26678, 100, 96.623314
26679, 105, 112.133644
26680, 113, 62.8563
26681, 105, 120.877106
26682, 106, 78.001045
26683, 115, 148.68568
26684, 103, 140.279
26685, 110, 88.41073
26686, 107, 82.98116
26687, 112, 108.93616
26688, 119, 102.26794
26689, 112, 74.11246
26690, 118, 19.54523
26691, 105, 98.13186
26692, 106, 116.90624
26693, 115, 103.93547
26694, 102, 131.45854
26695, 100, 72.88584
26696, 108, 82.67897
26697, 102, 17.030409
26698, 115, 92.946205
26699, 107, 38.882607
26700, 114, 33.077717
26701, 113, 78.80943
26702, 107, 36.177788
26703, 104, 91.88595
26704, 105, 54.45115
26705, 103, 52.974262
26706, 103, 127.1385
26707, 115, 43.423023
26708, 114, 69.609
26709, 113, 47.27971
26710, 119, 60.641678
26711, 101, 74.77491
26712, 100, 28.703365
26713, 102, 57.007545
26714, 118, 83.00282
26715, 107, 71.28943
26716, 115, 100.2532
26717, 104, 86.84359
26718, 119, 135.15018
26719, 113, 87.038086
26720, 103, 39.53155
26721, 105, 3.0238688
26722, 111, 85.24677
26723, 106, 145.99101
26724, 113, 131.4944
26725, 106, 45.004444
26726, 110, 99.28937
26727, 116, 48.191097
26728, 108, 83.66776
26729, 102, 18.548717
26730, 110, 99.270386
26731, 110, 103.70286
26732, 106, 13.86466
26733, 115, 17.634014
26734, 104, 99.97495
26735, 113, 20.745813
26736, 108, 118.851685
26737, 102, 142.60832
26738, 112, 66.165215
26739, 111, 14.595106
26740, 104, 23.278982
26741, 115, 19.664713
26742, 112, 80.49328
26743, 117, 68.51466
26744, 111, 32.296856
26745, 113, 117.14688
26746, 119, 72.25192
26747, 111, 49.34612
26748, 111, 36.89618
26749, 118, 126.99185
26750, 117, 43.776592
26751, 112, 26.111046
26752, 117, 62.23858
26753, 115, 63.932533
26754, 105, 62.992134
26755, 100, 131.29617
26756, 104, 119.783455
26757, 112, 68.15239
26758, 104, 116.761635
26759, 116, 56.19058
26760, 103, 34.44406
26761, 115, 51.70597
26762, 118, 27.954393
26763, 105, 75.4699
26764, 115, 64.413284
26765, 119, 2.901855
26766, 112, 15.84945
26767, 112, 52.403454
26768, 117, 33.328514
26769, 111, 21.719831
26770, 105, 50.693268
26771, 119, 24.495972
26772, 106, 10.020402
26773, 110, 94.03744
26774, 118, 65.946365
26775, 117, 127.83099
26776, 107, 41.052406
26777, 103, 49.780743
26778, 113, 97.12755
26779, 100, 121.371086
26780, 115, 139.8422
26781, 115, 77.68319
26782, 103, 79.130035
26783, 116, 65.049774
26784, 102, 133.52933
26785, 118, 50.803265
26786, 110, 53.046513
26787, 113, 116.006516
26788, 113, 66.06102
26789, 116, 120.82444
26790, 119, 76.99435
26791, 107, 15.526825
26792, 116, 103.44592
26793, 106, 25.297773
26794, 119, 113.46412
26795, 100, 98.56561
26796, 113, 5.5173306
26797, 103, 139.31534
26798, 104, 45.184715
26799, 107, 108.61992
26800, 104, 26.258888
26801, 112, 62.922318
26802, 102, 90.27293
26803, 106, 110.48364
26804, 119, 84.03083
26805, 119, 32.7453
26806, 103, 103.88286
26807, 100, 125.288345
26808, 108, 86.0642
26809, 111, 3.0745716
26810, 113, 129.87964
26811, 107, 29.119705
26812, 105, 137.42613
26813, 110, 91.39526
26814, 111, 122.98603
26815, 109, 136.88545
26816, 110, 113.86197
26817, 115, 64.64613
26818, 107, 149.93694
26819, 117, 140.28067
26820, 102, 72.34733
26821, 100, 136.339
26822, 115, 83.67932
26823, 116, 32.87841
26824, 118, 8.630329
26825, 119, 83.582115
26826, 114, 11.237034
26827, 116, 45.748848
26828, 109, 98.60322
26829, 119, 105.306465
26830, 106, 95.96908
26831, 118, 70.90872
26832, 115, 65.11245
26833, 107, 96.24769
26834, 109, 51.053337
26835, 103, 33.06916
26836, 110, 120.536644
26837, 100, 26.719835
26838, 103, 70.89199
26839, 101, 139.51195
26840, 118, 47.05267
26841, 118, 69.854355
26842, 110, 137.70724
26843, 107, 139.15143
26844, 119, 82.79409
26845, 111, 135.49928
26846, 109, 63.91308
26847, 118, 108.52122
26848, 101, 133.7937
26849, 105, 77.60788
26850, 112, 12.062913
26851, 108, 50.744766
26852, 104, 58.780228
26853, 110, 141.82597
26854, 109, 49.683426
26855, 106, 33.726284
26856, 109, 6.8618593
26857, 119, 0.28596818
26858, 106, 110.70515
26859, 113, 122.851715
26860, 115, 113.87099
26861, 114, 72.84444
26862, 117, 88.11587
26863, 107, 69.657524
26864, 100, 29.375626
26865, 108, 48.81539
26866, 103, 129.50128
26867, 113, 22.23098
26868, 104, 7.33965
26869, 104, 113.961685
26870, 115, 33.264355
26871, 104, 134.2008
26872, 119, 142.9564
26873, 109, 31.965307
26874, 105, 82.48549
26875, 101, 143.75218
26876, 117, 60.512386
26877, 110, 1.5293866
26878, 117, 1.1619061
26879, 109, 70.16263
26880, 109, 90.80472
26881, 108, 103.24975
26882, 116, 66.41697
26883, 108, 19.786566
26884, 102, 81.285576
26885, 110, 100.57591
26886, 116, 7.418087
26887, 110, 80.429596
26888, 102, 80.8832
26889, 102, 44.044365
26890, 113, 131.44482
26891, 117, 109.469986
26892, 101, 112.117424
26893, 111, 39.61916
26894, 106, 24.826769
26895, 100, 18.36641
26896, 104, 139.2778
26897, 107, 26.407108
26898, 107, 56.632717
26899, 103, 17.107933
26900, 102, 70.49039
26901, 101, 102.0324
26902, 104, 43.98844
26903, 112, 60.55492
26904, 103, 142.13336
26905, 101, 23.951822
26906, 118, 81.22563
26907, 113, 127.14146
26908, 108, 114.15807
26909, 116, 27.818798
26910, 104, 85.08465
26911, 108, 35.972706
26912, 119, 121.82039
26913, 119, 64.990906
26914, 119, 47.584015
26915, 114, 86.25029
26916, 107, 81.267105
26917, 118, 74.69558
26918, 116, 114.16403
26919, 112, 77.7572
26920, 111, 148.5325
26921, 115, 82.33879
26922, 116, 3.3538342
26923, 116, 47.553474
26924, 105, 97.71068
26925, 106, 130.41736
26926, 102, 52.253376
26927, 117, 141.77814
26928, 113, 35.41266
26929, 109, 8.250591
26930, 112, 72.01248
26931, 115, 39.760555
26932, 105, 0.123131275
26933, 102, 4.76
26934, 104, 148.11006
26935, 100, 72.77999
26936, 101, 65.287094
26937, 116, 63.97232
26938, 107, 40.32047
26939, 119, 59.46097
26940, 108, 42.994514
26941, 108, 12.693966
26942, 112, 77.17707
26943, 118, 105.666954
26944, 102, 58.310795
26945, 105, 114.165695
26946, 107, 66.21068
26947, 112, 58.101933
26948, 113, 30.470253
26949, 109, 21.253422
26950, 108, 105.37475
26951, 114, 96.45143
26952, 104, 24.924187
26953, 108, 8.4380865
26954, 113, 88.7025
26955, 100, 51.479443
26956, 102, 15.022882
26957, 103, 65.08647
26958, 109, 53.567078
26959, 100, 87.31401
26960, 112, 35.949524
26961, 110, 64.19482
26962, 110, 18.76021
26963, 101, 14.328951
26964, 108, 32.641884
26965, 115, 19.254095
26966, 104, 11.193278
26967, 103, 135.31648
26968, 102, 133.30342
26969, 115, 127.30963
26970, 117, 79.25898
26971, 118, 77.65046
26972, 113, 132.21477
26973, 112, 88.8148
26974, 104, 97.79996
26975, 108, 29.275757
26976, 119, 114.195786
26977, 114, 144.73819
26978, 102, 79.448906
26979, 108, 59.31085
26980, 109, 4.5485168
26981, 114, 94.34863
26982, 119, 50.446762
26983, 107, 59.64421
26984, 114, 78.32887
26985, 101, 25.078941
26986, 119, 91.94903
26987, 118, 101.308624
26988, 107, 131.88669
26989, 101, 87.06773
26990, 100, 87.353386
26991, 117, 33.744595
26992, 103, 104.27347
26993, 111, 50.659733
26994, 107, 11.890563
26995, 119, 119.75365
26996, 111, 148.34802
26997, 100, 48.679493
26998, 106, 116.92004
26999, 110, 85.64049
27000, 118, 51.567112
27001, 107, 128.7908
27002, 115, 87.34558
27003, 112, 142.90161
27004, 119, 89.60174
27005, 112, 69.51112
27006, 106, 71.7272
27007, 106, 85.30047
27008, 103, 132.52866
27009, 106, 103.302124
27010, 113, 78.167015
27011, 108, 66.30867
27012, 103, 40.454006
27013, 100, 12.5041275
27014, 117, 82.3248
27015, 116, 139.09021
27016, 119, 22.029877
27017, 105, 107.945045
27018, 117, 122.55084
27019, 115, 40.815853
27020, 113, 138.59842
27021, 118, 93.46436
27022, 105, 118.52315
27023, 111, 83.18625
27024, 105, 132.42236
27025, 105, 105.05711
27026, 114, 29.674458
27027, 114, 50.62557
27028, 119, 6.1211405
27029, 105, 50.703274
27030, 102, 139.41966
27031, 111, 72.81735
27032, 119, 111.62527
27033, 103, 20.85051
27034, 111, 17.156061
27035, 106, 132.52324
27036, 118, 20.833387
27037, 102, 95.10945
27038, 107, 17.969826
27039, 115, 85.50744
27040, 110, 147.51532
27041, 116, 105.98762
27042, 101, 15.516257
27043, 104, 50.010975
27044, 111, 92.54253
27045, 101, 87.18427
27046, 106, 89.440414
27047, 107, 15.5372505
27048, 108, 41.777435
27049, 109, 129.65808
27050, 105, 7.3801336
27051, 104, 43.576866
27052, 105, 128.98622
27053, 119, 42.683388
27054, 103, 119.497314
27055, 103, 77.59494
27056, 104, 85.54423
27057, 119, 32.140007
27058, 112, 103.26908
27059, 100, 22.73958
27060, 118, 88.18779
27061, 109, 9.689006
27062, 113, 29.205402
27063, 114, 79.07008
27064, 106, 113.07912
27065, 108, 143.74542
27066, 110, 7.3160024
27067, 117, 109.99166
27068, 101, 140.19403
27069, 102, 129.94135
27070, 116, 4.9829097
27071, 119, 75.16895
27072, 116, 66.19949
27073, 104, 148.49683
27074, 103, 7.0816755
27075, 112, 149.42023
27076, 106, 1.6696483
27077, 113, 104.6377
27078, 114, 24.359348
27079, 100, 113.28847
27080, 119, 53.298016
27081, 119, 91.50879
27082, 111, 112.58203
27083, 101, 90.5812
27084, 111, 148.82776
27085, 119, 63.175247
27086, 100, 95.80166
27087, 103, 135.63927
27088, 117, 121.779045
27089, 118, 53.567932
27090, 107, 38.619446
27091, 102, 74.17301
27092, 112, 42.841045
27093, 114, 118.33721
27094, 115, 43.746944
27095, 103, 91.0237
27096, 107, 26.282564
27097, 111, 71.45741
27098, 116, 29.527151
27099, 113, 26.058233
27100, 115, 36.16516
27101, 112, 19.587502
27102, 115, 61.31841
27103, 117, 80.209595
27104, 107, 118.9047
27105, 112, 97.72246
27106, 118, 25.643724
27107, 102, 60.12708
27108, 100, 106.17396
27109, 113, 64.466705
27110, 106, 13.701251
27111, 102, 107.06596
27112, 111, 142.16194
27113, 100, 71.07858
27114, 118, 1.3600856
27115, 109, 94.05093
27116, 117, 15.131995
27117, 116, 140.39772
27118, 106, 149.25624
27119, 103, 60.388504
27120, 113, 141.18031
27121, 119, 87.99986
27122, 114, 26.613049
27123, 119, 15.178004
27124, 102, 31.91134
27125, 119, 103.34232
27126, 109, 28.1169
27127, 113, 14.73408
27128, 108, 88.72689
27129, 101, 91.43588
27130, 106, 81.402
27131, 117, 101.9636
27132, 104, 24.44728
27133, 103, 11.044979
27134, 107, 92.76953
27135, 117, 92.64881
27136, 110, 17.608694
27137, 115, 66.948814
27138, 101, 65.03294
27139, 119, 46.78368
27140, 119, 122.45849
27141, 114, 18.311691
27142, 117, 98.41269
27143, 115, 85.93451
27144, 108, 90.976906
27145, 119, 85.90857
27146, 114, 25.89132
27147, 101, 7.0527973
27148, 104, 40.65974
27149, 110, 12.284678
27150, 100, 7.7830105
27151, 113, 55.813793
27152, 100, 101.88581
27153, 104, 25.619825
27154, 108, 44.289253
27155, 107, 14.118505
27156, 106, 146.9365
27157, 112, 88.13533
27158, 114, 140.69186
27159, 119, 77.96462
27160, 110, 27.502853
27161, 116, 94.39874
27162, 116, 86.38218
27163, 117, 59.59898
27164, 112, 8.284736
27165, 100, 92.39657
27166, 113, 61.948498
27167, 112, 48.224697
27168, 104, 60.946896
27169, 103, 54.129677
27170, 113, 98.6775
27171, 115, 130.9307
27172, 118, 50.753716
27173, 113, 96.77368
27174, 107, 1.5726417
27175, 118, 69.87098
27176, 113, 18.162363
27177, 114, 119.74312
27178, 110, 60.37823
27179, 119, 88.90993
27180, 107, 106.351074
27181, 113, 149.03986
27182, 119, 141.02733
27183, 114, 111.97826
27184, 108, 116.89406
27185, 101, 21.782864
27186, 112, 44.983166
27187, 103, 15.9602165
27188, 118, 146.50879
27189, 117, 35.033325
27190, 114, 14.072066
27191, 118, 58.710953
27192, 113, 103.65617
27193, 100, 52.845303
27194, 104, 108.628914
27195, 105, 42.29403
27196, 108, 106.32773
27197, 107, 144.40828
27198, 115, 68.14614
27199, 111, 43.828316
27200, 109, 3.1140447
27201, 117, 73.406265
27202, 115, 23.37334
27203, 111, 11.455027
27204, 110, 141.35857
27205, 105, 113.30703
27206, 103, 1.5478045
27207, 117, 113.38071
27208, 104, 19.349823
27209, 112, 21.73141
27210, 109, 91.99517
27211, 116, 113.92561
27212, 104, 103.288025
27213, 113, 15.721437
27214, 117, 42.303898
27215, 102, 95.80248
27216, 109, 52.324463
27217, 115, 16.46205
27218, 105, 60.8845
27219, 116, 22.09382
27220, 117, 73.6798
27221, 111, 107.25422
27222, 100, 20.640108
27223, 108, 122.08399
27224, 100, 114.230095
27225, 106, 8.840927
27226, 103, 118.07391
27227, 119, 46.028675
27228, 117, 50.275066
27229, 108, 67.448654
27230, 119, 83.821
27231, 119, 103.11247
27232, 109, 66.63422
27233, 101, 94.1573
27234, 101, 16.573566
27235, 112, 11.885834
27236, 114, 149.09105
27237, 107, 83.44256
27238, 112, 99.550125
27239, 109, 99.21862
27240, 103, 28.092983
27241, 104, 72.00956
27242, 110, 4.568964
27243, 118, 51.0121
27244, 115, 29.814604
27245, 110, 55.815437
27246, 108, 86.415375
27247, 105, 89.677536
27248, 112, 85.52669
27249, 108, 112.53141
27250, 106, 94.735374
27251, 106, 92.09227
27252, 119, 38.931664
27253, 107, 51.339752
27254, 113, 146.99406
27255, 101, 40.17425
27256, 117, 78.58375
27257, 110, 142.38431
27258, 115, 30.962626
27259, 103, 53.244495
27260, 102, 72.04632
27261, 104, 33.834995
27262, 107, 72.36082
27263, 112, 99.23935
27264, 103, 146.00627
27265, 106, 100.70417
27266, 105, 94.564186
27267, 105, 126.409424
27268, 102, 18.353077
27269, 101, 112.22794
27270, 114, 49.321373
27271, 110, 40.945225
27272, 109, 124.14972
27273, 113, 109.39984
27274, 113, 17.020601
27275, 118, 67.00026
27276, 101, 71.18796
27277, 106, 91.507164
27278, 105, 60.474354
27279, 102, 37.261192
27280, 102, 55.453445
27281, 102, 86.8789
27282, 107, 19.820086
27283, 105, 136.67696
27284, 119, 9.16568
27285, 119, 124.31893
27286, 108, 148.89499
27287, 118, 4.885581
27288, 119, 52.49808
27289, 106, 111.99281
27290, 107, 77.97973
27291, 103, 125.10322
27292, 114, 91.34424
27293, 114, 106.780396
27294, 111, 129.35895
27295, 115, 95.27936
27296, 119, 64.723114
27297, 119, 13.031164
27298, 118, 86.05733
27299, 115, 95.06527
27300, 113, 38.589012
27301, 116, 31.474712
27302, 100, 1.0342866
27303, 101, 145.83546
27304, 103, 125.27468
27305, 106, 34.85543
27306, 113, 97.28082
27307, 107, 31.400658
27308, 115, 120.68936
27309, 112, 5.235824
27310, 116, 52.643116
27311, 112, 96.88054
27312, 113, 98.85011
27313, 107, 131.79128
27314, 111, 105.65774
27315, 104, 116.97975
27316, 119, 128.44728
27317, 119, 124.50152
27318, 105, 84.454796
27319, 109, 44.86143
27320, 103, 120.28649
27321, 113, 130.5051
27322, 109, 84.77674
27323, 102, 8.565018
27324, 104, 50.697773
27325, 114, 67.5514
27326, 101, 42.03323
27327, 116, 57.481876
27328, 103, 113.60706
27329, 116, 127.88841
27330, 116, 14.4191
27331, 106, 65.16289
27332, 100, 40.3931
27333, 117, 127.17613
27334, 107, 84.31803
27335, 118, 132.9125
27336, 111, 106.974525
27337, 102, 130.06023
27338, 119, 71.1252
27339, 108, 90.13958
27340, 101, 39.836536
27341, 105, 63.780285
27342, 111, 88.71206
27343, 112, 26.620129
27344, 103, 82.86336
27345, 119, 70.3039
27346, 113, 82.279625
27347, 100, 8.552125
27348, 109, 58.718903
27349, 105, 128.30894
27350, 107, 15.314859
27351, 108, 32.60115
27352, 111, 75.89228
27353, 119, 31.361835
27354, 108, 52.263657
27355, 103, 134.49716
27356, 113, 133.9229
27357, 112, 119.34251
27358, 116, 28.67917
27359, 117, 72.88197
27360, 115, 48.497997
27361, 103, 9.859506
27362, 118, 62.50781
27363, 116, 132.0139
27364, 115, 142.48232
27365, 118, 9.208354
27366, 117, 47.470657
27367, 105, 9.934223
27368, 112, 133.22812
27369, 113, 26.66806
27370, 108, 100.794945
27371, 117, 52.713615
27372, 112, 60.18429
27373, 113, 105.8684
27374, 103, 74.689674
27375, 105, 73.85716
27376, 108, 50.69273
27377, 102, 147.40602
27378, 112, 117.62349
27379, 117, 97.54493
27380, 111, 15.499941
27381, 100, 28.694683
27382, 118, 22.11426
27383, 105, 100.68259
27384, 119, 60.77015
27385, 119, 127.84509
27386, 118, 111.70125
27387, 114, 15.902737
27388, 112, 145.4185
27389, 110, 121.05262
27390, 109, 147.15773
27391, 100, 144.23782
27392, 113, 87.72841
27393, 113, 131.7231
27394, 107, 129.10152
27395, 106, 146.07806
27396, 100, 111.714
27397, 118, 92.312485
27398, 108, 84.551674
27399, 109, 22.328121
27400, 108, 28.401169
27401, 119, 7.0664673
27402, 114, 2.672696
27403, 119, 69.25338
27404, 101, 28.01999
27405, 112, 23.58579
27406, 114, 97.669685
27407, 106, 96.38874
27408, 114, 106.328514
27409, 102, 54.21954
27410, 114, 77.89671
27411, 101, 23.603197
27412, 113, 103.634895
27413, 112, 41.90466
27414, 106, 52.28381
27415, 115, 8.8097515
27416, 105, 69.18993
27417, 113, 149.27751
27418, 117, 22.849953
27419, 114, 10.694254
27420, 115, 2.6386678
27421, 107, 87.24433
27422, 112, 56.408535
27423, 117, 97.0766
27424, 107, 57.09995
27425, 110, 122.15092
27426, 111, 134.82642
27427, 100, 41.194073
27428, 109, 63.08386
27429, 112, 17.277245
27430, 119, 113.681854
27431, 109, 37.07893
27432, 118, 126.49592
27433, 117, 127.70469
27434, 115, 91.61722
27435, 112, 64.65688
27436, 109, 14.784273
27437, 101, 134.8189
27438, 119, 11.074233
27439, 105, 91.859276
27440, 110, 49.317554
27441, 106, 69.25663
27442, 115, 68.75576
27443, 119, 105.28935
27444, 118, 91.87056
27445, 100, 18.756393
27446, 116, 135.55086
27447, 115, 44.270424
27448, 103, 64.97659
27449, 103, 58.926575
27450, 113, 130.26134
27451, 117, 53.40162
27452, 103, 69.38373
27453, 108, 80.58382
27454, 106, 0.7756412
27455, 115, 27.427393
27456, 115, 37.342
27457, 103, 123.40629
27458, 105, 127.967514
27459, 100, 27.955458
27460, 100, 105.92871
27461, 106, 56.598793
27462, 102, 114.69442
27463, 111, 136.76405
27464, 108, 126.95815
27465, 100, 122.80397
27466, 118, 109.675095
27467, 110, 130.11252
27468, 116, 54.60384
27469, 109, 117.179184
27470, 101, 102.65383
27471, 113, 67.5107
27472, 106, 121.597885
27473, 110, 65.46056
27474, 119, 117.24487
27475, 107, 34.43791
27476, 116, 17.447626
27477, 107, 52.01286
27478, 116, 52.520496
27479, 107, 138.82617
27480, 102, 66.955185
27481, 110, 42.577618
27482, 104, 84.59742
27483, 105, 116.473495
27484, 108, 142.83664
27485, 105, 18.979704
27486, 104, 64.396225
27487, 115, 45.7123
27488, 101, 115.47259
27489, 114, 47.307953
27490, 107, 63.891586
27491, 112, 59.666016
27492, 107, 21.14903
27493, 118, 29.841427
27494, 103, 131.58661
27495, 100, 103.59603
27496, 109, 121.24011
27497, 110, 115.03312
27498, 116, 3.8609862
27499, 102, 138.37718
27500, 112, 7.080942
27501, 100, 88.76522
27502, 112, 26.6126
27503, 113, 107.665924
27504, 113, 138.39645
27505, 108, 149.97624
27506, 115, 47.85186
27507, 112, 86.43956
27508, 109, 127.256096
27509, 117, 0.37885308
27510, 107, 39.601315
27511, 103, 1.2874603
27512, 119, 146.59839
27513, 100, 98.1465
27514, 101, 74.25297
27515, 119, 63.36607
27516, 101, 112.50181
27517, 112, 107.359146
27518, 109, 80.00603
27519, 118, 15.023464
27520, 103, 142.01033
27521, 117, 11.810946
27522, 116, 11.845806
27523, 107, 30.327003
27524, 117, 135.32182
27525, 106, 13.51347
27526, 104, 79.90542
27527, 104, 129.65181
27528, 111, 71.8331
27529, 107, 128.23381
27530, 106, 29.709864
27531, 103, 113.834435
27532, 111, 131.35391
27533, 118, 22.040865
27534, 104, 11.319217
27535, 114, 41.1266
27536, 111, 29.10854
27537, 107, 57.639565
27538, 113, 83.1513
27539, 101, 92.95064
27540, 108, 38.086296
27541, 112, 1.5668213
27542, 114, 86.38526
27543, 112, 41.70297
27544, 108, 36.516335
27545, 115, 49.317097
27546, 115, 148.47618
27547, 114, 10.856143
27548, 110, 84.44788
27549, 106, 135.88927
27550, 109, 65.969574
27551, 119, 103.269424
27552, 109, 143.64427
27553, 105, 121.08724
27554, 119, 60.0534
27555, 102, 76.70518
27556, 100, 70.438805
27557, 111, 48.651443
27558, 104, 105.213684
27559, 102, 26.157867
27560, 108, 78.86692
27561, 103, 87.48947
27562, 101, 59.14869
27563, 114, 112.3501
27564, 110, 51.721886
27565, 111, 72.88643
27566, 112, 70.57853
27567, 115, 16.842037
27568, 119, 75.71339
27569, 112, 11.91971
27570, 107, 78.53964
27571, 107, 142.11848
27572, 115, 53.767365
27573, 101, 43.553074
27574, 118, 68.206375
27575, 119, 138.06972
27576, 105, 99.15279
27577, 103, 39.589207
27578, 108, 101.06303
27579, 110, 126.47521
27580, 116, 28.63858
27581, 105, 57.27593
27582, 107, 132.21727
27583, 113, 59.855595
27584, 114, 78.65577
27585, 119, 52.2078
27586, 113, 117.77198
27587, 111, 49.258144
27588, 104, 90.735634
27589, 109, 30.081903
27590, 105, 145.7188
27591, 116, 78.85613
