43552, 106, 47.112225
43553, 106, 82.60429
43554, 100, 107.033676
43555, 105, 53.83028
43556, 106, 85.16288
43557, 118, 96.87424
43558, 112, 135.76372
43559, 115, 30.131828
43560, 102, 61.219383
43561, 116, 26.003489
43562, 113, 49.481712
43563, 100, 125.78991
43564, 111, 37.919113
43565, 117, 55.783592
43566, 118, 16.55252
43567, 115, 83.872406
43568, 104, 83.49547
43569, 107, 67.77202
43570, 115, 2.261004
43571, 106, 133.953
43572, 102, 70.013824
43573, 106, 61.730736
43574, 105, 108.61036
43575, 104, 70.65105
43576, 101, 50.1064
43577, 104, 9.896511
43578, 111, 59.890305
43579, 115, 52.67062
43580, 104, 17.953098
43581, 101, 3.5520406
43582, 117, 7.8929005
43583, 109, 111.38238
43584, 107, 94.17198
43585, 117, 48.899693
43586, 102, 34.15844
43587, 114, 118.01022
43588, 110, 2.367425
43589, 111, 117.21847
43590, 107, 95.51276
43591, 102, 89.98213
43592, 113, 121.11376
43593, 105, 44.97991
43594, 116, 48.872467
43595, 107, 20.63528
43596, 103, 57.899673
43597, 117, 48.642887
43598, 111, 68.26045
43599, 106, 38.84402
43600, 105, 25.342289
43601, 105, 100.823395
43602, 113, 92.17993
43603, 102, 66.27059
43604, 112, 35.566772
43605, 106, 13.678962
43606, 118, 129.60306
43607, 112, 122.258606
43608, 110, 109.37155
43609, 112, 116.33612
43610, 104, 141.00008
43611, 104, 78.579926
43612, 104, 47.31448
43613, 102, 122.57194
43614, 116, 44.360367
43615, 110, 57.466213
43616, 105, 85.47077
43617, 112, 45.80092
43618, 107, 71.40826
43619, 102, 3.9126186
43620, 108, 72.22596
43621, 113, 145.05045
43622, 104, 10.216892
43623, 113, 56.48927
43624, 107, 103.27316
43625, 115, 26.604912
43626, 112, 61.167427
43627, 103, 148.83449
43628, 118, 101.22273
43629, 109, 40.416355
43630, 112, 128.98654
43631, 118, 49.90829
43632, 119, 0.27626753
43633, 110, 140.43312
43634, 117, 73.7012
43635, 116, 28.252253
43636, 116, 78.13431
43637, 107, 51.37184
43638, 102, 54.648067
43639, 103, 83.86989
43640, 119, 129.4522
43641, 113, 9.45197
43642, 103, 138.26906
43643, 100, 45.203365
43644, 108, 35.11541
43645, 111, 55.011105
43646, 113, 51.169388
43647, 101, 147.77336
43648, 102, 79.37791
43649, 112, 22.882275
43650, 109, 4.748315
43651, 107, 101.34001
43652, 108, 14.285535
43653, 103, 69.31904
43654, 114, 28.759861
43655, 114, 79.982346
43656, 112, 104.026184
43657, 112, 101.42746
43658, 111, 149.97318
43659, 100, 71.65062
43660, 118, 142.08325
43661, 108, 39.096252
43662, 112, 136.65334
43663, 106, 46.145966
43664, 109, 108.1098
43665, 104, 80.970024
43666, 112, 43.75604
43667, 103, 60.649708
43668, 107, 122.53001
43669, 102, 113.089005
43670, 110, 104.907005
43671, 100, 69.65156
43672, 103, 85.53699
43673, 106, 2.537754
43674, 117, 62.611977
43675, 105, 43.572227
43676, 106, 112.472115
43677, 113, 57.884968
43678, 100, 106.80393
43679, 115, 18.54922
43680, 112, 16.611984
43681, 104, 55.771263
43682, 101, 145.64418
43683, 119, 134.72919
43684, 114, 139.02185
43685, 107, 40.34359
43686, 104, 131.02103
43687, 114, 64.92535
43688, 108, 127.31258
43689, 101, 138.29823
43690, 108, 125.93092
43691, 117, 127.713165
43692, 115, 106.284615
43693, 101, 27.942932
43694, 113, 44.40161
43695, 107, 114.038826
43696, 119, 86.33692
43697, 107, 19.972113
43698, 114, 113.54341
43699, 109, 105.358246
43700, 105, 139.94588
43701, 100, 70.98104
43702, 110, 23.312723
43703, 118, 136.30547
43704, 118, 15.483302
43705, 104, 55.101128
43706, 111, 23.583841
43707, 119, 42.245964
43708, 107, 85.89027
43709, 104, 52.956104
43710, 106, 80.96956
43711, 101, 69.78309
43712, 100, 7.2301893
43713, 110, 24.240643
43714, 110, 88.32316
43715, 104, 121.03698
43716, 107, 57.09959
43717, 103, 2.1175146
43718, 103, 79.22787
43719, 114, 20.02912
43720, 113, 53.825943
43721, 108, 82.18449
43722, 107, 121.10244
43723, 107, 127.89259
43724, 112, 72.299576
43725, 109, 123.84108
43726, 117, 51.20176
43727, 106, 22.02023
43728, 113, 127.10811
43729, 118, 138.47427
43730, 115, 148.59288
43731, 101, 2.442196
43732, 103, 126.36074
43733, 107, 43.731754
43734, 112, 124.30448
43735, 106, 45.11522
43736, 111, 60.370293
43737, 119, 36.286156
43738, 113, 132.9893
43739, 118, 62.942818
43740, 104, 112.55931
43741, 114, 93.60008
43742, 107, 50.042564
43743, 118, 0.6563902
43744, 103, 61.848995
43745, 105, 137.62106
43746, 110, 108.29781
43747, 112, 72.88507
43748, 119, 123.45528
43749, 109, 145.85457
43750, 116, 116.17232
43751, 110, 76.33979
43752, 117, 100.09722
43753, 111, 88.32238
43754, 104, 119.340675
43755, 103, 108.51193
43756, 103, 119.445404
43757, 101, 75.30566
43758, 114, 1.6430497
43759, 110, 123.54201
43760, 112, 147.24757
43761, 109, 125.964775
43762, 108, 122.990814
43763, 104, 39.862614
43764, 110, 65.96183
43765, 116, 118.66854
43766, 102, 20.31785
43767, 111, 60.45128
43768, 104, 110.4684
43769, 113, 65.43679
43770, 115, 109.43778
43771, 105, 140.79831
43772, 105, 95.988976
43773, 109, 71.035934
43774, 101, 70.69476
43775, 118, 41.191013
43776, 103, 82.972046
43777, 107, 25.466967
43778, 102, 62.096153
43779, 112, 99.5508
43780, 102, 63.78767
43781, 105, 141.45094
43782, 106, 65.07205
43783, 104, 119.44102
43784, 104, 10.779583
43785, 118, 21.457628
43786, 109, 138.61002
43787, 119, 15.620443
43788, 104, 50.660545
43789, 103, 119.03058
43790, 116, 47.86031
43791, 112, 107.75835
43792, 103, 134.24478
43793, 113, 49.353184
43794, 118, 112.19428
43795, 112, 97.19987
43796, 114, 120.58984
43797, 110, 67.59083
43798, 114, 64.68098
43799, 112, 5.9764624
43800, 111, 14.992976
43801, 118, 82.199104
43802, 103, 36.09014
43803, 100, 53.601864
43804, 114, 146.93669
43805, 119, 12.86442
43806, 114, 65.29661
43807, 109, 40.3349
43808, 110, 53.036587
43809, 113, 58.04124
43810, 117, 90.421936
43811, 119, 41.43785
43812, 106, 85.32908
43813, 109, 11.916224
43814, 118, 22.08091
43815, 102, 54.4488
43816, 111, 87.6894
43817, 117, 47.551685
43818, 117, 116.67815
43819, 107, 73.201775
43820, 112, 31.64919
43821, 115, 135.85828
43822, 111, 52.59263
43823, 116, 4.945502
43824, 100, 73.6704
43825, 118, 10.075897
43826, 117, 6.1214266
43827, 104, 37.70566
43828, 115, 45.11875
43829, 104, 29.211088
43830, 114, 5.696601
43831, 117, 131.30731
43832, 114, 2.8220506
43833, 112, 137.26134
43834, 116, 120.9935
43835, 105, 141.47058
43836, 107, 97.483154
43837, 104, 94.25451
43838, 112, 143.57272
43839, 110, 18.748972
43840, 118, 130.35583
43841, 112, 34.06182
43842, 104, 32.23478
43843, 115, 95.38634
43844, 117, 2.3600578
43845, 105, 15.226105
43846, 116, 106.69898
43847, 116, 110.7782
43848, 117, 109.47713
43849, 113, 47.506382
43850, 110, 24.20353
43851, 105, 31.719563
43852, 103, 24.354744
43853, 115, 127.979034
43854, 119, 24.232365
43855, 117, 19.807444
43856, 101, 16.4757
43857, 104, 44.29811
43858, 113, 123.52784
43859, 105, 4.5739264
43860, 115, 32.14372
43861, 112, 101.52441
43862, 105, 3.4244835
43863, 106, 143.09782
43864, 105, 68.96213
43865, 104, 15.019637
43866, 105, 41.89463
43867, 100, 49.08753
43868, 107, 136.33705
43869, 115, 10.365433
43870, 118, 93.21027
43871, 114, 105.46616
43872, 104, 60.22497
43873, 111, 84.42738
43874, 103, 8.672905
43875, 118, 68.497635
43876, 118, 32.136986
43877, 100, 149.73741
43878, 100, 131.36015
43879, 118, 99.59996
43880, 100, 15.153515
43881, 119, 99.99079
43882, 106, 71.53693
43883, 110, 64.1769
43884, 102, 31.78003
43885, 102, 112.71468
43886, 101, 25.417507
43887, 102, 85.00988
43888, 105, 74.27225
43889, 105, 56.166313
43890, 113, 45.429413
43891, 106, 43.890255
43892, 107, 115.434265
43893, 116, 55.28057
43894, 106, 30.184856
43895, 100, 64.30752
43896, 110, 66.47201
43897, 108, 117.838974
43898, 112, 124.02564
43899, 105, 0.14311373
43900, 109, 39.293663
43901, 106, 34.906116
43902, 109, 3.2939851
43903, 108, 16.395065
43904, 118, 135.91109
43905, 101, 92.14745
43906, 103, 129.28894
43907, 115, 114.25059
43908, 106, 81.30955
43909, 119, 5.361459
43910, 116, 13.6729
43911, 101, 84.065155
43912, 119, 56.473125
43913, 115, 131.37791
43914, 106, 60.056564
43915, 119, 4.7378006
43916, 109, 114.531364
43917, 112, 52.833073
43918, 104, 85.07087
43919, 117, 109.37268
43920, 119, 133.50938
43921, 112, 0.2679795
43922, 112, 66.227234
43923, 110, 67.63096
43924, 115, 16.394878
43925, 106, 55.13132
43926, 115, 29.024506
43927, 105, 89.3203
43928, 103, 31.001
43929, 119, 2.0350635
43930, 101, 7.613647
43931, 101, 136.17947
43932, 105, 25.302528
43933, 106, 28.783428
43934, 104, 30.162693
43935, 116, 112.85277
43936, 119, 10.235676
43937, 105, 54.500126
43938, 107, 125.94687
43939, 101, 120.72642
43940, 103, 40.76102
43941, 101, 3.95886
43942, 111, 12.243819
43943, 111, 91.78245
43944, 118, 43.62048
43945, 110, 27.683437
43946, 102, 21.798393
43947, 109, 77.93073
43948, 106, 129.46704
43949, 110, 105.09571
43950, 115, 34.830128
43951, 119, 19.923216
43952, 101, 74.1177
43953, 117, 66.94001
43954, 110, 30.447212
43955, 105, 19.015717
43956, 103, 106.336876
43957, 108, 120.74455
43958, 109, 39.915894
43959, 103, 81.48946
43960, 119, 75.83727
43961, 113, 44.77567
43962, 109, 108.23104
43963, 100, 114.63781
43964, 115, 89.395836
43965, 110, 47.598614
43966, 100, 118.819725
43967, 113, 8.602926
43968, 112, 95.90478
43969, 105, 95.936844
43970, 114, 62.841625
43971, 108, 94.554565
43972, 118, 8.25812
43973, 114, 19.66077
43974, 100, 127.067184
43975, 107, 147.78877
43976, 100, 20.59653
43977, 103, 59.25857
43978, 111, 24.847422
43979, 104, 38.78376
43980, 118, 94.20627
43981, 113, 46.49764
43982, 114, 125.31129
43983, 114, 96.55634
43984, 108, 11.486569
43985, 112, 39.029736
43986, 112, 10.678572
43987, 109, 110.61107
43988, 111, 80.62434
43989, 108, 35.62307
43990, 116, 114.889336
43991, 100, 8.670598
43992, 116, 43.996067
43993, 118, 43.040737
43994, 114, 84.992096
43995, 119, 127.014084
43996, 107, 122.681564
43997, 116, 148.01895
43998, 108, 124.61919
43999, 106, 36.01722
44000, 114, 41.902157
44001, 102, 58.954372
44002, 115, 46.62029
44003, 111, 1.2652874
44004, 111, 138.57462
44005, 100, 3.5480351
44006, 112, 122.000946
44007, 108, 103.436424
44008, 101, 135.7665
44009, 102, 91.20311
44010, 102, 139.58525
44011, 106, 45.548317
44012, 112, 61.460182
44013, 107, 58.58902
44014, 115, 131.39594
44015, 105, 23.314646
44016, 106, 67.16757
44017, 102, 50.86129
44018, 106, 92.06805
44019, 111, 106.327354
44020, 111, 116.999954
44021, 116, 138.91252
44022, 106, 54.49393
44023, 105, 36.385883
44024, 111, 5.968711
44025, 100, 147.86809
44026, 115, 26.125288
44027, 101, 17.564133
44028, 105, 62.20498
44029, 103, 31.101984
44030, 111, 58.58655
44031, 115, 26.606396
44032, 109, 55.464043
44033, 111, 11.397439
44034, 110, 93.734116
44035, 107, 141.19244
44036, 110, 27.216885
44037, 107, 125.19045
44038, 119, 95.615585
44039, 101, 47.140537
44040, 114, 131.0914
44041, 115, 53.89984
44042, 114, 25.069597
44043, 101, 15.660855
44044, 102, 31.501856
44045, 112, 110.6468
44046, 112, 35.432446
44047, 107, 31.792196
44048, 116, 18.305414
44049, 118, 103.06448
44050, 105, 126.21433
44051, 118, 101.362724
44052, 111, 116.22425
44053, 111, 80.89723
44054, 102, 75.56241
44055, 105, 146.80983
44056, 101, 111.05195
44057, 103, 76.78121
44058, 104, 109.87505
44059, 106, 72.23246
44060, 119, 98.397705
44061, 119, 93.700424
44062, 112, 25.813766
44063, 107, 25.395308
44064, 109, 89.630165
44065, 110, 42.174194
44066, 113, 47.088818
44067, 113, 39.566605
44068, 117, 0.51011145
44069, 107, 105.60819
44070, 104, 73.68565
44071, 109, 30.361757
44072, 100, 36.687622
44073, 117, 44.023445
44074, 113, 6.629366
44075, 111, 130.3377
44076, 106, 8.152476
44077, 115, 45.31938
44078, 106, 98.174965
44079, 113, 51.933228
44080, 102, 92.02029
44081, 117, 76.32943
44082, 107, 114.47554
44083, 108, 55.373688
44084, 101, 64.6276
44085, 109, 61.69736
44086, 110, 131.6954
44087, 110, 45.31442
44088, 113, 20.722103
44089, 107, 92.946106
44090, 110, 104.12328
44091, 102, 9.326506
44092, 115, 141.51048
44093, 112, 0.4989177
44094, 117, 3.874013
44095, 105, 34.63754
44096, 113, 120.10276
44097, 107, 62.817677
44098, 113, 29.130775
44099, 100, 78.77744
44100, 108, 30.103943
44101, 107, 20.451576
44102, 111, 114.94434
44103, 103, 34.24319
44104, 116, 51.02552
44105, 118, 79.89574
44106, 108, 74.30806
44107, 117, 112.54693
44108, 116, 142.98424
44109, 113, 47.45602
44110, 114, 133.14233
44111, 105, 48.931244
44112, 104, 56.11725
44113, 112, 80.34496
44114, 115, 46.721596
44115, 108, 18.504166
44116, 114, 8.708847
44117, 106, 32.568893
44118, 109, 136.55061
44119, 107, 49.0347
44120, 109, 2.482438
44121, 114, 7.10316
44122, 100, 6.627202
44123, 109, 57.599823
44124, 112, 131.41113
44125, 111, 60.95458
44126, 114, 75.25978
44127, 101, 133.64975
44128, 112, 97.72991
44129, 115, 15.398821
44130, 113, 126.3057
44131, 101, 16.644653
44132, 103, 106.072105
44133, 117, 68.17991
44134, 105, 26.27365
44135, 101, 102.0285
44136, 107, 116.27423
44137, 113, 64.74202
44138, 114, 140.96121
44139, 114, 128.22603
44140, 103, 44.046673
44141, 101, 25.65144
44142, 104, 128.25041
44143, 108, 26.201418
44144, 114, 121.82907
44145, 103, 37.79119
44146, 118, 6.91849
44147, 110, 112.08541
44148, 104, 123.90021
44149, 102, 79.576706
44150, 102, 143.14886
44151, 118, 115.035225
44152, 118, 17.34522
44153, 115, 107.50873
44154, 111, 115.93329
44155, 107, 83.038246
44156, 100, 116.181595
44157, 101, 136.98517
44158, 107, 97.21092
44159, 111, 116.72329
44160, 101, 102.16323
44161, 100, 141.93709
44162, 105, 4.137817
44163, 108, 99.38433
44164, 100, 14.929059
44165, 104, 40.39505
44166, 107, 81.80724
44167, 111, 80.84802
44168, 102, 143.52182
44169, 114, 144.71562
44170, 102, 125.19091
44171, 105, 32.86042
