8614, 100, 112.53192
8615, 108, 96.24823
8616, 112, 41.317116
8617, 113, 147.07094
8618, 102, 105.49039
8619, 113, 134.19582
8620, 113, 93.225655
8621, 103, 58.33599
8622, 106, 9.612581
8623, 108, 3.8588853
8624, 109, 92.31038
8625, 100, 14.204344
8626, 112, 56.452953
8627, 108, 36.17842
8628, 105, 24.242619
8629, 103, 110.37998
8630, 105, 63.643543
8631, 109, 108.89169
8632, 117, 97.55967
8633, 104, 79.75909
8634, 106, 21.57712
8635, 101, 104.153824
8636, 110, 60.383247
8637, 104, 20.91313
8638, 102, 118.462265
8639, 106, 44.056286
8640, 102, 36.906624
8641, 114, 104.17141
8642, 116, 100.83372
8643, 101, 21.613232
8644, 103, 71.88266
8645, 107, 103.7761
8646, 111, 64.1982
8647, 116, 39.062153
8648, 109, 34.601776
8649, 112, 6.598243
8650, 102, 34.578968
8651, 113, 134.91405
8652, 109, 129.74362
8653, 109, 2.9078274
8654, 100, 35.545547
8655, 111, 110.28009
8656, 107, 78.55091
8657, 109, 0.9001136
8658, 101, 118.207695
8659, 103, 105.81633
8660, 112, 125.25009
8661, 118, 11.418647
8662, 114, 58.262676
8663, 109, 91.489655
8664, 116, 144.68977
8665, 102, 51.33089
8666, 101, 34.321983
8667, 109, 105.74883
8668, 103, 126.441124
8669, 118, 124.347015
8670, 109, 2.1033525
8671, 109, 146.50153
8672, 116, 102.67075
8673, 102, 141.20232
8674, 101, 90.99497
8675, 114, 10.079947
8676, 114, 47.21117
8677, 102, 97.4979
8678, 106, 65.33775
8679, 104, 113.548706
8680, 102, 71.00166
8681, 115, 16.348108
8682, 112, 16.217682
8683, 104, 135.23782
8684, 115, 34.871193
8685, 113, 14.08943
8686, 107, 76.0291
8687, 112, 76.84978
8688, 109, 135.56638
8689, 118, 47.829895
8690, 105, 68.36445
8691, 102, 91.5291
8692, 114, 81.8162
8693, 113, 119.760216
8694, 118, 23.699211
8695, 116, 54.973297
8696, 103, 108.860085
8697, 100, 1.8490434
8698, 113, 117.78094
8699, 113, 13.718623
8700, 117, 45.329296
8701, 108, 101.198044
8702, 110, 71.6321
8703, 102, 29.653082
8704, 103, 116.50682
8705, 117, 9.9103155
8706, 101, 30.211794
8707, 100, 40.05003
8708, 109, 121.58203
8709, 110, 13.196505
8710, 100, 34.38472
8711, 106, 36.955734
8712, 119, 50.131775
8713, 119, 59.5113
8714, 110, 3.2754154
8715, 104, 129.61052
8716, 107, 145.47226
8717, 100, 19.667843
8718, 109, 63.752674
8719, 112, 140.2035
8720, 117, 50.57147
8721, 114, 81.223885
8722, 115, 40.183372
8723, 109, 111.9078
8724, 106, 115.14374
8725, 117, 57.166557
8726, 116, 22.64462
8727, 111, 29.809114
8728, 100, 17.13827
8729, 119, 51.350613
8730, 117, 106.71857
8731, 100, 18.158098
8732, 109, 64.43623
8733, 107, 6.9585085
8734, 105, 73.73165
8735, 101, 111.229904
8736, 111, 83.244934
8737, 111, 92.29733
8738, 117, 34.123646
8739, 119, 110.939644
8740, 119, 98.30671
8741, 103, 59.58202
8742, 111, 39.544254
8743, 118, 47.13697
8744, 110, 20.06489
8745, 115, 102.946434
8746, 105, 115.961685
8747, 107, 77.69936
8748, 108, 128.60765
8749, 104, 104.164955
8750, 118, 133.61917
8751, 105, 33.902664
8752, 114, 116.559875
8753, 115, 42.337517
8754, 105, 98.60509
8755, 103, 33.399967
8756, 118, 137.55739
8757, 100, 14.592835
8758, 111, 3.3708124
8759, 118, 135.55292
8760, 114, 3.1739652
8761, 105, 49.90426
8762, 119, 72.18376
8763, 113, 70.49643
8764, 101, 49.283077
8765, 110, 140.86276
8766, 102, 27.250162
8767, 101, 82.02598
8768, 106, 141.76251
8769, 110, 118.04643
8770, 108, 103.84227
8771, 108, 144.64421
8772, 118, 14.532137
8773, 100, 148.83595
8774, 105, 119.81924
8775, 106, 74.94422
8776, 106, 105.43585
8777, 109, 138.89047
8778, 117, 147.95001
8779, 117, 145.58286
8780, 105, 78.226524
8781, 108, 6.720123
8782, 101, 139.22069
8783, 101, 25.268724
8784, 107, 146.95778
8785, 112, 94.22753
8786, 112, 126.38885
8787, 103, 119.00917
8788, 107, 13.106355
8789, 101, 72.94022
8790, 102, 78.977844
8791, 117, 121.86695
8792, 103, 146.07706
8793, 115, 70.853226
8794, 104, 119.46712
8795, 112, 109.08966
8796, 113, 11.983556
8797, 106, 108.01699
8798, 103, 55.52459
8799, 106, 27.260845
8800, 108, 97.88875
8801, 119, 49.429634
8802, 106, 129.07953
8803, 101, 29.206064
8804, 101, 78.46084
8805, 110, 149.25777
8806, 106, 10.816723
8807, 102, 19.744965
8808, 101, 113.87849
8809, 113, 32.848595
8810, 100, 7.456961
8811, 114, 55.891247
8812, 117, 83.44819
8813, 114, 31.787495
8814, 101, 136.09924
8815, 118, 60.981647
8816, 115, 83.86018
8817, 100, 48.893032
8818, 109, 139.10373
8819, 101, 112.204216
8820, 101, 68.414795
8821, 117, 91.63001
8822, 111, 0.46545267
8823, 105, 106.55012
8824, 105, 21.15224
8825, 118, 6.676188
8826, 116, 111.45394
8827, 117, 49.182262
8828, 106, 35.681293
8829, 104, 96.54156
8830, 115, 6.748313
8831, 103, 25.832909
8832, 101, 26.126648
8833, 101, 80.54035
8834, 111, 75.99272
8835, 119, 98.19584
8836, 111, 44.861145
8837, 103, 78.077805
8838, 115, 82.599594
8839, 102, 127.76683
8840, 103, 103.203606
8841, 101, 111.12472
8842, 115, 43.469273
8843, 103, 98.44205
8844, 118, 121.955795
8845, 106, 136.86224
8846, 105, 77.366585
8847, 115, 141.64584
8848, 119, 128.50615
8849, 115, 64.861855
8850, 115, 52.047005
8851, 100, 23.370855
8852, 101, 106.66802
8853, 105, 98.21288
8854, 116, 52.52077
8855, 111, 60.01754
8856, 118, 140.45482
8857, 115, 4.4772506
8858, 105, 53.8351
8859, 102, 22.964197
8860, 103, 17.982843
8861, 117, 140.52948
8862, 102, 15.386197
8863, 105, 115.47461
8864, 118, 32.50291
8865, 117, 57.105553
8866, 112, 63.723045
8867, 109, 10.196945
8868, 106, 58.529137
8869, 110, 23.950947
8870, 119, 112.90587
8871, 105, 146.64568
8872, 106, 23.900047
8873, 111, 5.3024144
8874, 104, 49.603127
8875, 104, 63.13854
8876, 101, 115.07221
8877, 104, 41.588642
8878, 103, 11.78112
8879, 117, 22.133545
8880, 101, 3.8570702
8881, 109, 20.468008
8882, 118, 90.02225
8883, 103, 56.95863
8884, 114, 39.823975
8885, 110, 37.085617
8886, 101, 33.05339
8887, 111, 85.36292
8888, 115, 63.38067
8889, 112, 88.248856
8890, 119, 126.44685
8891, 106, 77.49183
8892, 112, 106.242424
8893, 104, 118.04749
8894, 110, 74.96816
8895, 119, 58.717148
8896, 110, 106.53792
8897, 107, 132.47678
8898, 117, 62.030838
8899, 106, 14.621973
8900, 115, 83.51633
8901, 105, 66.61588
8902, 102, 98.37075
8903, 109, 80.770164
8904, 103, 77.4189
8905, 107, 20.876608
8906, 118, 88.05801
8907, 115, 43.825535
8908, 100, 2.5078921
8909, 115, 13.150397
8910, 102, 69.80782
8911, 107, 142.28174
8912, 109, 71.44604
8913, 107, 11.238644
8914, 116, 51.374577
8915, 104, 88.99108
8916, 117, 25.386366
8917, 106, 52.838203
8918, 106, 105.40998
8919, 106, 147.94684
8920, 119, 91.20867
8921, 111, 100.634384
8922, 113, 31.728844
8923, 118, 124.76527
8924, 118, 12.119373
8925, 108, 144.25258
8926, 103, 31.23191
8927, 113, 42.918125
8928, 103, 70.1352
8929, 107, 137.48705
8930, 102, 110.68886
8931, 113, 17.0131
8932, 109, 92.23572
8933, 108, 90.090225
8934, 103, 139.58325
8935, 117, 113.64426
8936, 101, 32.24116
8937, 119, 36.909286
8938, 109, 103.54761
8939, 104, 57.288998
8940, 101, 90.11183
8941, 101, 45.851513
8942, 103, 13.705265
8943, 118, 36.185825
8944, 107, 54.926044
8945, 112, 71.51038
8946, 112, 89.585556
8947, 118, 0.93762875
8948, 115, 94.43267
8949, 110, 73.698235
8950, 117, 149.7807
8951, 112, 85.89872
8952, 106, 92.869026
8953, 104, 2.1520793
8954, 112, 78.19754
8955, 118, 15.595812
8956, 106, 93.386505
8957, 112, 50.934032
8958, 111, 79.89736
8959, 117, 72.6482
8960, 102, 77.451836
8961, 111, 142.51405
8962, 117, 89.295494
8963, 111, 38.934715
8964, 110, 95.939606
8965, 106, 80.18772
8966, 118, 123.15249
8967, 118, 86.72308
8968, 116, 25.618904
8969, 117, 52.664066
8970, 112, 128.63147
8971, 119, 90.878456
8972, 117, 2.6316583
8973, 103, 0.90081096
8974, 108, 25.586601
8975, 113, 149.70416
8976, 112, 3.1543941
8977, 114, 73.065735
8978, 105, 71.84196
8979, 111, 3.00394
8980, 112, 0.49708486
8981, 114, 109.17948
8982, 118, 142.50214
8983, 109, 14.491099
8984, 106, 135.65292
8985, 109, 54.919544
8986, 116, 82.559326
8987, 108, 80.57712
8988, 104, 25.093756
8989, 104, 16.893812
8990, 115, 60.63947
8991, 107, 67.07684
8992, 107, 68.462395
8993, 110, 146.30151
8994, 100, 68.73557
8995, 116, 69.495804
8996, 109, 99.64218
8997, 115, 121.90495
8998, 117, 110.7042
8999, 105, 19.52583
9000, 104, 35.435333
9001, 100, 39.297527
9002, 111, 44.94488
9003, 101, 85.61561
9004, 100, 19.986132
9005, 116, 105.37652
9006, 113, 87.276344
9007, 102, 84.5038
9008, 105, 78.451904
9009, 117, 91.32373
9010, 100, 70.051315
9011, 112, 103.69125
9012, 119, 59.067123
9013, 111, 104.618225
9014, 117, 115.75696
9015, 110, 107.591225
9016, 112, 147.30904
9017, 103, 59.5351
9018, 118, 112.31854
9019, 103, 24.86937
9020, 105, 118.01136
9021, 115, 33.966896
9022, 111, 120.57952
9023, 116, 7.9500675
9024, 102, 107.10297
9025, 108, 21.914515
9026, 112, 5.669636
9027, 109, 28.046421
9028, 103, 120.004555
9029, 105, 29.321041
9030, 100, 38.5584
9031, 114, 20.487312
9032, 114, 97.97386
9033, 117, 25.032887
9034, 117, 19.583014
9035, 108, 145.01868
9036, 106, 39.303616
9037, 111, 50.128887
9038, 114, 100.2075
9039, 106, 53.75332
9040, 116, 52.721386
9041, 117, 102.66767
9042, 113, 16.710047
9043, 108, 15.699032
9044, 115, 27.79568
9045, 112, 92.23881
9046, 107, 96.15678
9047, 117, 43.66595
9048, 117, 122.21592
9049, 118, 19.588146
9050, 107, 148.97267
9051, 108, 44.37124
9052, 105, 75.04449
9053, 103, 28.70324
9054, 112, 23.5441
9055, 116, 108.80014
9056, 117, 8.214104
9057, 105, 10.926631
9058, 112, 11.098194
9059, 113, 6.7045927
9060, 110, 30.431986
9061, 103, 16.491812
9062, 110, 134.68216
9063, 105, 146.49078
9064, 102, 125.22658
9065, 104, 108.42339
9066, 104, 104.99474
9067, 111, 50.688538
9068, 116, 139.04329
9069, 116, 47.044086
9070, 107, 99.973755
9071, 108, 90.80733
9072, 102, 65.36568
9073, 115, 86.43546
9074, 108, 101.885185
9075, 106, 38.668602
9076, 106, 99.45758
9077, 105, 142.57417
9078, 119, 37.236492
9079, 103, 146.67552
9080, 104, 133.79529
9081, 118, 135.9167
9082, 119, 14.732668
9083, 114, 128.74947
9084, 116, 10.125956
9085, 119, 117.23068
9086, 111, 39.042904
9087, 118, 40.785393
9088, 110, 125.54865
9089, 100, 63.83814
9090, 107, 69.37933
9091, 110, 120.64711
9092, 107, 68.299065
9093, 106, 15.599808
9094, 111, 8.005178
9095, 106, 144.08136
9096, 113, 144.41188
9097, 109, 118.79758
9098, 106, 37.7164
9099, 112, 46.972446
9100, 106, 147.82954
9101, 105, 63.05477
9102, 100, 103.53282
9103, 114, 75.07945
9104, 110, 12.470895
9105, 107, 1.9233316
9106, 115, 133.97058
9107, 112, 126.53824
9108, 103, 84.90245
9109, 112, 79.6484
9110, 116, 32.200302
9111, 117, 48.96865
9112, 119, 64.72512
9113, 106, 51.275898
9114, 109, 91.20467
9115, 115, 31.26946
9116, 114, 104.90174
9117, 113, 30.933657
9118, 103, 25.613308
9119, 116, 14.97589
9120, 118, 12.688234
9121, 116, 15.01953
9122, 118, 126.326096
9123, 112, 38.7097
9124, 109, 5.2324624
9125, 109, 117.8882
9126, 107, 71.201935
9127, 106, 139.47469
9128, 111, 8.131698
9129, 119, 39.744358
9130, 103, 3.3564806
9131, 109, 134.4236
9132, 100, 108.74916
9133, 116, 129.2737
9134, 104, 38.3116
9135, 105, 143.49817
9136, 105, 40.359325
9137, 105, 66.94294
9138, 116, 27.56609
9139, 101, 4.095894
9140, 115, 91.16978
9141, 107, 45.427795
9142, 115, 145.96214
9143, 114, 9.211868
9144, 114, 29.356447
9145, 112, 33.491734
9146, 105, 13.514837
9147, 105, 103.273155
9148, 106, 47.403763
9149, 101, 32.24315
9150, 104, 134.46725
9151, 104, 149.46236
9152, 110, 96.9258
9153, 112, 7.7247353
9154, 119, 64.83103
9155, 101, 65.70506
9156, 118, 113.53227
9157, 105, 86.33638
9158, 105, 92.352356
9159, 101, 13.631728
9160, 103, 95.79995
9161, 113, 21.586481
9162, 111, 116.20509
9163, 111, 62.41241
9164, 100, 69.361725
9165, 105, 28.419373
9166, 106, 86.32793
9167, 116, 101.179085
9168, 113, 23.2464
9169, 115, 59.621555
9170, 107, 4.2556105
9171, 105, 62.326893
9172, 111, 1.7328054
9173, 106, 99.698105
9174, 110, 12.043011
9175, 105, 84.45304
9176, 118, 127.50225
9177, 110, 24.172407
9178, 106, 148.66368
9179, 110, 113.542175
9180, 111, 57.70803
9181, 116, 91.75965
9182, 118, 51.871357
9183, 115, 102.52573
9184, 109, 99.9606
9185, 103, 59.810936
9186, 104, 116.63012
9187, 114, 110.02188
9188, 101, 74.163055
9189, 101, 35.678787
9190, 103, 9.454661
9191, 104, 0.69416463
9192, 111, 148.6244
9193, 118, 34.130592
9194, 106, 134.30249
9195, 105, 64.09678
9196, 119, 139.99306
9197, 107, 99.3964
9198, 118, 52.720497
9199, 109, 143.32446
9200, 117, 30.03477
9201, 112, 136.03336
9202, 106, 37.502575
9203, 110, 143.06363
9204, 113, 113.15559
9205, 110, 97.84341
9206, 116, 114.95964
9207, 118, 68.42754
9208, 116, 132.19818
9209, 111, 84.97496
9210, 115, 140.48842
9211, 105, 6.6721916
9212, 101, 38.95601
9213, 113, 120.63155
9214, 112, 93.49276
9215, 107, 4.986325
9216, 106, 115.992584
9217, 118, 64.809135
9218, 118, 28.167477
9219, 108, 19.543318
9220, 117, 95.9614
9221, 100, 32.569168
9222, 115, 43.03445
9223, 113, 116.40733
9224, 109, 62.316193
9225, 113, 51.705532
9226, 108, 142.60786
9227, 108, 14.857256
9228, 109, 102.878555
9229, 105, 111.642365
9230, 111, 53.57499
9231, 105, 149.05664
9232, 106, 42.44357
9233, 113, 13.908041
9234, 116, 125.71453
9235, 118, 93.29942
9236, 119, 103.4493
9237, 114, 41.43591
9238, 104, 103.56554
9239, 111, 81.530685
9240, 102, 118.10274
9241, 100, 23.30567
9242, 110, 73.43095
9243, 109, 40.9366
9244, 116, 72.04674
9245, 104, 113.4265
9246, 106, 11.135164
9247, 105, 91.16802
9248, 116, 138.92941
9249, 119, 119.81636
9250, 103, 56.912674
9251, 109, 94.67863
9252, 106, 77.4949
9253, 116, 134.95706
9254, 113, 58.661156
9255, 114, 131.40617
9256, 118, 79.95592
9257, 105, 96.968506
9258, 108, 143.08904
9259, 110, 64.47412
9260, 118, 117.95852
9261, 116, 29.782972
9262, 108, 142.1975
9263, 113, 76.59089
9264, 116, 148.27925
9265, 118, 98.644684
9266, 108, 67.87697
9267, 103, 58.38681
9268, 111, 1.5662223
9269, 100, 73.747444
9270, 113, 76.92653
9271, 110, 66.01266
9272, 112, 90.56069
9273, 116, 70.07124
9274, 109, 58.834614
9275, 113, 41.0376
9276, 108, 26.437712
9277, 114, 86.606125
9278, 114, 47.91779
9279, 101, 83.390495
9280, 107, 65.15231
9281, 115, 101.9904
9282, 110, 97.83485
9283, 117, 65.39958
9284, 118, 105.89121
9285, 106, 82.173744
9286, 112, 13.156835
9287, 118, 90.2754
9288, 106, 9.839603
9289, 105, 11.018908
9290, 100, 29.96698
9291, 101, 144.6923
9292, 115, 21.350115
9293, 119, 54.33941
9294, 114, 26.992893
9295, 104, 40.14666
9296, 113, 23.275127
9297, 105, 127.19438
9298, 101, 92.985466
9299, 100, 111.37468
9300, 113, 49.043716
9301, 103, 43.5829
9302, 110, 21.406647
9303, 109, 106.17748
9304, 101, 140.23468
9305, 102, 105.51551
9306, 104, 37.119377
9307, 119, 130.48131
9308, 117, 95.851166
9309, 109, 28.76536
9310, 104, 111.858925
9311, 113, 64.197044
9312, 107, 89.41825
9313, 117, 72.57116
9314, 117, 12.471575
9315, 119, 69.042046
9316, 118, 41.809452
9317, 119, 133.72673
9318, 112, 104.01224
9319, 110, 69.384026
9320, 119, 102.57045
9321, 106, 71.0222
9322, 100, 76.054924
9323, 112, 134.90822
9324, 115, 30.302515
9325, 110, 79.697014
9326, 102, 57.476894
9327, 116, 87.55948
9328, 104, 43.98345
9329, 119, 27.086887
9330, 119, 101.54612
9331, 104, 147.61519
9332, 118, 27.610212
9333, 110, 122.62741
9334, 105, 110.6901
9335, 108, 73.514435
9336, 112, 122.87414
9337, 115, 146.74377
9338, 115, 31.573238
9339, 112, 104.38769
9340, 100, 58.497807
9341, 111, 63.479992
9342, 118, 38.110954
9343, 104, 8.536434
9344, 109, 124.55845
9345, 100, 14.517644
9346, 105, 81.59934
9347, 108, 3.2120705
9348, 111, 56.598045
9349, 106, 87.43758
9350, 110, 10.312575
9351, 102, 140.82925
9352, 103, 62.279533
9353, 114, 142.68294
9354, 103, 82.15041
9355, 100, 103.451355
9356, 103, 115.45117
9357, 106, 5.62208
9358, 104, 119.827736
9359, 109, 84.30795
9360, 105, 146.86998
9361, 116, 75.981186
9362, 119, 95.80071
9363, 109, 11.590648
9364, 106, 57.53323
9365, 111, 71.96966
9366, 102, 61.731148
9367, 105, 67.595215
9368, 111, 148.4137
9369, 111, 27.757296
9370, 100, 4.973486
9371, 110, 3.4582705
9372, 104, 91.58385
9373, 119, 69.71511
9374, 108, 29.328918
9375, 105, 7.720166
9376, 100, 49.298206
9377, 110, 89.973076
9378, 116, 113.979515
9379, 118, 77.014565
9380, 119, 70.9282
9381, 110, 149.11943
9382, 102, 17.208338
9383, 116, 85.44959
9384, 116, 71.25239
9385, 100, 58.314194
9386, 114, 89.61618
9387, 116, 60.189316
9388, 114, 124.39692
9389, 105, 129.05246
9390, 102, 59.980156
9391, 103, 17.408234
9392, 102, 114.15187
9393, 116, 93.07125
9394, 108, 86.92281
9395, 103, 116.108376
9396, 111, 4.233849
9397, 110, 117.45728
9398, 100, 13.967281
9399, 116, 96.86259
9400, 111, 133.2651
9401, 115, 53.67482
9402, 112, 0.8279085
9403, 114, 118.45301
9404, 116, 104.55133
9405, 109, 99.22403
9406, 105, 149.0943
9407, 107, 4.062134
9408, 117, 143.36333
9409, 105, 101.40012
9410, 104, 109.634415
9411, 108, 141.21976
9412, 104, 6.865713
9413, 109, 13.484735
9414, 100, 142.08328
9415, 104, 2.5690913
9416, 102, 121.68771
9417, 108, 117.07545
9418, 114, 107.84677
9419, 118, 29.19774
9420, 103, 101.34515
9421, 109, 52.771336
9422, 111, 103.027565
9423, 102, 69.86559
9424, 102, 83.681755
9425, 110, 10.304663
9426, 114, 111.45333
9427, 104, 108.78914
9428, 113, 136.08218
9429, 101, 113.84404
9430, 118, 73.68996
9431, 102, 0.64644814
9432, 108, 146.19724
9433, 112, 35.26859
9434, 101, 106.10596
9435, 116, 68.13416
9436, 110, 89.02536
9437, 109, 58.972675
9438, 108, 84.43804
9439, 108, 73.55461
9440, 109, 31.848434
9441, 112, 33.270363
9442, 109, 32.005558
9443, 100, 81.72089
9444, 115, 92.24943
9445, 108, 20.58827
9446, 111, 117.85928
9447, 103, 3.5860686
9448, 102, 97.755295
9449, 118, 74.15575
9450, 104, 98.95618
9451, 110, 69.92308
9452, 102, 98.34996
9453, 108, 41.840744
9454, 106, 75.74872
9455, 109, 105.87004
9456, 115, 3.426361
9457, 117, 138.01894
9458, 115, 4.952243
9459, 101, 147.4415
9460, 119, 129.70006
9461, 112, 110.65583
9462, 108, 102.34055
9463, 107, 46.410744
9464, 102, 20.210596
9465, 104, 92.93181
9466, 104, 145.39578
9467, 100, 123.13419
9468, 118, 99.17646
9469, 102, 139.43843
9470, 109, 149.84918
9471, 117, 15.019405
9472, 102, 148.67429
9473, 117, 22.72313
9474, 112, 95.471436
9475, 110, 128.5578
9476, 111, 43.89748
9477, 104, 115.507706
9478, 110, 69.34109
9479, 117, 128.02919
9480, 119, 65.095276
9481, 106, 79.25995
9482, 104, 29.529459
9483, 117, 104.289925
9484, 102, 71.00808
9485, 117, 104.79632
9486, 119, 12.431449
9487, 111, 21.99879
9488, 116, 75.3411
9489, 106, 25.440216
9490, 113, 65.048935
9491, 111, 40.67821
9492, 101, 122.69204
9493, 102, 133.27419
9494, 113, 79.045296
9495, 114, 84.23323
9496, 103, 127.38896
9497, 115, 102.440735
9498, 112, 79.33269
9499, 106, 95.04408
9500, 103, 6.9856076
9501, 102, 143.9293
9502, 108, 133.83203
9503, 119, 57.006214
9504, 113, 58.64549
9505, 114, 11.549055
9506, 106, 121.941605
9507, 110, 68.55019
9508, 104, 12.941095
9509, 108, 76.89599
9510, 118, 145.18422
9511, 105, 65.973694
9512, 118, 139.55627
9513, 114, 36.777805
9514, 100, 82.097435
9515, 102, 139.1053
9516, 117, 96.676895
9517, 115, 83.0327
9518, 102, 77.64929
9519, 102, 52.787144
9520, 110, 54.670177
9521, 119, 109.34015
9522, 118, 39.011818
9523, 109, 4.050976
9524, 117, 114.94086
9525, 112, 12.546095
9526, 101, 138.72745
9527, 114, 147.45137
9528, 110, 40.955803
9529, 113, 91.52111
9530, 108, 87.33235
9531, 112, 135.39325
9532, 112, 101.02411
9533, 114, 144.39847
9534, 115, 105.38257
9535, 103, 41.883232
9536, 101, 21.515099
9537, 110, 3.6172538
9538, 107, 79.12922
9539, 117, 129.42258
9540, 103, 15.973798
9541, 102, 113.30315
9542, 100, 6.746712
9543, 103, 36.13669
9544, 118, 134.12604
9545, 108, 118.58687
9546, 113, 91.47798
9547, 118, 67.43913
9548, 118, 132.64563
9549, 118, 98.21861
9550, 107, 73.45974
9551, 101, 57.86733
9552, 102, 35.721474
9553, 105, 58.92366
9554, 101, 86.62791
9555, 119, 120.07271
9556, 110, 21.4403
9557, 114, 60.545998
9558, 101, 131.1709
9559, 118, 14.214993
9560, 118, 88.947945
9561, 117, 30.115307
9562, 104, 44.43191
9563, 107, 57.192635
9564, 117, 63.617813
9565, 111, 19.908535
9566, 106, 40.759483
9567, 106, 97.280365
9568, 118, 16.515371
9569, 116, 130.49898
9570, 107, 92.89893
9571, 117, 108.18668
9572, 100, 78.93916
9573, 119, 101.6649
9574, 114, 96.807846
9575, 102, 147.60356
9576, 105, 73.10844
9577, 107, 121.159225
9578, 102, 103.12578
9579, 103, 142.5122
9580, 117, 63.568836
9581, 108, 91.70064
9582, 107, 12.097415
9583, 111, 56.24984
9584, 112, 35.17591
9585, 103, 19.909742
9586, 118, 96.47062
9587, 107, 3.9930134
9588, 118, 125.97749
9589, 114, 14.98062
9590, 116, 112.44148
9591, 110, 34.42407
9592, 107, 61.88889
9593, 115, 27.099796
9594, 109, 126.164314
9595, 112, 40.678112
9596, 100, 72.706795
9597, 117, 95.22079
9598, 107, 107.8806
9599, 113, 97.360596
9600, 107, 17.899265
9601, 119, 18.204277
9602, 101, 14.510473
9603, 111, 36.781677
9604, 118, 27.277502
9605, 102, 118.279564
9606, 114, 129.52505
9607, 105, 52.101482
9608, 107, 74.62789
9609, 108, 0.26099682
9610, 104, 125.62881
9611, 114, 94.8194
9612, 119, 55.3908
9613, 119, 103.54869
9614, 104, 93.10705
9615, 109, 87.61086
9616, 108, 124.86286
9617, 111, 7.7788534
9618, 109, 139.0112
9619, 116, 135.20894
9620, 110, 141.74382
9621, 100, 62.25088
9622, 103, 137.0438
9623, 109, 32.603474
9624, 116, 113.138885
9625, 117, 124.1787
9626, 105, 15.807671
9627, 119, 85.00866
9628, 104, 31.077076
9629, 101, 84.923645
9630, 116, 130.20113
9631, 105, 53.20749
9632, 108, 17.39822
9633, 112, 108.22293
9634, 111, 1.667574
9635, 113, 113.30404
9636, 117, 78.152084
9637, 117, 88.864044
9638, 104, 49.137764
9639, 106, 136.63039
9640, 118, 22.736996
9641, 108, 0.662604
9642, 115, 4.689172
9643, 106, 137.72768
9644, 107, 40.108948
9645, 100, 80.83723
9646, 118, 136.4821
9647, 114, 80.47213
9648, 115, 130.09341
9649, 117, 61.11557
9650, 108, 121.1383
9651, 105, 135.65428
9652, 110, 42.044823
9653, 114, 44.69439
9654, 118, 75.507965
9655, 108, 148.39674
9656, 103, 27.22824
9657, 118, 42.293785
9658, 101, 105.535614
9659, 118, 81.020805
9660, 109, 26.61818
9661, 117, 31.559668
9662, 119, 119.037544
9663, 114, 129.76428
9664, 119, 133.69653
9665, 108, 127.47866
9666, 115, 29.839495
9667, 113, 130.05583
9668, 117, 37.700638
9669, 113, 67.35249
9670, 112, 55.77458
9671, 108, 39.135967
9672, 106, 147.24718
9673, 104, 124.72177
9674, 100, 73.48677
9675, 100, 88.609985
9676, 108, 137.99055
9677, 106, 37.217896
9678, 105, 86.372536
9679, 101, 72.13857
9680, 105, 115.579185
9681, 111, 34.605495
9682, 117, 122.113625
9683, 105, 28.178644
9684, 111, 3.5536857
9685, 104, 136.46863
9686, 113, 91.288795
9687, 103, 117.19864
9688, 119, 78.65424
9689, 110, 99.1538
9690, 109, 76.29247
9691, 117, 17.314302
9692, 111, 141.00705
9693, 106, 109.41393
9694, 119, 19.401937
9695, 118, 90.09709
9696, 102, 13.0263
9697, 113, 108.13924
9698, 115, 57.26879
9699, 110, 84.66027
9700, 111, 74.10335
9701, 112, 67.994255
9702, 112, 68.18672
9703, 111, 79.70158
9704, 119, 4.006219
9705, 101, 39.31548
9706, 112, 132.38974
9707, 102, 28.242508
9708, 109, 134.04851
9709, 114, 98.6657
9710, 118, 106.874565
9711, 114, 17.924326
9712, 102, 52.498566
9713, 112, 29.038425
9714, 112, 69.60872
9715, 106, 71.55389
9716, 112, 6.0580015
9717, 103, 14.982757
9718, 110, 98.742424
9719, 113, 93.64657
9720, 113, 33.458145
9721, 114, 66.29694
9722, 116, 75.97254
9723, 117, 58.884304
9724, 101, 54.27222
9725, 116, 46.448887
9726, 109, 120.02674
9727, 102, 142.47054
9728, 104, 85.0087
9729, 114, 66.931
9730, 115, 2.4714231
9731, 110, 46.960133
9732, 111, 88.91224
9733, 107, 101.94501
9734, 107, 103.842026
9735, 109, 86.02324
9736, 106, 16.849548
9737, 110, 64.61255
9738, 119, 121.65866
9739, 112, 65.624695
9740, 111, 11.023315
9741, 110, 120.28733
9742, 117, 12.435874
9743, 111, 22.7006
9744, 113, 20.4653
9745, 112, 26.597088
9746, 108, 85.00345
9747, 114, 31.126266
9748, 112, 105.34002
9749, 107, 42.914246
9750, 107, 139.83325
9751, 119, 97.94063
9752, 105, 50.23647
9753, 118, 57.18342
9754, 104, 142.02222
9755, 106, 146.44846
9756, 109, 115.01996
9757, 112, 105.67208
9758, 118, 19.14517
9759, 114, 69.633644
9760, 106, 25.320036
9761, 112, 134.97653
9762, 115, 97.67652
9763, 119, 49.325867
9764, 113, 101.82618
9765, 100, 133.48634
9766, 111, 146.3177
9767, 100, 51.18917
9768, 119, 32.401745
9769, 105, 90.303696
9770, 112, 81.47167
9771, 112, 51.067078
9772, 114, 137.60117
9773, 107, 97.66126
9774, 103, 106.88497
9775, 119, 1.3474971
9776, 114, 113.96001
9777, 103, 46.499207
9778, 111, 143.32281
9779, 119, 127.36427
9780, 110, 94.07085
9781, 112, 78.697685
9782, 112, 35.997536
9783, 103, 2.9989152
9784, 108, 123.89348
9785, 113, 58.383785
9786, 102, 36.09851
9787, 119, 66.199745
9788, 100, 95.00161
9789, 101, 46.707916
9790, 103, 8.674452
9791, 114, 102.66517
9792, 110, 139.38924
9793, 100, 123.09732
9794, 102, 141.67076
9795, 101, 123.03144
9796, 104, 49.84847
9797, 104, 16.28733
9798, 115, 72.81355
9799, 119, 65.26616
9800, 108, 24.437857
9801, 100, 101.93063
9802, 118, 15.686318
9803, 106, 12.446022
9804, 106, 143.21452
9805, 107, 41.470287
9806, 114, 124.16329
9807, 111, 79.98116
9808, 111, 141.61844
9809, 105, 129.50047
9810, 117, 103.62752
9811, 108, 44.108562
9812, 101, 42.57365
9813, 108, 107.13494
9814, 103, 127.90391
9815, 103, 6.036419
9816, 115, 137.68433
9817, 113, 65.70086
9818, 117, 52.208893
9819, 117, 31.572828
9820, 106, 31.257767
9821, 103, 112.12042
9822, 112, 92.767265
9823, 102, 30.346478
9824, 105, 97.21721
9825, 104, 97.74008
9826, 110, 132.0226
9827, 113, 1.8954724
9828, 111, 115.64564
9829, 108, 128.514
9830, 106, 100.28899
9831, 101, 126.47168
9832, 110, 106.698715
9833, 100, 67.69574
9834, 115, 54.043613
9835, 116, 64.05362
9836, 106, 5.4713845
9837, 102, 107.15501
9838, 117, 124.106255
9839, 100, 77.90422
9840, 101, 149.16667
9841, 108, 138.06888
9842, 105, 92.6229
9843, 108, 64.182846
9844, 105, 41.796486
9845, 114, 97.22968
9846, 109, 67.55957
9847, 102, 98.791534
9848, 109, 35.686523
9849, 119, 0.6435156
9850, 111, 103.38808
9851, 105, 25.070152
9852, 116, 76.96135
9853, 105, 148.18965
9854, 101, 97.705826
9855, 105, 149.86043
9856, 107, 91.44677
9857, 100, 102.537926
9858, 102, 73.24208
9859, 104, 3.3358903
9860, 103, 73.977585
9861, 100, 100.9078
9862, 110, 93.23477
9863, 119, 57.762463
9864, 113, 86.05349
9865, 114, 84.16345
9866, 119, 35.772587
9867, 118, 44.530823
9868, 102, 106.608315
9869, 116, 113.128494
9870, 109, 95.248795
9871, 107, 28.175024
9872, 111, 87.694405
9873, 112, 126.7513
9874, 119, 0.6007165
9875, 105, 88.05296
9876, 110, 95.78949
9877, 113, 18.840319
9878, 103, 2.5462298
9879, 112, 105.23133
9880, 107, 86.331276
9881, 115, 103.03835
9882, 107, 122.56127
9883, 114, 135.85112
9884, 117, 140.72772
9885, 108, 148.71176
9886, 100, 11.069181
9887, 106, 57.703712
9888, 110, 66.1292
9889, 107, 69.93996
9890, 117, 100.884544
9891, 104, 144.26843
9892, 100, 114.202995
9893, 113, 83.44011
9894, 116, 100.24974
9895, 114, 130.4601
9896, 108, 87.27729
9897, 106, 25.449774
9898, 100, 137.5673
9899, 119, 23.589832
9900, 102, 103.74905
9901, 117, 10.134781
9902, 112, 101.84183
9903, 114, 21.150738
9904, 104, 73.831184
9905, 111, 31.45009
9906, 103, 3.984377
9907, 113, 47.429867
9908, 101, 89.836075
9909, 115, 62.870667
9910, 109, 86.02276
9911, 103, 21.655209
9912, 110, 140.57475
9913, 118, 137.016
9914, 105, 118.773346
9915, 116, 78.88936
9916, 102, 21.015062
9917, 105, 49.315845
9918, 102, 115.90581
9919, 111, 1.8227756
9920, 118, 17.17245
9921, 108, 80.34972
9922, 104, 87.84751
9923, 103, 123.544914
9924, 104, 29.083666
9925, 106, 104.730835
9926, 113, 21.57391
9927, 105, 137.91399
9928, 105, 0.053098798
9929, 104, 28.213352
9930, 113, 74.9472
9931, 118, 79.644585
9932, 108, 38.854553
9933, 106, 131.63622
9934, 105, 117.001564
9935, 103, 124.391205
9936, 106, 38.83051
9937, 113, 19.74358
9938, 115, 2.4819107
9939, 108, 77.34862
9940, 101, 17.822456
9941, 101, 121.61463
9942, 104, 5.6190224
9943, 119, 87.146286
9944, 102, 83.20172
9945, 100, 69.65745
9946, 102, 99.99739
9947, 102, 149.29381
9948, 118, 57.02178
9949, 118, 133.65317
9950, 114, 103.69828
9951, 119, 146.81976
9952, 108, 133.79318
9953, 112, 124.82865
9954, 101, 94.616234
9955, 100, 56.71564
9956, 108, 148.01443
9957, 100, 117.44945
9958, 109, 44.2227
9959, 118, 18.862438
9960, 110, 2.0142496
9961, 101, 140.1152
9962, 110, 53.639908
9963, 116, 106.61884
9964, 111, 96.34894
9965, 107, 19.762785
9966, 106, 47.036736
9967, 104, 59.90348
9968, 118, 125.68543
9969, 104, 86.23411
9970, 105, 8.355152
9971, 104, 17.887295
9972, 103, 59.778973
9973, 105, 90.828125
9974, 108, 29.397163
9975, 107, 137.02654
9976, 109, 115.08252
9977, 110, 147.64987
9978, 106, 84.47541
9979, 110, 81.880554
9980, 108, 13.732097
9981, 116, 76.94482
9982, 119, 118.03441
9983, 116, 5.8975606
9984, 110, 93.66718
9985, 101, 18.644472
9986, 116, 46.683678
9987, 109, 73.90979
9988, 102, 116.8485
9989, 115, 79.615974
9990, 118, 92.65239
9991, 102, 83.489296
9992, 115, 112.20004
9993, 102, 116.320786
9994, 102, 107.3464
9995, 103, 50.842155
9996, 108, 18.660307
9997, 109, 105.3765
9998, 111, 113.95365
9999, 108, 50.488846
10000, 105, 122.021225
10001, 114, 19.740128
10002, 115, 9.204841
10003, 101, 21.025148
10004, 115, 66.22257
10005, 106, 63.564716
10006, 103, 125.589745
10007, 116, 96.133705
10008, 105, 38.86124
10009, 106, 63.775974
10010, 103, 128.20776
10011, 107, 10.205904
10012, 110, 35.650635
10013, 111, 116.01444
10014, 116, 93.49101
10015, 117, 81.837654
10016, 101, 141.7626
10017, 107, 47.11689
10018, 103, 35.063107
10019, 104, 87.72994
10020, 115, 31.732464
10021, 118, 46.13784
10022, 102, 50.99389
10023, 113, 65.2672
10024, 103, 62.458393
10025, 113, 19.976288
10026, 100, 67.77342
10027, 109, 133.77245
10028, 110, 64.1243
10029, 113, 74.63217
10030, 114, 134.27045
10031, 118, 133.80461
10032, 100, 140.73624
10033, 116, 76.092224
10034, 108, 42.678925
10035, 107, 65.39838
10036, 100, 66.02499
10037, 101, 82.386
10038, 103, 144.22386
10039, 116, 106.75264
10040, 100, 99.056114
10041, 108, 81.59716
10042, 105, 111.14639
10043, 107, 18.391317
10044, 103, 86.6985
10045, 109, 23.70951
10046, 112, 28.826908
10047, 119, 70.22559
10048, 106, 133.81184
10049, 114, 22.41665
10050, 109, 149.22145
10051, 119, 28.055557
