38664, 117, 141.1796
38665, 100, 21.610737
38666, 110, 140.61884
38667, 107, 135.6088
38668, 111, 134.5631
38669, 100, 77.84755
38670, 115, 7.855672
38671, 101, 65.24901
38672, 110, 94.14716
38673, 100, 67.81619
38674, 106, 142.2069
38675, 115, 128.31403
38676, 115, 39.40866
38677, 116, 136.76263
38678, 118, 149.13608
38679, 102, 54.461933
38680, 100, 140.58574
38681, 110, 82.05001
38682, 106, 98.534584
38683, 111, 109.09581
38684, 107, 79.045784
38685, 118, 57.89395
38686, 112, 80.593025
38687, 114, 148.92686
38688, 119, 114.84699
38689, 105, 55.260952
38690, 107, 27.75818
38691, 104, 101.83529
38692, 119, 8.288402
38693, 106, 74.1965
38694, 111, 64.28096
38695, 114, 28.294273
38696, 115, 11.146376
38697, 113, 133.10794
38698, 113, 16.866339
38699, 110, 122.371765
38700, 104, 48.81824
38701, 112, 143.24213
38702, 103, 77.03714
38703, 116, 118.25581
38704, 107, 74.410355
38705, 112, 0.69930553
38706, 103, 122.53142
38707, 100, 106.972466
38708, 109, 81.70363
38709, 101, 14.019129
38710, 109, 3.8590999
38711, 101, 21.12725
38712, 102, 47.952023
38713, 114, 58.1081
38714, 101, 127.310745
38715, 100, 31.206036
38716, 111, 108.82934
38717, 100, 129.70659
38718, 114, 14.542187
38719, 101, 110.09828
38720, 108, 44.98838
38721, 101, 125.208244
38722, 112, 87.515816
38723, 102, 23.658648
38724, 106, 87.34998
38725, 103, 19.53198
38726, 112, 44.331398
38727, 103, 92.87357
38728, 104, 115.65952
38729, 100, 135.702
38730, 115, 21.603924
38731, 100, 109.50393
38732, 118, 78.45437
38733, 106, 129.54428
38734, 102, 0.9536505
38735, 101, 80.44087
38736, 104, 118.64988
38737, 107, 105.64446
38738, 119, 134.68294
38739, 118, 12.037691
38740, 100, 37.619778
38741, 102, 79.63116
38742, 117, 97.736084
38743, 103, 76.280106
38744, 108, 70.00809
38745, 110, 11.507919
38746, 101, 56.631733
38747, 119, 31.329927
38748, 108, 49.63697
38749, 114, 139.23793
38750, 116, 112.48569
38751, 104, 10.533974
38752, 118, 121.70401
38753, 111, 71.08601
38754, 115, 25.25551
38755, 102, 70.99763
38756, 119, 106.09082
38757, 115, 88.39832
38758, 104, 20.57358
38759, 108, 124.548096
38760, 101, 86.79703
38761, 111, 111.62353
38762, 113, 24.317255
38763, 114, 31.551289
38764, 116, 103.72368
38765, 103, 65.82075
38766, 103, 17.527342
38767, 100, 64.23606
38768, 115, 61.34525
38769, 114, 112.10547
38770, 106, 112.36407
38771, 105, 51.916443
38772, 108, 90.024284
38773, 109, 55.498775
38774, 100, 35.684887
38775, 117, 7.2788982
38776, 119, 58.577103
38777, 117, 72.42411
38778, 115, 132.526
38779, 112, 23.118103
38780, 105, 78.356926
38781, 114, 96.64771
38782, 116, 14.168474
38783, 117, 66.19737
38784, 119, 34.24143
38785, 107, 24.304184
38786, 102, 146.72357
38787, 115, 10.053179
38788, 106, 38.67041
38789, 113, 107.878586
38790, 118, 41.140366
38791, 104, 80.34347
38792, 104, 75.110794
38793, 110, 138.94
38794, 105, 141.07785
38795, 106, 141.35146
38796, 104, 127.873665
38797, 103, 10.537192
38798, 117, 112.79572
38799, 104, 48.40544
38800, 113, 40.434204
38801, 117, 86.44438
38802, 102, 65.25074
38803, 113, 108.96735
38804, 111, 1.2904108
38805, 116, 107.58389
38806, 101, 70.515144
38807, 102, 23.017359
38808, 108, 80.57562
38809, 118, 127.06478
38810, 107, 42.51954
38811, 108, 83.7067
38812, 102, 49.72686
38813, 108, 7.5777144
38814, 112, 102.56371
38815, 112, 7.0982428
38816, 119, 17.748096
38817, 114, 55.661587
38818, 100, 34.14293
38819, 104, 30.271187
38820, 102, 50.304447
38821, 116, 102.587685
38822, 113, 124.976006
38823, 104, 68.734634
38824, 101, 56.2224
38825, 116, 30.318
38826, 103, 69.85371
38827, 110, 118.22586
38828, 108, 107.687584
38829, 115, 23.537529
38830, 104, 31.830088
38831, 107, 105.204216
38832, 108, 75.33423
38833, 108, 90.80981
38834, 118, 145.30734
38835, 105, 148.58138
38836, 112, 73.36346
38837, 114, 110.7249
38838, 106, 108.44959
38839, 109, 110.97507
38840, 118, 132.85031
38841, 106, 127.61025
38842, 105, 61.27662
38843, 112, 92.28286
38844, 111, 89.83728
38845, 100, 114.42983
38846, 114, 76.57189
38847, 107, 139.46178
38848, 107, 79.928505
38849, 100, 133.48843
38850, 107, 31.35707
38851, 115, 109.29064
38852, 114, 46.683983
38853, 115, 4.781127
38854, 100, 26.932713
38855, 100, 18.653557
38856, 118, 57.72328
38857, 108, 142.82616
38858, 117, 85.861595
38859, 111, 147.88033
38860, 115, 3.298965
38861, 103, 68.432045
38862, 101, 45.813988
38863, 111, 40.792152
38864, 102, 42.14646
38865, 110, 10.396716
38866, 100, 20.640144
38867, 108, 113.12819
38868, 112, 56.401615
38869, 105, 34.042553
38870, 107, 15.081122
38871, 116, 42.964027
38872, 107, 133.13766
38873, 104, 136.70049
38874, 113, 91.77471
38875, 100, 86.79393
38876, 110, 145.42995
38877, 103, 15.465349
38878, 111, 36.48419
38879, 115, 108.50829
38880, 101, 115.467094
38881, 116, 93.38203
38882, 110, 50.173534
38883, 108, 148.4239
38884, 108, 52.471554
38885, 103, 120.07439
38886, 108, 11.254531
38887, 114, 109.26338
38888, 115, 43.12815
38889, 107, 102.17539
38890, 105, 127.16873
38891, 118, 111.59363
38892, 114, 19.107002
38893, 101, 84.86076
38894, 118, 139.57245
38895, 105, 127.550026
38896, 100, 51.729412
38897, 113, 44.198387
38898, 104, 133.25404
38899, 110, 28.188961
38900, 109, 93.534584
38901, 118, 143.19318
38902, 118, 130.27982
38903, 110, 118.907646
38904, 110, 42.576412
38905, 112, 135.0142
38906, 104, 42.871483
38907, 101, 58.63057
38908, 106, 57.683846
38909, 100, 136.47894
38910, 109, 74.733055
38911, 106, 134.36546
38912, 116, 112.37415
38913, 108, 13.080624
38914, 113, 60.140507
38915, 115, 61.650288
38916, 110, 83.13465
38917, 103, 129.22343
38918, 119, 64.60914
38919, 106, 113.87239
38920, 112, 31.70355
38921, 110, 135.89563
38922, 110, 78.03428
38923, 118, 85.81038
38924, 119, 26.869423
38925, 116, 97.05577
38926, 107, 99.18855
38927, 117, 89.411255
38928, 117, 78.98117
38929, 112, 35.877827
38930, 103, 134.45589
38931, 101, 70.98295
38932, 111, 11.194754
38933, 105, 69.44287
38934, 105, 86.421616
38935, 117, 14.529938
38936, 110, 42.777462
38937, 106, 133.42647
38938, 108, 95.24947
38939, 110, 118.446045
38940, 119, 131.81194
38941, 116, 68.33058
38942, 107, 39.919613
38943, 117, 118.54117
38944, 107, 87.28457
38945, 105, 56.66485
38946, 107, 135.99013
38947, 116, 11.375221
38948, 114, 84.20447
38949, 107, 41.28172
38950, 108, 70.14028
38951, 106, 129.62006
38952, 118, 140.50594
38953, 100, 24.051708
38954, 108, 41.733284
38955, 109, 41.86338
38956, 108, 103.444046
38957, 111, 126.0548
38958, 109, 130.30313
38959, 110, 92.357925
38960, 106, 127.932755
38961, 112, 142.29237
38962, 106, 18.882599
38963, 111, 146.43483
38964, 118, 57.49154
38965, 111, 37.80798
38966, 100, 127.612755
38967, 100, 52.562954
38968, 113, 107.7159
38969, 105, 0.31495392
38970, 108, 66.51674
38971, 115, 24.824677
38972, 117, 93.726
38973, 118, 139.8962
38974, 105, 97.35869
38975, 111, 96.05178
38976, 106, 98.51317
38977, 104, 33.160866
38978, 119, 142.42105
38979, 100, 109.46374
38980, 103, 32.14412
38981, 107, 13.891795
38982, 114, 103.34505
38983, 103, 80.806114
38984, 119, 107.0203
38985, 114, 82.5701
38986, 112, 76.340416
38987, 116, 22.606007
38988, 114, 108.73602
38989, 105, 46.27143
38990, 115, 61.58716
38991, 108, 76.09987
38992, 114, 39.366737
38993, 117, 62.316326
38994, 110, 90.57664
38995, 116, 100.241516
38996, 117, 5.9607267
38997, 113, 108.89461
38998, 117, 146.28793
38999, 115, 35.215645
39000, 117, 40.31009
39001, 104, 93.482864
39002, 107, 141.59337
39003, 113, 51.0257
39004, 107, 46.485043
39005, 115, 95.7914
39006, 100, 146.56638
39007, 115, 87.73031
39008, 110, 127.858955
39009, 102, 123.85526
39010, 109, 14.480835
39011, 101, 142.60152
39012, 107, 117.81791
39013, 100, 39.8182
39014, 101, 110.378685
39015, 112, 61.039764
39016, 111, 35.950775
39017, 100, 79.8822
39018, 103, 87.43708
39019, 119, 128.48611
39020, 103, 25.780312
39021, 106, 96.392746
39022, 100, 77.315094
39023, 104, 121.78946
39024, 119, 3.3052146
39025, 106, 129.40752
39026, 105, 130.16142
39027, 112, 53.62889
39028, 112, 124.95845
39029, 101, 60.455963
39030, 105, 127.11059
39031, 116, 56.325504
39032, 115, 75.484024
39033, 117, 117.61534
39034, 117, 92.52003
39035, 117, 142.57214
39036, 109, 111.928566
39037, 114, 105.83284
39038, 104, 140.0747
39039, 116, 116.29875
39040, 104, 3.5111814
39041, 117, 50.276344
39042, 113, 87.13651
39043, 111, 41.97118
39044, 105, 65.41494
39045, 109, 36.13118
39046, 117, 60.663708
39047, 112, 69.1178
39048, 107, 124.58543
39049, 109, 64.07252
39050, 104, 16.151056
39051, 107, 88.83363
39052, 112, 40.54506
39053, 109, 62.29865
39054, 117, 104.94959
39055, 108, 51.939835
39056, 115, 127.70171
39057, 119, 30.537996
39058, 119, 4.7681627
39059, 118, 49.92763
39060, 105, 2.7588665
39061, 106, 56.74322
39062, 119, 78.95092
39063, 102, 45.566788
39064, 102, 115.277336
39065, 112, 18.437138
39066, 110, 84.16481
39067, 101, 124.71658
39068, 112, 61.0624
39069, 118, 141.54132
39070, 100, 29.748005
39071, 118, 75.160995
39072, 114, 59.3565
39073, 106, 32.371037
39074, 109, 26.608372
39075, 109, 92.31416
39076, 108, 117.0474
39077, 110, 70.1499
39078, 118, 116.05189
39079, 115, 82.274994
39080, 111, 5.3115697
39081, 112, 68.9816
39082, 114, 114.17062
39083, 104, 71.935776
39084, 111, 111.884735
39085, 119, 140.51405
39086, 112, 69.2898
39087, 101, 85.89593
39088, 114, 120.44926
39089, 113, 25.544626
39090, 103, 102.45504
39091, 105, 10.769114
39092, 108, 108.26877
39093, 116, 88.79547
39094, 110, 76.48821
39095, 103, 85.87885
39096, 119, 12.236452
39097, 118, 116.114365
39098, 110, 35.894386
39099, 114, 145.8871
39100, 104, 117.76198
39101, 100, 136.71104
39102, 115, 96.79827
39103, 114, 60.27104
39104, 110, 65.1355
39105, 110, 31.439621
39106, 110, 146.8829
39107, 118, 84.26442
39108, 104, 2.7361841
39109, 110, 56.216984
39110, 107, 17.168499
39111, 116, 107.47609
39112, 106, 104.473175
39113, 107, 102.83863
39114, 106, 123.432495
39115, 105, 106.31515
39116, 105, 81.15022
39117, 109, 100.84043
39118, 104, 89.926025
39119, 113, 74.42924
39120, 103, 72.18939
39121, 110, 37.854202
39122, 101, 10.922626
39123, 107, 111.12803
39124, 115, 143.47911
39125, 119, 86.023926
39126, 118, 148.52124
39127, 109, 3.0717282
39128, 105, 56.91552
39129, 106, 54.221928
39130, 116, 64.48352
39131, 116, 75.49128
39132, 106, 118.17461
39133, 108, 127.60593
39134, 114, 136.74976
39135, 105, 24.477545
39136, 113, 70.67649
39137, 112, 105.23065
39138, 117, 148.25224
39139, 119, 11.174539
39140, 119, 115.655
39141, 115, 142.86328
39142, 106, 33.864098
39143, 112, 78.59013
39144, 115, 66.187
39145, 109, 103.635506
39146, 103, 24.08503
39147, 115, 36.643295
39148, 112, 47.069557
39149, 100, 146.48634
39150, 103, 131.2303
39151, 117, 137.45204
39152, 112, 80.580246
39153, 109, 105.11402
39154, 117, 38.968437
39155, 117, 11.351985
39156, 103, 122.72164
39157, 104, 0.02219975
39158, 100, 54.510612
39159, 116, 126.999886
39160, 110, 135.44151
39161, 108, 10.969332
39162, 103, 85.17628
39163, 117, 12.881935
39164, 116, 25.64064
39165, 112, 104.01462
39166, 102, 11.759922
39167, 117, 4.920888
39168, 108, 80.87733
39169, 119, 56.466465
39170, 111, 132.21892
39171, 108, 9.164554
39172, 119, 132.41904
39173, 106, 80.21913
39174, 119, 138.78293
39175, 106, 141.55458
39176, 105, 81.46718
39177, 104, 78.900154
39178, 116, 93.3095
39179, 114, 113.35972
39180, 106, 131.09085
39181, 111, 144.8656
39182, 114, 88.80252
39183, 110, 26.714077
39184, 112, 18.952927
39185, 101, 31.291142
39186, 102, 96.56607
39187, 111, 79.50989
39188, 106, 2.8445272
39189, 100, 20.620287
39190, 112, 87.174576
39191, 105, 83.738014
39192, 100, 111.524216
39193, 109, 94.47049
39194, 112, 79.04254
39195, 118, 119.19174
39196, 100, 100.96987
39197, 104, 114.58766
39198, 118, 107.9553
39199, 116, 114.38788
39200, 110, 28.990273
39201, 116, 70.849976
39202, 103, 76.921555
39203, 110, 26.457945
39204, 113, 45.819427
39205, 117, 87.18932
39206, 102, 74.67389
39207, 101, 135.69656
39208, 107, 110.11909
39209, 108, 98.1234
39210, 100, 106.78887
39211, 117, 124.22105
39212, 107, 111.05871
39213, 100, 81.23223
39214, 111, 37.38035
39215, 114, 92.69745
39216, 107, 28.030407
39217, 116, 127.29075
39218, 107, 27.75295
39219, 103, 16.585234
39220, 113, 100.4769
39221, 109, 46.89625
39222, 106, 4.2063293
39223, 116, 144.58102
39224, 112, 83.82165
39225, 103, 125.08129
39226, 101, 48.891144
39227, 116, 146.54361
39228, 106, 94.60719
39229, 108, 84.83883
39230, 103, 5.0492673
39231, 102, 109.200554
39232, 111, 97.907364
39233, 115, 132.46017
39234, 105, 50.7645
39235, 108, 63.33452
39236, 110, 76.3464
39237, 100, 77.522026
39238, 102, 17.293184
39239, 102, 89.51584
39240, 107, 10.521635
39241, 110, 141.69759
39242, 115, 16.427216
39243, 111, 89.660835
39244, 118, 34.013645
39245, 118, 68.98105
39246, 112, 133.99026
39247, 106, 54.21407
39248, 103, 83.68892
39249, 111, 13.513819
39250, 112, 47.429653
39251, 105, 103.75789
39252, 118, 7.6500983
39253, 102, 37.030453
39254, 115, 145.23691
39255, 102, 137.3462
39256, 105, 106.46098
39257, 108, 25.470793
39258, 105, 78.193504
39259, 115, 131.44844
39260, 111, 61.73279
39261, 118, 74.14347
39262, 111, 82.78761
39263, 119, 26.970444
39264, 114, 115.505264
39265, 109, 128.78828
39266, 102, 99.909195
39267, 101, 135.87157
39268, 116, 119.35716
39269, 114, 114.207756
39270, 119, 0.6145477
39271, 108, 113.28304
39272, 119, 107.568985
39273, 118, 75.95422
39274, 116, 45.00229
39275, 111, 91.14055
39276, 109, 55.08315
39277, 101, 93.870804
39278, 109, 99.224815
39279, 108, 114.28435
39280, 110, 109.83358
39281, 108, 144.80841
39282, 119, 52.6041
39283, 106, 116.7667
39284, 110, 105.60437
39285, 116, 28.174799
39286, 106, 90.255844
39287, 107, 82.931465
39288, 103, 61.47516
39289, 119, 47.416218
39290, 119, 131.44388
39291, 118, 7.9589276
39292, 113, 142.8027
39293, 104, 102.28985
39294, 119, 45.510693
39295, 109, 66.605286
39296, 110, 119.76915
39297, 106, 52.924274
39298, 113, 116.248985
39299, 119, 117.37449
39300, 101, 2.6463032
39301, 116, 120.875084
39302, 114, 103.62221
39303, 117, 80.21999
39304, 114, 42.39682
39305, 111, 44.476192
39306, 119, 27.320284
39307, 105, 94.26299
39308, 111, 104.24902
39309, 111, 49.057335
39310, 112, 124.58943
39311, 118, 145.52428
39312, 101, 66.380585
39313, 102, 62.432133
39314, 105, 23.371025
39315, 119, 73.466
39316, 111, 79.01464
39317, 104, 31.511253
39318, 100, 70.73027
39319, 100, 45.29129
39320, 105, 111.92497
39321, 117, 29.881132
39322, 106, 26.36093
39323, 116, 65.25654
39324, 104, 10.354704
39325, 118, 48.05766
39326, 103, 95.96968
39327, 103, 125.554535
39328, 105, 132.89594
39329, 116, 136.17593
39330, 116, 136.39398
39331, 114, 101.596375
39332, 107, 130.21536
39333, 119, 88.02647
39334, 103, 123.02558
39335, 110, 62.192192
39336, 117, 117.20363
39337, 100, 18.701263
39338, 113, 10.428179
39339, 113, 12.794102
39340, 118, 55.477722
39341, 112, 10.919711
39342, 114, 61.120186
39343, 108, 66.17102
39344, 118, 46.545277
39345, 111, 6.8106384
39346, 100, 126.327934
39347, 100, 100.30993
39348, 112, 26.816198
39349, 107, 26.196384
39350, 103, 34.970284
39351, 113, 16.508718
39352, 111, 136.0575
39353, 117, 84.99734
39354, 118, 2.5083303
39355, 116, 16.741652
39356, 117, 102.22856
39357, 111, 83.483574
39358, 111, 14.027962
39359, 106, 129.66878
39360, 114, 23.206812
39361, 119, 113.30822
39362, 104, 71.8857
39363, 118, 43.750862
39364, 115, 136.62877
39365, 110, 146.1416
39366, 101, 6.5564723
39367, 101, 25.649258
39368, 115, 68.687965
39369, 108, 27.334679
39370, 113, 30.340961
39371, 102, 29.902973
39372, 106, 42.335815
39373, 110, 82.92793
39374, 104, 67.898094
39375, 108, 139.0828
39376, 107, 78.26551
39377, 116, 81.068886
39378, 105, 126.263084
39379, 111, 64.03616
39380, 112, 142.1607
39381, 102, 68.376785
39382, 105, 52.998707
39383, 114, 125.94008
39384, 118, 82.165596
39385, 100, 41.129307
39386, 101, 66.898674
39387, 112, 142.92673
39388, 118, 85.472664
39389, 113, 17.917755
39390, 116, 1.5020192
39391, 106, 45.478394
39392, 108, 77.236885
39393, 118, 27.331781
39394, 101, 30.268353
39395, 100, 82.54471
39396, 101, 35.880733
39397, 115, 115.2881
39398, 115, 27.06264
39399, 104, 23.187143
39400, 109, 82.63389
39401, 100, 6.3151627
39402, 116, 110.77994
39403, 109, 138.95517
39404, 119, 111.166336
39405, 114, 41.10683
39406, 105, 105.62685
39407, 100, 29.817429
39408, 108, 108.93338
39409, 111, 63.82801
39410, 106, 130.82336
39411, 100, 127.359726
39412, 111, 105.306786
39413, 116, 33.350864
39414, 114, 36.896297
39415, 106, 115.17574
39416, 103, 121.95044
39417, 103, 149.19145
39418, 113, 17.283762
39419, 102, 72.920456
39420, 103, 106.92068
39421, 119, 32.321487
39422, 108, 136.47229
39423, 113, 101.5185
39424, 111, 132.85435
39425, 119, 14.60065
39426, 115, 35.940483
39427, 109, 23.02384
39428, 108, 130.3335
39429, 113, 55.15741
39430, 119, 66.6379
39431, 106, 143.90106
39432, 106, 8.976468
39433, 112, 90.68756
39434, 110, 116.00434
39435, 103, 31.748468
39436, 118, 2.7138324
39437, 115, 109.06739
39438, 114, 115.5481
39439, 108, 54.152184
39440, 113, 33.5754
39441, 102, 103.468834
39442, 116, 36.36305
39443, 101, 31.956928
39444, 102, 10.328257
39445, 114, 113.135864
39446, 111, 126.330124
39447, 107, 44.467278
39448, 104, 39.907837
39449, 112, 148.53796
39450, 108, 123.56329
39451, 115, 11.723364
39452, 107, 107.18768
39453, 114, 103.30698
39454, 102, 40.73486
39455, 102, 149.5641
39456, 103, 132.37721
39457, 112, 106.9052
39458, 110, 54.44996
39459, 119, 72.99785
39460, 112, 83.02695
39461, 107, 144.3993
39462, 111, 118.182236
39463, 114, 65.15115
39464, 111, 147.8681
39465, 115, 36.902367
39466, 106, 126.97485
39467, 105, 87.7
39468, 113, 133.79039
39469, 117, 9.4471245
39470, 115, 7.137439
39471, 119, 44.78714
39472, 116, 5.9507313
39473, 116, 145.5405
39474, 119, 16.62696
39475, 109, 83.62045
39476, 103, 62.36366
39477, 109, 67.208496
39478, 106, 102.24519
39479, 101, 13.360083
39480, 111, 112.19294
39481, 101, 85.478195
39482, 117, 75.407524
39483, 108, 16.63902
39484, 104, 72.41979
39485, 110, 140.18956
39486, 101, 66.63431
39487, 110, 40.13542
39488, 115, 23.844212
39489, 116, 50.396633
39490, 112, 57.544613
39491, 103, 33.92929
39492, 103, 93.24842
39493, 107, 127.01137
39494, 115, 27.429745
39495, 103, 126.00113
39496, 100, 116.07523
39497, 110, 28.343046
39498, 108, 81.97892
39499, 108, 0.66881776
39500, 113, 71.79659
39501, 113, 102.74858
39502, 101, 105.63943
39503, 109, 26.663956
39504, 113, 0.9015173
39505, 100, 138.60649
39506, 102, 17.202911
39507, 104, 132.39066
39508, 107, 6.030974
39509, 100, 58.138794
39510, 101, 8.14881
39511, 112, 138.09874
39512, 100, 24.039442
39513, 100, 34.92567
39514, 102, 50.515053
39515, 114, 136.01474
39516, 108, 36.299156
39517, 118, 16.699604
39518, 113, 25.804424
39519, 108, 24.952295
39520, 110, 99.38582
39521, 111, 106.90916
39522, 114, 141.87135
39523, 103, 116.65776
39524, 101, 14.609223
39525, 117, 132.74232
39526, 109, 89.79914
39527, 104, 135.05513
39528, 108, 68.15678
39529, 102, 3.3196716
39530, 104, 108.08227
39531, 107, 137.75984
39532, 103, 60.09284
39533, 118, 112.78422
39534, 117, 5.125263
39535, 100, 83.51824
39536, 108, 96.43828
39537, 119, 149.43024
39538, 111, 127.37889
39539, 114, 95.897575
39540, 100, 140.23538
39541, 104, 122.699356
39542, 117, 142.88902
39543, 111, 93.48654
39544, 116, 73.8025
39545, 116, 129.82953
39546, 101, 70.47902
39547, 104, 99.30479
39548, 111, 99.90668
39549, 108, 61.079514
39550, 111, 56.06483
39551, 116, 147.27975
39552, 102, 113.81544
39553, 117, 126.82303
39554, 114, 54.597313
39555, 114, 6.792659
39556, 104, 87.38075
39557, 118, 104.02101
39558, 115, 28.911022
39559, 105, 61.194626
39560, 115, 48.990295
39561, 105, 34.46886
39562, 110, 115.86595
39563, 107, 101.40944
39564, 112, 142.30894
39565, 105, 114.65477
39566, 112, 148.14262
39567, 104, 30.46082
39568, 102, 32.430267
39569, 119, 78.73492
39570, 107, 63.566788
39571, 113, 104.16633
39572, 112, 44.003498
39573, 110, 58.498405
39574, 100, 76.397835
39575, 108, 92.07151
39576, 116, 106.21273
39577, 119, 89.85908
39578, 101, 27.865229
39579, 109, 108.89613
39580, 107, 121.25513
39581, 100, 8.513689
39582, 104, 47.25479
39583, 105, 147.35028
39584, 113, 118.067986
39585, 104, 64.50732
39586, 109, 34.52138
39587, 119, 60.126633
39588, 110, 121.11289
39589, 113, 24.12868
39590, 118, 105.99868
39591, 110, 114.20773
39592, 105, 136.5193
39593, 109, 120.22022
39594, 113, 45.3406
39595, 106, 35.74403
39596, 101, 137.55482
39597, 106, 127.021255
39598, 118, 109.835434
39599, 106, 78.78227
39600, 104, 133.22722
39601, 118, 30.400934
39602, 113, 8.504936
39603, 115, 64.62354
39604, 115, 127.931175
39605, 105, 25.781322
39606, 101, 138.90323
39607, 103, 17.86235
39608, 107, 97.59945
39609, 117, 108.986465
39610, 106, 33.881805
39611, 110, 41.16262
39612, 102, 47.614906
39613, 106, 19.460688
39614, 116, 84.58537
39615, 113, 43.195957
39616, 101, 15.228403
39617, 110, 86.90504
39618, 115, 33.461227
39619, 106, 52.453495
39620, 110, 142.20369
39621, 106, 134.2902
39622, 117, 70.30043
39623, 115, 107.84051
39624, 119, 11.584076
39625, 102, 48.48472
39626, 117, 125.955025
39627, 103, 45.22334
39628, 115, 35.69977
39629, 114, 139.70996
39630, 107, 48.458218
39631, 114, 73.52976
39632, 103, 35.752495
39633, 105, 137.73633
39634, 104, 17.094084
39635, 118, 12.833905
39636, 113, 127.91036
39637, 106, 139.13174
39638, 105, 103.85711
39639, 115, 106.27116
39640, 119, 9.050077
39641, 115, 91.30725
39642, 118, 9.317199
39643, 102, 146.16786
39644, 105, 144.96143
39645, 103, 9.523094
39646, 100, 97.04698
39647, 114, 115.284935
39648, 116, 36.489014
39649, 101, 67.52243
39650, 118, 31.937153
39651, 105, 117.897224
39652, 104, 142.32631
39653, 102, 132.10783
39654, 112, 53.82523
39655, 101, 45.238655
39656, 111, 136.77226
39657, 104, 86.74357
39658, 113, 139.38083
39659, 107, 43.715034
39660, 115, 145.2951
39661, 108, 98.48948
39662, 118, 12.148369
39663, 107, 139.13351
39664, 102, 18.2414
39665, 119, 106.538925
39666, 103, 20.337482
39667, 107, 38.281517
39668, 102, 102.11251
39669, 108, 38.80448
39670, 112, 101.71634
39671, 111, 143.13681
39672, 118, 69.357864
39673, 106, 74.86585
39674, 100, 122.89409
39675, 113, 132.50722
39676, 111, 43.04258
39677, 102, 66.1352
39678, 106, 38.789955
39679, 115, 8.169561
39680, 108, 11.795336
39681, 108, 126.24607
39682, 117, 75.94616
39683, 117, 118.53719
39684, 107, 123.62797
39685, 106, 91.44542
39686, 104, 7.4190974
39687, 107, 61.491035
39688, 119, 114.39143
39689, 101, 61.36054
39690, 107, 91.226845
39691, 100, 61.48508
39692, 106, 75.63506
39693, 111, 21.374603
39694, 117, 35.20773
39695, 110, 0.28237402
39696, 104, 77.95082
39697, 100, 61.371742
39698, 103, 103.43654
39699, 107, 135.72926
39700, 107, 37.725063
39701, 107, 101.83383
39702, 110, 24.659792
39703, 102, 127.74495
39704, 119, 92.25352
39705, 119, 102.651955
39706, 111, 52.679916
39707, 115, 121.9935
39708, 114, 1.8265128
39709, 107, 68.04057
39710, 108, 6.114283
39711, 106, 39.369938
39712, 119, 5.701974
39713, 107, 124.480515
39714, 103, 10.876447
39715, 100, 28.112778
39716, 106, 124.31564
39717, 118, 99.29939
39718, 112, 46.903305
39719, 113, 116.30121
39720, 107, 41.59431
39721, 107, 146.94292
39722, 112, 64.701515
39723, 105, 32.010807
39724, 117, 60.190887
39725, 110, 43.706875
39726, 118, 41.498646
39727, 113, 113.78643
39728, 115, 77.502365
39729, 117, 88.248604
39730, 107, 4.415086
39731, 108, 73.96171
39732, 119, 75.92654
39733, 106, 98.51754
39734, 105, 86.946144
39735, 118, 129.42712
39736, 102, 76.73416
39737, 100, 79.10535
39738, 107, 93.18334
39739, 103, 98.26385
39740, 116, 35.138046
39741, 109, 96.65785
39742, 111, 73.052444
39743, 118, 38.302864
39744, 107, 116.94379
39745, 117, 11.536923
39746, 106, 20.60531
39747, 117, 74.48202
39748, 113, 112.17891
39749, 112, 122.66267
39750, 113, 10.694361
39751, 110, 117.2841
39752, 113, 6.955576
39753, 115, 103.92399
39754, 114, 49.62393
39755, 113, 59.12303
39756, 104, 28.415537
39757, 115, 46.70205
39758, 119, 115.258316
39759, 105, 53.414886
39760, 103, 52.411545
39761, 117, 19.39357
39762, 113, 94.676796
39763, 118, 15.753749
39764, 107, 19.31128
39765, 118, 143.20917
39766, 101, 44.995533
39767, 118, 97.476616
39768, 100, 25.008041
39769, 111, 50.968678
39770, 101, 10.443011
39771, 109, 116.69878
39772, 104, 53.636894
39773, 102, 58.602726
39774, 105, 90.90974
39775, 105, 55.429905
39776, 101, 136.32278
39777, 107, 102.17368
39778, 108, 23.257622
39779, 119, 127.61971
39780, 112, 38.2198
39781, 114, 136.06331
39782, 101, 81.385284
39783, 107, 124.663506
39784, 108, 68.3015
39785, 116, 120.12758
39786, 102, 30.045301
39787, 101, 110.61583
39788, 111, 132.67854
39789, 100, 56.42359
39790, 112, 54.35096
39791, 110, 16.861788
39792, 113, 43.851013
39793, 116, 29.125633
39794, 102, 38.74618
39795, 104, 105.92962
39796, 107, 41.224945
39797, 101, 8.663071
39798, 118, 6.656411
39799, 109, 76.000595
39800, 111, 74.95059
39801, 100, 54.379025
39802, 112, 65.62827
39803, 104, 147.41719
39804, 111, 146.12433
39805, 112, 17.268044
39806, 119, 58.47044
39807, 104, 19.814686
39808, 101, 131.25648
39809, 119, 52.04188
39810, 105, 120.80883
39811, 118, 75.811584
39812, 111, 126.738365
39813, 102, 142.05945
39814, 109, 35.15649
39815, 114, 0.43745935
39816, 108, 51.38308
39817, 109, 60.827976
39818, 112, 26.117626
39819, 116, 19.598276
39820, 102, 79.76209
39821, 111, 90.63641
39822, 105, 141.89412
39823, 109, 78.308
39824, 116, 92.46971
39825, 107, 18.305897
39826, 107, 3.1209826
39827, 106, 18.970442
39828, 106, 93.30056
39829, 115, 47.965195
39830, 101, 126.00427
39831, 100, 143.1446
39832, 104, 111.26662
39833, 109, 123.46974
39834, 101, 18.23117
39835, 101, 101.844345
39836, 112, 85.222084
39837, 119, 67.71629
39838, 113, 84.4768
39839, 108, 51.604683
39840, 119, 99.82175
39841, 108, 76.61736
39842, 113, 143.30345
39843, 108, 79.1026
39844, 119, 43.707123
39845, 108, 76.49494
39846, 110, 85.1186
39847, 106, 112.6247
39848, 112, 51.959045
39849, 117, 99.90967
39850, 109, 57.803696
39851, 111, 101.67415
39852, 115, 118.121124
39853, 116, 49.689995
39854, 115, 67.348
39855, 102, 44.229965
39856, 105, 73.8096
39857, 114, 124.355934
39858, 108, 138.74487
39859, 112, 148.3084
39860, 105, 106.38804
39861, 110, 146.27354
39862, 108, 93.94693
39863, 111, 2.0079374
39864, 115, 43.12141
39865, 114, 94.72318
39866, 102, 57.620342
39867, 104, 79.364456
39868, 109, 82.76605
39869, 107, 0.065267086
39870, 114, 90.12484
39871, 118, 9.351119
39872, 108, 49.57308
39873, 108, 59.27603
39874, 117, 84.66358
39875, 103, 90.451294
39876, 115, 4.072702
39877, 112, 48.44925
39878, 112, 98.44343
39879, 102, 60.397205
39880, 106, 47.945236
39881, 107, 136.28282
39882, 107, 47.150356
39883, 117, 9.448582
39884, 109, 73.883
39885, 113, 140.00366
39886, 119, 15.695411
39887, 107, 117.86625
39888, 102, 19.361553
39889, 100, 38.222023
39890, 102, 88.00345
39891, 114, 89.054955
39892, 118, 105.30668
39893, 107, 100.792435
39894, 100, 27.657867
39895, 110, 128.22382
39896, 106, 84.15685
39897, 109, 4.3297024
39898, 113, 82.37641
39899, 102, 64.93825
39900, 113, 12.197989
39901, 117, 69.701035
39902, 101, 149.77937
39903, 108, 86.94817
39904, 103, 14.876228
39905, 111, 129.23758
39906, 104, 20.724768
39907, 103, 69.50292
39908, 111, 108.45947
39909, 112, 78.34756
39910, 104, 144.21715
39911, 100, 138.75905
39912, 103, 144.77956
39913, 101, 14.943945
39914, 106, 139.26445
39915, 115, 124.0309
39916, 118, 81.160576
39917, 112, 20.653591
39918, 111, 72.59256
39919, 111, 112.23034
39920, 106, 136.92764
39921, 105, 50.01677
39922, 112, 94.09696
39923, 114, 60.674484
39924, 101, 83.66234
39925, 118, 9.042585
39926, 112, 65.85038
39927, 107, 143.24556
39928, 103, 65.58022
39929, 111, 95.54924
39930, 109, 41.959934
39931, 115, 132.16487
39932, 102, 30.511084
39933, 105, 105.91753
39934, 119, 25.116848
39935, 117, 86.13906
39936, 117, 8.594719
39937, 106, 11.567992
39938, 102, 5.297595
39939, 100, 55.17119
39940, 113, 29.281908
39941, 106, 140.6627
39942, 114, 62.859947
39943, 105, 40.187557
39944, 107, 43.989517
39945, 110, 141.67152
39946, 104, 117.06213
39947, 117, 70.09255
39948, 110, 114.17321
39949, 114, 28.865343
39950, 102, 91.711075
39951, 105, 127.29337
39952, 104, 146.44922
39953, 111, 135.53766
39954, 108, 25.876621
39955, 113, 5.30726
39956, 112, 53.090286
39957, 112, 122.83702
39958, 106, 80.91349
39959, 117, 26.898077
39960, 110, 16.51277
39961, 103, 101.46086
39962, 100, 22.6648
39963, 100, 6.7818937
39964, 112, 43.833508
39965, 108, 52.494736
39966, 110, 45.402065
39967, 108, 90.40568
39968, 117, 31.657272
39969, 113, 17.51975
39970, 115, 17.08551
39971, 100, 40.646286
39972, 114, 94.53839
39973, 113, 4.4610143
39974, 116, 19.644722
39975, 100, 124.380005
39976, 114, 107.90025
39977, 119, 59.76584
39978, 109, 92.08697
39979, 113, 12.106052
39980, 107, 49.57772
39981, 101, 106.10391
39982, 110, 81.97488
39983, 110, 123.68846
39984, 104, 106.42085
39985, 112, 97.87191
39986, 101, 38.507446
39987, 107, 88.53472
39988, 113, 13.812169
39989, 116, 17.96228
39990, 114, 45.438873
39991, 112, 13.127097
39992, 114, 10.165251
39993, 114, 148.17923
39994, 119, 103.3789
39995, 116, 8.75701
39996, 109, 122.76173
39997, 108, 41.90493
39998, 104, 136.10023
39999, 105, 27.687988
40000, 116, 58.44684
40001, 108, 43.071198
40002, 111, 18.517006
40003, 106, 61.66225
40004, 118, 32.269962
40005, 110, 12.586024
40006, 107, 144.10817
40007, 114, 55.946903
40008, 103, 17.432642
40009, 119, 59.614815
40010, 113, 5.074829
40011, 119, 29.751984
40012, 116, 15.169323
40013, 106, 24.144968
40014, 119, 123.95882
40015, 118, 20.161386
40016, 105, 83.74883
40017, 109, 82.05142
40018, 110, 66.46058
40019, 110, 27.780014
40020, 115, 128.76736
40021, 100, 40.780075
40022, 105, 6.503624
40023, 104, 42.135536
40024, 110, 16.78657
40025, 111, 11.739895
40026, 119, 122.88849
40027, 119, 115.89045
40028, 118, 87.77075
40029, 114, 107.30715
40030, 111, 74.697876
40031, 115, 49.882256
40032, 102, 24.28716
40033, 112, 112.17634
40034, 108, 133.19412
40035, 110, 1.4891803
40036, 101, 18.812763
40037, 117, 29.499765
40038, 106, 117.11799
40039, 104, 6.314251
40040, 109, 53.682465
40041, 106, 2.7637033
40042, 106, 122.62419
40043, 104, 37.258183
40044, 104, 106.65771
40045, 100, 98.57113
40046, 112, 28.50801
40047, 110, 48.67135
40048, 117, 109.28494
40049, 119, 63.601597
40050, 119, 26.633701
40051, 113, 48.027706
40052, 101, 102.14165
40053, 100, 47.40773
40054, 107, 20.764133
40055, 119, 125.1171
40056, 108, 87.660706
40057, 113, 2.3845732
40058, 112, 112.96826
40059, 111, 5.458939
40060, 114, 107.47931
40061, 105, 82.626205
40062, 109, 127.84346
40063, 118, 86.96188
40064, 108, 63.365902
40065, 119, 73.822945
40066, 115, 4.490304
40067, 114, 36.906464
40068, 118, 72.385994
40069, 112, 68.52245
40070, 108, 2.2742093
40071, 108, 101.230034
40072, 108, 113.89679
40073, 119, 119.967026
40074, 113, 8.646861
40075, 104, 5.185971
40076, 101, 47.192806
40077, 114, 45.528515
40078, 114, 53.32829
40079, 110, 96.84852
40080, 102, 104.5793
40081, 103, 136.97969
40082, 104, 67.06481
40083, 101, 69.96866
40084, 115, 68.37779
40085, 119, 109.452736
40086, 108, 25.345016
40087, 108, 37.62417
40088, 112, 48.064247
40089, 102, 111.66423
40090, 110, 3.0165017
40091, 101, 133.85985
40092, 106, 77.35249
40093, 109, 65.12573
40094, 106, 99.68479
40095, 106, 49.205116
40096, 116, 136.53235
40097, 110, 3.598398
40098, 102, 14.980048
40099, 104, 111.6087
40100, 104, 45.042156
40101, 115, 122.44655
40102, 117, 64.20084
40103, 116, 23.729647
40104, 112, 56.537075
40105, 111, 123.02409
40106, 116, 67.99721
40107, 104, 75.29686
40108, 118, 46.316887
40109, 119, 130.93062
40110, 114, 116.155716
40111, 100, 99.84738
40112, 110, 72.18479
40113, 119, 54.753613
40114, 109, 76.439835
40115, 119, 44.90557
40116, 107, 45.16577
40117, 108, 25.520369
40118, 119, 149.51376
40119, 108, 146.63364
40120, 108, 35.27747
40121, 104, 142.61209
40122, 102, 36.104626
40123, 106, 114.79648
40124, 102, 145.70709
40125, 111, 89.820366
40126, 111, 73.875114
40127, 109, 89.096054
40128, 110, 123.777306
40129, 119, 46.724297
40130, 109, 51.52654
40131, 115, 120.00723
40132, 100, 81.663155
40133, 103, 112.482155
40134, 114, 52.449917
40135, 101, 86.714
40136, 113, 8.22688
40137, 117, 144.51033
40138, 119, 19.31718
40139, 108, 135.64946
40140, 111, 116.37849
40141, 105, 106.38535
40142, 105, 20.620295
40143, 102, 146.19559
40144, 117, 108.42969
40145, 108, 97.23472
40146, 100, 8.373875
40147, 104, 100.63162
40148, 107, 100.56924
40149, 112, 30.65629
40150, 118, 42.0829
40151, 115, 99.29775
40152, 105, 5.8880925
40153, 100, 49.867744
40154, 107, 53.141193
40155, 116, 44.979294
40156, 110, 88.645454
40157, 102, 132.24422
40158, 111, 105.32705
40159, 112, 89.339516
40160, 116, 91.165436
40161, 118, 25.116617
40162, 106, 106.67252
40163, 115, 44.854374
40164, 104, 148.06703
40165, 105, 134.16768
40166, 105, 95.6928
40167, 100, 119.762634
40168, 114, 98.29906
40169, 106, 123.66257
40170, 115, 146.91205
40171, 113, 103.63379
40172, 101, 119.77045
40173, 105, 126.0127
40174, 116, 74.2294
40175, 114, 7.4097185
40176, 101, 111.902145
40177, 107, 62.542274
40178, 118, 22.22574
40179, 106, 51.755108
40180, 117, 65.79183
40181, 117, 48.21556
40182, 118, 80.22829
40183, 110, 65.56139
40184, 111, 113.79504
40185, 116, 57.374237
40186, 119, 115.69622
40187, 104, 71.78104
40188, 107, 31.488901
40189, 118, 21.386612
40190, 107, 24.421057
40191, 119, 49.4505
40192, 102, 119.91186
40193, 118, 143.41412
40194, 107, 108.10526
40195, 102, 42.72295
40196, 113, 91.58514
40197, 111, 129.07721
40198, 117, 108.27455
40199, 109, 46.39063
40200, 103, 11.2631235
40201, 108, 83.884865
40202, 116, 102.196465
40203, 114, 136.07146
40204, 104, 0.84652305
40205, 108, 109.45534
40206, 106, 66.07672
40207, 113, 89.200905
40208, 112, 1.6043633
40209, 101, 144.79527
40210, 102, 90.01939
40211, 119, 42.480083
40212, 100, 130.10765
40213, 113, 32.687454
40214, 109, 129.5552
40215, 107, 105.92255
40216, 105, 37.36067
40217, 117, 29.070381
40218, 108, 113.73304
40219, 105, 25.266695
40220, 104, 128.14313
40221, 109, 64.539665
40222, 103, 132.61064
40223, 106, 17.93711
40224, 110, 126.21938
40225, 114, 59.37765
40226, 108, 36.85559
40227, 105, 43.255985
40228, 109, 90.95537
40229, 115, 56.848465
40230, 104, 43.145935
40231, 102, 63.03852
40232, 101, 142.61485
40233, 119, 107.75459
40234, 104, 30.498924
40235, 113, 21.42959
40236, 105, 93.98576
40237, 112, 7.9707475
40238, 117, 35.134712
40239, 108, 42.590565
40240, 103, 24.351892
40241, 107, 1.9355893
40242, 102, 116.996544
40243, 119, 35.46769
40244, 101, 139.53053
40245, 104, 135.01482
40246, 110, 128.65034
40247, 117, 83.36882
40248, 109, 138.72943
40249, 109, 132.66727
40250, 114, 80.82345
40251, 107, 36.655785
40252, 104, 143.3434
40253, 118, 2.5427163
40254, 112, 73.43596
40255, 107, 69.76515
40256, 117, 83.49004
40257, 102, 64.379196
40258, 117, 97.1259
40259, 105, 149.9188
40260, 116, 10.429752
40261, 101, 45.357613
40262, 105, 68.905174
40263, 109, 84.867096
40264, 118, 58.98058
40265, 104, 92.86518
40266, 111, 135.68301
40267, 100, 5.2990885
40268, 112, 119.65062
40269, 112, 63.44472
40270, 109, 37.070194
40271, 116, 27.606905
40272, 115, 60.836704
40273, 112, 44.43569
40274, 103, 68.770134
40275, 102, 131.90163
40276, 111, 75.640076
40277, 100, 68.15964
40278, 100, 59.685196
40279, 106, 18.276054
40280, 107, 110.805405
40281, 114, 83.246
40282, 110, 126.0691
40283, 106, 72.43815
40284, 104, 22.912699
40285, 116, 77.34661
40286, 109, 52.26978
40287, 100, 69.006195
40288, 101, 46.75296
40289, 114, 37.80867
40290, 103, 42.240215
40291, 118, 130.96027
40292, 107, 111.105034
40293, 115, 98.15896
40294, 102, 43.955986
40295, 119, 29.989681
40296, 114, 49.407093
40297, 110, 91.10432
40298, 110, 27.071428
40299, 112, 74.27482
40300, 114, 31.184944
40301, 114, 95.52892
40302, 103, 99.7089
40303, 112, 51.377533
40304, 100, 102.60752
40305, 108, 26.54172
40306, 114, 49.056145
40307, 108, 82.46765
40308, 105, 25.25914
40309, 117, 54.25628
40310, 101, 81.276985
40311, 118, 35.527306
40312, 115, 62.639923
40313, 101, 51.88425
40314, 110, 123.172676
40315, 102, 38.35025
40316, 102, 106.04728
40317, 106, 45.601524
40318, 117, 146.5709
40319, 102, 90.639854
40320, 101, 31.493193
40321, 116, 85.80713
40322, 104, 81.35781
40323, 115, 82.13086
40324, 115, 42.805447
40325, 119, 11.5722475
40326, 119, 31.568375
40327, 107, 51.643253
40328, 113, 82.673004
40329, 112, 23.031012
40330, 100, 3.3749075
40331, 114, 23.572514
40332, 103, 140.22588
40333, 114, 22.811974
40334, 115, 106.18894
40335, 114, 46.87492
40336, 116, 131.07016
40337, 100, 71.94425
40338, 117, 67.07605
40339, 103, 106.36299
40340, 106, 32.982365
40341, 115, 104.26677
40342, 116, 94.10003
40343, 118, 95.6039
40344, 105, 129.03078
40345, 108, 106.71941
40346, 115, 6.7544193
40347, 117, 19.314667
40348, 103, 87.24737
40349, 103, 16.469461
40350, 108, 110.889854
40351, 102, 83.2609
40352, 102, 67.476746
40353, 106, 93.27902
40354, 111, 100.437416
40355, 100, 11.413515
40356, 112, 135.05934
40357, 108, 44.615543
40358, 104, 100.84683
40359, 111, 79.488106
40360, 106, 85.29863
40361, 102, 32.71343
40362, 114, 94.07794
40363, 118, 64.37906
40364, 104, 112.26999
40365, 109, 63.96113
40366, 102, 28.078974
40367, 117, 13.944876
40368, 111, 83.722466
40369, 107, 148.19371
40370, 105, 94.36242
40371, 104, 31.442339
40372, 105, 5.2194715
40373, 114, 63.169704
40374, 100, 17.715382
40375, 118, 119.69349
40376, 119, 60.62662
40377, 109, 71.94223
40378, 108, 16.918928
40379, 116, 127.6317
40380, 100, 113.08025
40381, 110, 113.48154
40382, 109, 36.29028
40383, 110, 53.074436
40384, 111, 64.98207
40385, 104, 99.06028
40386, 115, 16.168642
40387, 115, 58.075966
40388, 110, 16.412275
40389, 104, 112.00618
40390, 108, 65.57773
40391, 112, 65.92091
40392, 112, 52.11398
40393, 100, 80.21189
40394, 110, 118.6435
40395, 107, 141.37509
40396, 104, 22.950571
40397, 100, 148.1617
40398, 117, 90.73818
40399, 117, 82.06838
40400, 119, 28.568611
40401, 119, 103.78125
40402, 109, 118.57421
40403, 100, 80.59608
40404, 113, 32.33588
40405, 111, 9.577667
40406, 114, 149.32327
40407, 112, 114.8952
40408, 116, 7.626441
40409, 111, 13.050574
40410, 100, 105.64056
40411, 101, 99.74834
40412, 118, 103.09121
40413, 118, 81.977036
40414, 113, 12.034973
40415, 107, 20.82359
40416, 117, 66.36236
40417, 116, 44.54558
40418, 109, 75.01785
40419, 113, 63.536774
40420, 103, 66.03159
40421, 114, 136.74574
40422, 110, 71.359055
40423, 113, 119.231766
40424, 108, 93.27376
40425, 103, 14.759266
40426, 105, 143.41919
40427, 118, 85.0135
40428, 107, 19.29448
40429, 117, 54.518955
40430, 108, 86.94951
40431, 113, 111.92279
40432, 109, 105.42156
40433, 111, 136.38516
40434, 106, 68.44727
40435, 108, 119.36552
40436, 119, 126.49482
40437, 113, 28.605536
40438, 101, 97.01224
40439, 102, 48.983315
40440, 111, 140.55211
40441, 109, 64.5476
40442, 106, 6.0414524
40443, 116, 66.188416
40444, 101, 101.12679
40445, 113, 143.01018
40446, 104, 51.704327
40447, 100, 79.724205
40448, 102, 139.92682
40449, 110, 14.253205
40450, 100, 9.824842
40451, 109, 18.122068
40452, 116, 103.803986
40453, 117, 134.93019
40454, 101, 88.43133
40455, 111, 0.7894546
40456, 114, 55.695435
40457, 110, 19.37846
40458, 109, 32.42072
40459, 119, 37.8252
40460, 114, 148.9953
40461, 104, 136.7589
40462, 103, 146.57657
40463, 102, 29.606411
40464, 113, 98.42908
40465, 103, 86.18661
40466, 102, 20.239492
40467, 104, 40.65191
40468, 116, 12.785464
40469, 119, 125.77187
40470, 111, 11.310723
40471, 116, 38.45149
40472, 114, 70.259964
40473, 113, 59.106438
40474, 117, 73.62908
40475, 103, 15.756494
40476, 103, 124.8667
40477, 118, 96.848015
40478, 117, 124.546135
40479, 101, 0.8190036
40480, 110, 103.53944
40481, 119, 59.104668
40482, 106, 42.786358
40483, 118, 124.65082
40484, 117, 119.54888
40485, 110, 21.90333
40486, 100, 28.308464
40487, 111, 52.857227
40488, 112, 139.17966
40489, 118, 32.858795
40490, 108, 81.48705
40491, 114, 39.41988
40492, 100, 11.968777
40493, 104, 94.67569
40494, 103, 110.327095
40495, 118, 127.051636
40496, 113, 38.324387
40497, 100, 129.02495
40498, 114, 75.58016
40499, 118, 111.706764
40500, 113, 121.92972
40501, 113, 79.202
40502, 116, 135.88942
40503, 111, 22.152964
40504, 109, 129.17746
40505, 116, 10.26898
40506, 109, 93.18177
40507, 119, 57.58387
40508, 115, 85.07927
40509, 105, 111.724655
40510, 104, 74.33249
40511, 102, 110.799286
40512, 105, 3.7415564
40513, 101, 103.22291
40514, 101, 82.22095
40515, 115, 12.616217
40516, 113, 36.66407
40517, 119, 125.252495
40518, 107, 36.497837
40519, 113, 104.31686
40520, 108, 83.762215
40521, 109, 0.122880936
40522, 101, 6.2834682
40523, 111, 42.044994
40524, 115, 60.135735
40525, 110, 129.68544
40526, 119, 114.75375
40527, 101, 76.395485
40528, 114, 40.48201
40529, 107, 114.738396
40530, 117, 82.5416
40531, 100, 47.67868
40532, 114, 47.282204
40533, 112, 140.37355
40534, 111, 92.7706
40535, 117, 28.084846
40536, 114, 34.139854
40537, 100, 43.948307
40538, 112, 60.61443
40539, 105, 56.205074
40540, 111, 36.933804
40541, 119, 91.92186
40542, 100, 142.65091
40543, 108, 54.20345
40544, 100, 119.06723
40545, 102, 24.241564
40546, 117, 65.57922
40547, 111, 78.33707
40548, 114, 125.86115
40549, 102, 0.65653324
40550, 113, 145.34827
40551, 108, 8.757806
40552, 112, 112.52134
40553, 111, 109.07024
40554, 107, 147.87396
40555, 104, 58.63038
40556, 106, 82.55736
40557, 103, 119.58524
40558, 118, 142.8249
40559, 102, 122.75764
40560, 101, 16.858677
40561, 118, 109.37715
40562, 109, 113.09232
40563, 119, 128.38339
40564, 109, 112.579636
40565, 115, 103.97411
40566, 103, 27.69068
40567, 113, 93.35054
40568, 115, 105.49923
40569, 100, 13.365027
40570, 110, 137.18562
40571, 102, 100.205086
40572, 115, 46.342503
40573, 115, 104.06201
40574, 102, 113.94888
40575, 104, 129.65201
40576, 113, 37.337494
40577, 107, 121.01978
40578, 117, 41.426243
40579, 110, 80.63944
40580, 100, 69.63707
40581, 113, 3.8501859
40582, 103, 116.37893
40583, 107, 92.69617
40584, 101, 130.28096
40585, 107, 0.2261281
40586, 107, 28.50084
40587, 101, 144.36311
40588, 118, 89.48099
40589, 102, 139.05554
40590, 100, 62.806713
40591, 117, 56.46998
40592, 104, 27.107004
40593, 110, 94.20842
