113009, 104, 24.315664
113010, 114, 30.909168
113011, 112, 96.30534
113012, 102, 38.819836
113013, 105, 58.63884
113014, 116, 111.85018
113015, 109, 55.172314
113016, 116, 30.72019
113017, 105, 103.520294
113018, 116, 40.939182
113019, 109, 130.69109
113020, 114, 82.35877
113021, 114, 71.595276
113022, 109, 109.21669
113023, 117, 146.83113
113024, 105, 6.910792
113025, 116, 66.95565
113026, 105, 82.399734
113027, 106, 56.1687
113028, 104, 34.35857
113029, 103, 27.912489
113030, 117, 98.49786
113031, 108, 56.307667
113032, 105, 27.201569
113033, 100, 139.51552
113034, 105, 130.6404
113035, 105, 45.161674
113036, 105, 122.76664
113037, 110, 64.69361
113038, 117, 119.78231
113039, 104, 88.63994
113040, 100, 113.820274
113041, 108, 80.57524
113042, 103, 90.76199
113043, 103, 124.771126
113044, 117, 17.094103
113045, 112, 103.42282
113046, 117, 122.15511
113047, 107, 95.48498
113048, 100, 33.1854
113049, 119, 64.91501
113050, 108, 64.03777
113051, 112, 149.62762
113052, 114, 87.797806
113053, 104, 114.38911
113054, 100, 102.57434
113055, 110, 3.925529
113056, 103, 75.429695
113057, 114, 135.37732
113058, 114, 119.72444
113059, 117, 138.54501
113060, 113, 30.821121
113061, 113, 14.235806
113062, 113, 73.7912
113063, 110, 17.061827
113064, 110, 18.47181
113065, 104, 7.3204904
113066, 106, 76.868004
113067, 100, 28.447687
113068, 100, 8.453983
113069, 116, 79.686066
113070, 116, 98.316696
113071, 119, 76.47123
113072, 107, 143.50938
113073, 101, 37.0542
113074, 104, 27.466106
113075, 118, 11.807942
113076, 117, 5.2140803
113077, 102, 47.070496
113078, 116, 9.45282
113079, 118, 149.35072
113080, 107, 46.109783
113081, 117, 19.47982
113082, 118, 128.6891
113083, 114, 83.43759
113084, 102, 46.81026
113085, 106, 21.880424
113086, 117, 131.92342
113087, 109, 111.901566
113088, 110, 93.94235
113089, 113, 126.33029
113090, 105, 88.71493
113091, 112, 110.55467
113092, 110, 80.35582
113093, 104, 95.92073
113094, 101, 66.18865
113095, 112, 89.55958
113096, 109, 127.05013
113097, 103, 39.200207
113098, 116, 126.44677
113099, 117, 141.56317
113100, 103, 102.28738
113101, 107, 23.70328
113102, 106, 16.123295
113103, 114, 69.05473
113104, 114, 29.90959
113105, 111, 31.835068
113106, 103, 128.4547
113107, 111, 85.966774
113108, 103, 79.030594
113109, 113, 111.6775
113110, 117, 105.91943
113111, 115, 15.934092
113112, 109, 60.10505
113113, 102, 55.41274
113114, 101, 55.02161
113115, 109, 34.060745
113116, 116, 124.69384
113117, 111, 102.8159
113118, 102, 81.57313
113119, 118, 9.766584
113120, 103, 133.33649
113121, 118, 3.029251
113122, 103, 82.753494
113123, 119, 101.54697
113124, 112, 4.491386
113125, 105, 117.20462
113126, 104, 41.91979
113127, 115, 51.371563
113128, 110, 58.92487
113129, 110, 29.526651
113130, 106, 149.40906
113131, 106, 133.86948
113132, 109, 147.215
113133, 110, 59.699802
113134, 117, 100.86999
113135, 111, 128.67891
113136, 110, 133.06137
113137, 111, 31.51128
113138, 116, 33.686337
113139, 103, 103.99215
113140, 112, 14.520621
113141, 116, 137.43825
113142, 111, 143.58728
113143, 104, 6.673756
113144, 116, 30.254745
113145, 112, 135.96223
113146, 101, 94.334785
113147, 107, 38.155766
113148, 116, 66.15223
113149, 108, 19.798985
113150, 106, 138.78664
113151, 114, 129.87628
113152, 117, 8.007717
113153, 107, 72.34902
113154, 119, 130.68025
113155, 119, 142.13612
113156, 103, 103.16609
113157, 110, 106.9947
113158, 102, 129.43806
113159, 118, 136.56438
113160, 106, 31.082994
113161, 105, 75.01254
113162, 101, 127.35107
113163, 101, 133.95627
113164, 105, 94.0313
113165, 103, 34.614258
113166, 119, 49.558372
113167, 112, 144.63214
113168, 115, 145.09505
113169, 102, 114.67217
113170, 101, 113.75157
113171, 112, 11.286825
113172, 110, 77.84831
113173, 111, 45.926132
113174, 100, 91.380035
113175, 117, 127.265305
113176, 115, 107.412964
113177, 113, 51.57451
113178, 117, 51.50605
113179, 112, 119.2615
113180, 104, 27.299086
113181, 112, 46.37174
113182, 115, 49.86654
113183, 106, 46.91675
113184, 103, 85.960625
113185, 115, 145.46832
113186, 111, 104.14426
113187, 100, 72.28673
113188, 109, 25.077448
113189, 118, 46.81042
113190, 104, 69.7107
113191, 108, 75.57996
113192, 111, 50.779964
113193, 104, 74.90792
113194, 109, 84.88951
113195, 103, 63.005054
113196, 110, 99.061806
113197, 113, 132.80751
113198, 110, 73.9575
113199, 111, 21.133429
113200, 119, 59.91421
113201, 118, 15.613979
113202, 112, 85.76171
113203, 115, 95.051926
113204, 113, 107.86124
113205, 115, 148.80502
113206, 113, 63.958435
113207, 111, 80.32142
113208, 115, 61.579872
113209, 116, 20.876375
113210, 116, 29.940578
113211, 102, 113.01255
113212, 113, 144.18723
113213, 119, 93.104095
113214, 112, 147.84213
113215, 104, 50.414997
113216, 105, 12.991941
113217, 111, 17.491882
113218, 107, 74.73794
113219, 100, 138.35336
113220, 117, 93.22511
113221, 118, 51.8226
113222, 107, 18.312254
113223, 100, 50.05196
113224, 110, 130.80652
113225, 105, 90.608086
113226, 104, 123.334236
113227, 100, 31.74652
113228, 106, 81.66813
113229, 118, 82.87667
113230, 118, 101.181725
113231, 112, 81.862305
113232, 115, 83.75463
113233, 102, 1.6754776
113234, 115, 142.47801
113235, 106, 132.14098
113236, 105, 53.520523
113237, 116, 102.62719
113238, 102, 70.19971
113239, 117, 135.84671
113240, 111, 22.208681
113241, 118, 84.65384
113242, 116, 18.700691
113243, 105, 44.009193
113244, 111, 45.844147
113245, 116, 20.605856
113246, 106, 52.301674
113247, 103, 79.70756
113248, 107, 92.21656
113249, 106, 20.148441
113250, 111, 59.52031
113251, 104, 69.270584
113252, 116, 11.525095
113253, 101, 79.9068
113254, 114, 13.509822
113255, 118, 140.58969
113256, 100, 5.5532722
113257, 106, 125.63149
113258, 101, 92.32511
113259, 116, 130.32103
113260, 108, 113.36059
113261, 103, 2.0200431
113262, 117, 130.34386
113263, 100, 122.49398
113264, 108, 62.68657
113265, 111, 126.43376
113266, 111, 44.45604
113267, 101, 22.549305
113268, 118, 67.7084
113269, 112, 39.506428
113270, 108, 49.224365
113271, 112, 131.68584
113272, 113, 146.93176
113273, 108, 146.21674
113274, 113, 123.596054
113275, 109, 57.167877
113276, 106, 36.913303
113277, 109, 1.9541144
113278, 110, 51.35866
113279, 105, 104.51675
113280, 116, 94.92542
113281, 100, 61.10302
113282, 117, 36.685
113283, 100, 29.189087
113284, 104, 55.726128
113285, 114, 18.196491
113286, 105, 83.68647
113287, 113, 97.99865
113288, 107, 84.084145
113289, 100, 40.72995
113290, 119, 88.119804
113291, 112, 69.17725
113292, 100, 85.356766
113293, 108, 78.694534
113294, 104, 129.98212
113295, 107, 63.03335
113296, 112, 104.68129
113297, 113, 121.90939
113298, 117, 26.956888
113299, 103, 49.418922
113300, 110, 104.56351
113301, 105, 21.332296
113302, 107, 72.850555
113303, 104, 78.335594
113304, 104, 98.35743
113305, 119, 24.703753
113306, 108, 79.13621
113307, 109, 24.312973
113308, 113, 130.69281
113309, 117, 88.49754
113310, 119, 90.80246
113311, 108, 24.587748
113312, 113, 56.77183
113313, 105, 103.02228
113314, 100, 122.60566
113315, 101, 14.484376
113316, 108, 56.575985
113317, 100, 25.698746
113318, 117, 117.635124
113319, 107, 63.49371
113320, 119, 63.0493
113321, 103, 134.07689
113322, 117, 59.91284
113323, 103, 34.00918
113324, 118, 12.733984
113325, 119, 88.81666
113326, 110, 52.346413
113327, 107, 65.60145
113328, 115, 60.921505
113329, 109, 68.534225
113330, 117, 142.57727
113331, 115, 30.177042
113332, 104, 50.61138
113333, 110, 115.91405
113334, 106, 80.1077
113335, 106, 134.67902
113336, 103, 77.60136
113337, 110, 10.084256
113338, 100, 57.36244
113339, 102, 93.527374
113340, 119, 21.994463
113341, 106, 142.25777
113342, 105, 35.62398
113343, 116, 106.5178
113344, 107, 17.234623
113345, 104, 42.08504
113346, 111, 25.079075
113347, 119, 43.884373
113348, 116, 24.08165
113349, 114, 138.18675
113350, 110, 37.646503
113351, 114, 4.739231
113352, 112, 93.70075
113353, 109, 68.77192
113354, 116, 67.715355
113355, 114, 44.010742
113356, 119, 5.489999
113357, 105, 74.45084
113358, 112, 15.8358965
113359, 113, 69.641426
113360, 117, 40.559677
113361, 111, 14.505779
113362, 107, 32.998592
113363, 107, 14.924839
113364, 101, 114.43743
113365, 100, 125.21857
113366, 119, 104.23632
113367, 100, 147.8445
113368, 117, 98.72329
113369, 109, 19.673332
113370, 114, 7.0997
113371, 108, 100.12636
113372, 117, 124.703735
113373, 105, 43.521915
113374, 105, 86.95636
113375, 105, 21.751562
113376, 114, 20.860899
113377, 102, 132.6541
113378, 100, 45.124187
113379, 119, 60.94925
113380, 115, 5.287224
113381, 110, 105.63078
113382, 108, 139.61305
113383, 100, 88.55744
113384, 107, 81.62552
113385, 106, 102.28037
113386, 113, 137.33559
113387, 101, 8.894777
113388, 114, 70.04948
113389, 119, 89.885475
113390, 103, 38.68753
113391, 112, 132.9448
113392, 113, 80.52057
113393, 106, 89.69468
113394, 111, 57.14936
113395, 101, 134.33975
113396, 110, 42.351276
113397, 116, 135.4293
113398, 110, 70.095695
113399, 116, 75.150116
113400, 119, 138.83018
113401, 114, 93.16151
113402, 113, 118.01658
113403, 101, 132.98433
113404, 105, 74.79086
113405, 114, 91.13621
113406, 107, 85.86806
113407, 106, 61.444168
113408, 104, 106.50899
113409, 117, 147.91707
113410, 115, 148.4393
113411, 112, 144.9149
113412, 114, 16.081247
113413, 111, 90.19893
113414, 118, 78.27447
113415, 108, 31.684238
113416, 100, 58.256256
113417, 117, 27.127897
113418, 101, 132.52557
113419, 108, 62.773266
113420, 108, 61.629723
113421, 115, 104.085724
113422, 101, 128.19763
113423, 118, 89.98132
113424, 111, 138.4087
113425, 103, 98.85707
113426, 111, 58.540688
113427, 105, 69.10137
113428, 100, 140.68263
113429, 106, 53.09945
113430, 105, 9.343976
113431, 119, 98.48215
113432, 117, 61.71136
113433, 118, 125.790146
113434, 112, 69.92909
113435, 105, 28.6477
113436, 119, 135.05286
113437, 107, 71.68144
113438, 113, 83.87053
113439, 119, 83.67981
113440, 108, 30.43972
113441, 105, 101.66985
113442, 117, 11.2105875
113443, 112, 140.94638
113444, 118, 101.890526
113445, 102, 44.5933
113446, 101, 19.045221
113447, 115, 143.03589
113448, 101, 143.66953
113449, 111, 72.631065
113450, 104, 149.55554
113451, 116, 14.61153
113452, 112, 15.855771
113453, 101, 132.55402
113454, 101, 117.36222
113455, 116, 49.950554
113456, 117, 31.716665
113457, 117, 16.16765
113458, 102, 101.61171
113459, 106, 83.90042
113460, 110, 98.37532
113461, 105, 29.151258
113462, 106, 93.07005
113463, 103, 95.54996
113464, 111, 83.96496
113465, 118, 61.54357
113466, 117, 32.167393
113467, 115, 145.75119
113468, 100, 63.809647
113469, 111, 81.03921
113470, 100, 52.511948
113471, 103, 14.548641
113472, 108, 0.333336
113473, 115, 107.33402
113474, 118, 68.09706
113475, 116, 133.17001
113476, 102, 9.320444
113477, 108, 27.354034
113478, 102, 74.47449
113479, 102, 62.795223
113480, 104, 58.722816
113481, 111, 39.078365
113482, 119, 8.880535
113483, 119, 5.841315
113484, 113, 94.11126
113485, 112, 52.45098
113486, 119, 144.21904
113487, 113, 143.71617
113488, 117, 103.1034
113489, 108, 8.680523
113490, 116, 16.760561
113491, 117, 97.5549
113492, 106, 1.1370689
113493, 114, 132.60988
113494, 117, 28.783232
113495, 100, 26.266516
113496, 113, 130.2608
113497, 109, 117.69461
113498, 113, 82.62731
113499, 115, 108.42162
113500, 117, 120.31947
113501, 114, 28.10862
113502, 111, 82.31651
113503, 107, 51.53162
113504, 103, 26.23525
113505, 115, 25.74393
113506, 117, 144.97148
113507, 114, 42.839016
113508, 114, 31.980238
113509, 108, 6.4008503
113510, 102, 114.55579
113511, 112, 15.701294
113512, 116, 25.37586
113513, 110, 12.643925
113514, 102, 135.58684
113515, 114, 24.910345
113516, 117, 27.194452
113517, 112, 92.06888
113518, 109, 61.482838
113519, 108, 61.218292
113520, 111, 149.90968
113521, 113, 13.952976
113522, 102, 101.971794
113523, 103, 17.51925
113524, 110, 115.3305
113525, 107, 55.30159
113526, 113, 32.269962
113527, 106, 119.319374
113528, 111, 37.412354
113529, 115, 27.975761
113530, 106, 32.730694
113531, 114, 135.49286
113532, 115, 8.662802
113533, 114, 1.3189137
113534, 101, 78.38033
113535, 114, 25.47462
113536, 108, 143.885
113537, 111, 75.01331
113538, 118, 77.82477
113539, 112, 49.181496
113540, 107, 76.087234
113541, 108, 103.39073
113542, 118, 20.900282
113543, 117, 103.80869
113544, 113, 60.960846
113545, 106, 0.5681008
113546, 100, 94.419044
113547, 107, 43.312607
113548, 102, 0.9613931
113549, 116, 53.87982
113550, 105, 145.46716
113551, 112, 29.77116
113552, 100, 144.32498
113553, 108, 68.63506
113554, 100, 29.745993
113555, 113, 148.99332
113556, 118, 51.815254
113557, 107, 149.70789
113558, 104, 13.805455
113559, 108, 81.92678
113560, 109, 57.828667
113561, 116, 87.41979
113562, 103, 44.57684
113563, 117, 124.433495
113564, 114, 146.86055
113565, 116, 126.221756
113566, 111, 40.836777
113567, 119, 99.42221
113568, 115, 138.84488
113569, 116, 30.359549
113570, 108, 19.783901
113571, 119, 6.809637
113572, 106, 33.08256
113573, 116, 117.082275
113574, 118, 83.49977
113575, 118, 48.12707
113576, 117, 103.90228
113577, 105, 51.253803
113578, 115, 30.24095
113579, 107, 56.125214
113580, 110, 92.91212
113581, 106, 34.514908
113582, 106, 96.81201
113583, 104, 73.38197
113584, 106, 35.726227
113585, 118, 28.564667
113586, 107, 8.772844
113587, 118, 14.621329
113588, 118, 103.86636
113589, 117, 46.995003
113590, 115, 17.651806
113591, 118, 99.383194
113592, 116, 134.80846
113593, 106, 26.581701
113594, 106, 26.118841
113595, 106, 32.2741
113596, 119, 97.958885
113597, 108, 57.794228
113598, 116, 49.56715
113599, 107, 147.40668
113600, 105, 40.115063
113601, 109, 16.617903
113602, 106, 24.827751
113603, 100, 73.801605
113604, 103, 111.95902
113605, 116, 84.44911
113606, 119, 67.54089
113607, 112, 64.34809
113608, 113, 146.23404
113609, 111, 12.065291
113610, 109, 49.071754
113611, 105, 44.138916
113612, 102, 133.70155
113613, 111, 121.53357
113614, 116, 114.182816
113615, 115, 80.98273
113616, 108, 124.318474
113617, 113, 79.93783
113618, 104, 127.55324
113619, 111, 132.41763
113620, 101, 142.10779
113621, 107, 82.18701
113622, 116, 65.22395
113623, 105, 136.93625
113624, 118, 132.37747
113625, 114, 106.05968
113626, 116, 90.13381
113627, 104, 145.85272
113628, 109, 59.198185
113629, 101, 103.4391
113630, 112, 24.383524
113631, 119, 58.44475
113632, 105, 69.61913
113633, 110, 44.00761
113634, 109, 4.633534
113635, 119, 149.18008
113636, 112, 7.5565963
113637, 108, 146.36728
113638, 103, 125.24434
113639, 114, 28.641352
113640, 107, 123.64672
113641, 109, 149.95209
113642, 108, 111.0904
113643, 100, 101.782135
113644, 104, 111.71338
113645, 118, 35.708282
113646, 107, 111.65487
113647, 115, 0.5455792
113648, 103, 118.21312
113649, 106, 74.39535
113650, 116, 89.568535
113651, 106, 139.73163
113652, 112, 79.643265
113653, 114, 10.340372
113654, 100, 39.312218
113655, 103, 116.8018
113656, 119, 48.78577
113657, 107, 143.20258
113658, 112, 76.435005
113659, 100, 37.78235
113660, 112, 25.56646
113661, 113, 46.081505
113662, 105, 135.83853
113663, 118, 74.43523
113664, 107, 105.65312
113665, 117, 128.55708
113666, 100, 128.83762
113667, 104, 148.18167
113668, 114, 144.10847
113669, 107, 148.00827
113670, 108, 31.772678
113671, 114, 34.15104
113672, 110, 93.93302
113673, 104, 97.96632
113674, 114, 73.25947
113675, 100, 146.44075
113676, 111, 47.820248
113677, 110, 131.06897
113678, 117, 1.9316554
113679, 108, 5.3446054
113680, 111, 146.44142
113681, 104, 10.804931
113682, 113, 86.38251
113683, 112, 18.203651
113684, 117, 143.77576
113685, 108, 73.12337
113686, 111, 101.13414
113687, 109, 87.01621
113688, 119, 10.559267
113689, 111, 96.3911
113690, 115, 70.63552
113691, 117, 72.234604
113692, 112, 46.033974
113693, 100, 11.194691
113694, 104, 19.588333
113695, 103, 118.57308
113696, 101, 48.34291
113697, 103, 142.19443
113698, 117, 57.458176
113699, 114, 36.952053
113700, 111, 135.3353
113701, 110, 32.24963
113702, 103, 132.11588
113703, 104, 61.50699
113704, 100, 30.210293
113705, 109, 134.0323
113706, 112, 36.66731
113707, 100, 36.173485
113708, 109, 23.028248
113709, 118, 65.59634
113710, 112, 73.30248
113711, 115, 119.78179
113712, 106, 41.933495
113713, 116, 65.38604
113714, 111, 51.661663
113715, 104, 143.00128
113716, 109, 92.48164
113717, 114, 12.602171
113718, 108, 12.372118
113719, 108, 130.05164
113720, 118, 119.09413
113721, 103, 48.426746
113722, 102, 74.02274
113723, 117, 139.25572
113724, 106, 125.33781
113725, 101, 103.57854
113726, 106, 98.29173
113727, 102, 84.85139
113728, 103, 49.946327
113729, 104, 21.435482
113730, 114, 46.951763
113731, 111, 43.998062
113732, 117, 125.63301
113733, 114, 3.9652972
113734, 118, 4.000801
113735, 108, 99.650955
113736, 111, 24.223682
113737, 106, 119.5681
113738, 103, 132.9168
113739, 106, 38.22191
113740, 105, 37.665546
113741, 104, 90.48394
113742, 100, 17.512142
113743, 102, 51.93836
113744, 106, 41.309685
113745, 116, 116.79221
113746, 109, 117.629745
113747, 102, 24.573595
113748, 113, 49.935783
113749, 102, 51.136353
113750, 112, 115.36551
113751, 108, 68.44191
113752, 112, 82.74442
113753, 106, 93.61783
113754, 118, 78.53035
113755, 107, 115.85461
113756, 105, 3.6296904
113757, 107, 147.99121
113758, 103, 36.156197
113759, 109, 80.23693
113760, 112, 76.239075
113761, 117, 89.98344
113762, 109, 131.759
113763, 102, 46.935993
113764, 102, 60.872143
113765, 112, 33.138424
113766, 105, 81.80117
113767, 115, 9.754541
113768, 103, 15.121776
113769, 102, 9.299362
113770, 107, 116.49688
113771, 116, 15.588874
113772, 100, 40.22803
113773, 104, 34.105682
113774, 116, 52.18132
113775, 106, 132.95346
113776, 102, 97.421974
113777, 117, 104.82101
113778, 114, 20.881838
113779, 119, 141.46014
113780, 109, 143.79239
113781, 111, 125.42419
113782, 106, 79.88576
113783, 110, 7.9616995
113784, 102, 40.49458
113785, 111, 15.986037
113786, 116, 53.899097
113787, 109, 109.25196
113788, 108, 26.76934
113789, 111, 19.551113
113790, 106, 134.31737
113791, 106, 21.52463
113792, 107, 38.245117
113793, 101, 135.51721
113794, 116, 25.821447
113795, 102, 75.78212
113796, 113, 55.934044
113797, 112, 80.54779
113798, 103, 91.01103
113799, 109, 136.63284
113800, 109, 88.07763
113801, 112, 31.67156
113802, 118, 44.697277
113803, 110, 26.650438
113804, 102, 128.09993
113805, 108, 53.98548
113806, 119, 99.256676
113807, 112, 147.18591
113808, 100, 90.38513
113809, 107, 74.29296
113810, 105, 109.22973
113811, 119, 118.60721
113812, 106, 16.536757
113813, 103, 142.71971
113814, 106, 142.67543
113815, 117, 92.477974
113816, 116, 43.924393
113817, 118, 95.64045
113818, 119, 103.21203
113819, 108, 95.351
113820, 106, 75.142845
113821, 119, 32.29864
113822, 116, 56.17445
113823, 101, 24.330389
113824, 109, 20.272564
113825, 104, 96.879395
113826, 102, 59.832973
113827, 112, 20.227888
113828, 107, 79.18625
113829, 106, 128.97426
113830, 100, 114.49672
113831, 103, 63.160442
113832, 115, 137.91747
113833, 110, 112.902306
113834, 119, 92.04022
113835, 107, 83.95403
113836, 111, 8.828455
113837, 116, 114.78143
113838, 106, 137.73404
113839, 114, 46.919544
113840, 103, 83.147934
113841, 119, 18.092134
113842, 114, 136.79051
113843, 106, 42.123447
113844, 102, 103.373085
113845, 114, 121.91124
113846, 115, 83.634796
113847, 118, 21.568823
113848, 106, 97.87306
113849, 111, 101.16078
113850, 105, 61.524956
113851, 118, 68.122574
113852, 108, 121.72037
113853, 114, 132.62337
113854, 114, 103.66324
113855, 105, 20.90586
113856, 115, 95.77441
113857, 113, 36.924435
113858, 113, 98.71471
113859, 112, 111.92384
113860, 104, 50.38095
113861, 110, 9.545347
113862, 106, 46.161667
113863, 113, 34.76127
113864, 112, 132.15631
113865, 100, 107.33275
113866, 116, 112.30769
113867, 106, 48.24207
113868, 107, 132.04523
113869, 118, 142.96797
113870, 107, 32.19535
113871, 112, 13.377553
113872, 102, 147.81952
113873, 111, 134.84303
113874, 118, 49.172714
113875, 115, 28.989109
113876, 116, 11.837679
113877, 107, 25.355717
113878, 103, 143.78036
113879, 106, 67.84834
113880, 108, 16.729626
113881, 119, 44.81217
113882, 107, 22.555483
113883, 107, 132.88797
113884, 118, 91.868805
113885, 109, 40.815308
113886, 106, 10.507303
113887, 109, 123.61537
113888, 104, 102.87168
113889, 106, 145.78452
113890, 105, 109.72148
113891, 100, 57.287388
113892, 119, 98.65123
113893, 119, 65.40508
113894, 109, 112.10661
113895, 110, 127.46834
113896, 117, 81.94244
113897, 104, 93.47394
113898, 100, 69.71509
113899, 106, 115.44242
113900, 108, 45.343502
113901, 103, 72.19637
113902, 116, 59.55122
113903, 112, 41.567303
113904, 119, 86.332634
113905, 107, 17.409172
113906, 105, 73.78931
113907, 111, 120.8718
113908, 112, 137.66212
113909, 104, 144.87552
113910, 105, 135.50655
113911, 114, 81.82746
113912, 106, 52.411392
113913, 119, 26.139843
113914, 103, 139.14453
113915, 104, 119.37133
113916, 116, 12.334577
113917, 115, 131.63892
113918, 110, 92.178566
113919, 113, 92.64679
113920, 117, 82.42374
113921, 101, 117.433136
113922, 103, 65.46435
113923, 104, 87.927444
113924, 103, 102.27977
113925, 104, 93.378006
113926, 104, 124.81005
113927, 112, 18.100834
113928, 119, 62.579494
113929, 106, 31.110031
113930, 105, 43.24415
113931, 105, 11.145481
113932, 114, 14.8961935
113933, 115, 134.0431
113934, 112, 102.21395
113935, 111, 0.44765174
113936, 101, 19.822275
113937, 110, 7.7587276
113938, 105, 61.92975
113939, 112, 78.0481
113940, 110, 124.065414
113941, 119, 137.50195
113942, 104, 23.00207
113943, 116, 90.90964
113944, 117, 148.06683
113945, 112, 117.95845
113946, 113, 38.14981
113947, 100, 101.46986
113948, 115, 8.392087
113949, 104, 137.84677
113950, 110, 106.678696
113951, 115, 55.025024
113952, 117, 93.79225
113953, 115, 20.812092
113954, 115, 82.70024
113955, 112, 56.730286
113956, 108, 96.39672
113957, 113, 43.889065
113958, 106, 104.53955
113959, 113, 74.27584
113960, 113, 46.503746
113961, 101, 144.45337
113962, 117, 65.618484
113963, 107, 141.67336
113964, 103, 68.01093
113965, 109, 149.00127
113966, 111, 134.2338
113967, 113, 24.083233
113968, 101, 37.829178
113969, 105, 108.64283
113970, 110, 3.3893733
113971, 116, 136.83101
113972, 104, 34.247017
113973, 107, 121.49203
113974, 102, 32.61374
113975, 114, 39.413513
113976, 103, 1.3400406
113977, 113, 15.77349
113978, 112, 72.61351
113979, 106, 139.84149
113980, 113, 136.30728
113981, 115, 25.298756
113982, 102, 115.132614
113983, 104, 8.230511
113984, 112, 8.992544
113985, 111, 48.497997
113986, 116, 105.5306
113987, 103, 89.783325
113988, 118, 142.66548
113989, 110, 146.64096
113990, 114, 69.860245
113991, 113, 134.22076
113992, 107, 121.73013
113993, 112, 54.152996
113994, 119, 67.66544
113995, 103, 68.95939
113996, 109, 144.33734
113997, 113, 95.28408
113998, 118, 136.58833
113999, 117, 92.70869
114000, 105, 59.2307
114001, 109, 100.010185
114002, 103, 111.10112
114003, 114, 60.692112
114004, 110, 116.296326
114005, 112, 23.903963
114006, 119, 138.26878
114007, 113, 70.00454
114008, 108, 5.6074085
114009, 102, 112.97473
114010, 110, 62.145218
114011, 116, 64.32879
114012, 119, 17.492214
114013, 107, 13.817149
114014, 107, 103.35906
114015, 118, 38.401222
114016, 119, 127.54277
114017, 117, 53.121902
114018, 114, 147.35266
114019, 103, 56.051804
114020, 119, 21.23056
114021, 116, 123.08811
114022, 100, 38.463173
114023, 113, 27.290565
114024, 112, 3.498298
114025, 119, 103.92598
114026, 115, 139.00981
114027, 116, 40.71679
114028, 113, 111.11429
114029, 118, 106.41445
114030, 103, 63.16611
114031, 117, 146.21959
114032, 110, 89.629776
114033, 105, 127.86911
114034, 113, 43.923935
114035, 117, 146.25041
114036, 118, 74.79791
114037, 101, 89.96539
114038, 100, 45.053146
114039, 100, 41.822605
114040, 102, 149.93614
114041, 119, 129.1074
114042, 101, 92.91463
114043, 117, 107.9069
114044, 104, 133.2576
114045, 109, 21.2748
114046, 110, 15.651342
114047, 101, 128.06856
114048, 105, 46.266087
114049, 101, 8.83592
114050, 112, 80.53917
114051, 111, 110.194984
114052, 105, 35.410667
114053, 105, 105.19575
114054, 109, 131.1027
114055, 114, 144.78264
114056, 105, 18.433105
114057, 100, 141.1902
114058, 119, 112.90919
114059, 119, 72.38653
114060, 108, 130.90291
114061, 100, 10.07857
114062, 115, 5.41403
114063, 119, 68.295105
114064, 103, 3.7143052
114065, 113, 90.74183
114066, 111, 108.799194
114067, 119, 16.673746
114068, 113, 87.33009
114069, 116, 80.9646
114070, 100, 124.370445
114071, 116, 78.75315
114072, 104, 22.160097
114073, 116, 66.614204
114074, 118, 133.81992
114075, 118, 137.91826
114076, 102, 32.318707
114077, 104, 118.96253
114078, 104, 42.526344
114079, 116, 10.376421
114080, 107, 17.723581
114081, 117, 43.388046
114082, 106, 85.00703
114083, 118, 11.187538
114084, 103, 108.803955
114085, 118, 30.70542
114086, 111, 136.39795
114087, 100, 56.617973
114088, 108, 125.44973
114089, 117, 119.13887
114090, 104, 47.566875
114091, 100, 108.17092
114092, 109, 34.29385
114093, 104, 95.68898
114094, 111, 4.4947653
114095, 103, 111.30947
114096, 111, 12.130523
114097, 101, 26.189428
114098, 110, 42.950607
114099, 114, 112.44978
114100, 114, 70.677444
114101, 118, 80.65332
114102, 113, 47.987453
114103, 105, 38.149193
114104, 103, 13.30508
114105, 112, 132.2109
114106, 118, 19.35178
114107, 119, 93.521774
114108, 102, 117.459694
114109, 103, 79.60756
114110, 105, 53.355995
114111, 111, 7.66409
114112, 117, 112.73597
114113, 113, 142.56564
114114, 106, 146.82129
114115, 109, 83.84453
114116, 102, 117.698906
114117, 117, 57.925423
114118, 117, 36.45318
114119, 117, 42.09382
114120, 100, 93.89861
114121, 104, 35.72341
114122, 107, 53.284184
114123, 109, 17.676302
114124, 113, 99.24434
114125, 112, 96.63275
114126, 100, 35.40796
114127, 112, 105.565956
114128, 104, 30.41929
114129, 107, 11.635611
114130, 109, 9.679466
114131, 110, 113.58157
114132, 107, 63.771038
114133, 101, 122.640236
114134, 109, 22.808943
114135, 105, 64.646324
114136, 114, 128.48456
114137, 108, 121.42307
114138, 110, 9.274077
114139, 102, 144.43333
114140, 104, 85.8865
114141, 117, 91.27511
114142, 117, 0.6125003
114143, 109, 67.97872
114144, 103, 95.74032
114145, 115, 108.67341
114146, 118, 43.410168
114147, 115, 47.24473
114148, 109, 11.772055
114149, 116, 130.55165
114150, 113, 89.10246
114151, 108, 72.55741
114152, 114, 11.708254
114153, 109, 12.425431
114154, 107, 104.8799
114155, 117, 89.312874
114156, 116, 49.35657
114157, 104, 53.133835
114158, 108, 57.08685
114159, 113, 14.227653
114160, 103, 58.271824
114161, 108, 36.80374
114162, 115, 144.1948
114163, 114, 38.006474
114164, 113, 43.249218
114165, 110, 33.12774
114166, 117, 41.697845
114167, 111, 50.741486
114168, 105, 58.406693
114169, 103, 8.740595
114170, 118, 8.867866
114171, 109, 54.34672
114172, 108, 100.93995
114173, 112, 15.028283
114174, 101, 45.97779
114175, 112, 61.63685
114176, 104, 93.70695
114177, 113, 141.17953
114178, 116, 19.473034
114179, 114, 59.087597
114180, 119, 111.13546
114181, 100, 35.0257
114182, 100, 136.62096
114183, 103, 37.747852
114184, 106, 1.8932104
114185, 100, 22.05399
114186, 110, 140.19757
114187, 106, 44.67045
114188, 103, 9.597704
114189, 114, 75.88383
114190, 114, 20.045284
114191, 116, 30.185518
114192, 110, 102.839676
114193, 106, 15.320742
114194, 115, 69.0386
114195, 116, 86.90514
114196, 103, 129.53757
114197, 116, 101.6856
114198, 103, 99.40758
114199, 110, 43.975155
114200, 101, 2.9559016
114201, 107, 19.987965
114202, 106, 4.351893
114203, 103, 98.65769
114204, 117, 113.90828
114205, 116, 29.047071
114206, 116, 24.002535
114207, 108, 95.20723
114208, 103, 93.361855
114209, 105, 102.175385
114210, 112, 69.70487
114211, 113, 41.843372
114212, 116, 9.178841
114213, 111, 63.923996
114214, 101, 149.81792
114215, 114, 74.866776
114216, 103, 122.04155
114217, 102, 101.94375
114218, 107, 100.757126
114219, 106, 8.351755
114220, 116, 22.84973
114221, 100, 86.09017
114222, 110, 88.52016
114223, 111, 54.456512
114224, 106, 77.471436
114225, 116, 53.01025
114226, 117, 132.37538
114227, 110, 32.443607
114228, 110, 140.1759
114229, 115, 110.16124
114230, 112, 138.38852
114231, 111, 98.0205
114232, 117, 72.03804
114233, 106, 94.51374
114234, 109, 40.65837
114235, 112, 141.92032
114236, 104, 61.384045
114237, 119, 85.22747
114238, 105, 7.257244
114239, 116, 18.934805
114240, 104, 1.7096847
114241, 117, 132.51701
114242, 103, 94.78183
114243, 110, 54.579895
114244, 101, 64.48547
114245, 119, 7.1230173
114246, 110, 75.08715
114247, 108, 116.87285
114248, 117, 3.0818672
114249, 101, 13.692892
114250, 108, 104.9216
114251, 119, 62.23781
114252, 106, 74.76796
114253, 113, 21.271662
114254, 111, 109.4185
114255, 113, 39.73234
114256, 110, 12.701967
114257, 113, 103.35173
114258, 100, 35.08229
114259, 108, 7.602355
114260, 100, 149.55351
114261, 116, 143.05804
114262, 113, 92.892746
114263, 114, 19.542736
114264, 115, 82.422516
114265, 111, 106.86677
114266, 101, 65.97313
114267, 116, 77.49664
114268, 114, 133.25493
114269, 111, 73.14329
114270, 107, 36.261715
114271, 110, 75.20438
114272, 101, 21.213833
114273, 114, 128.25348
114274, 103, 120.55154
114275, 111, 50.11254
114276, 109, 148.1079
114277, 119, 9.114924
114278, 104, 115.91924
114279, 108, 5.609527
114280, 110, 138.15428
114281, 115, 49.844597
114282, 114, 97.58987
114283, 105, 104.99611
114284, 111, 57.635765
114285, 104, 53.681705
114286, 108, 95.649216
114287, 117, 119.63289
114288, 104, 53.24613
114289, 107, 23.184505
114290, 111, 82.53329
114291, 113, 10.562226
114292, 107, 108.75567
114293, 119, 84.61402
114294, 107, 101.540375
114295, 102, 78.09256
114296, 114, 119.45531
114297, 109, 47.009296
114298, 114, 94.39298
114299, 116, 10.410082
114300, 118, 32.871662
114301, 115, 47.130535
114302, 117, 89.33504
114303, 106, 4.2082253
114304, 106, 36.123714
114305, 107, 53.912052
114306, 111, 119.455284
114307, 101, 92.950226
114308, 102, 22.304804
114309, 100, 135.76419
114310, 113, 116.08162
114311, 105, 55.227943
114312, 102, 56.545685
114313, 118, 106.23727
114314, 119, 127.533264
114315, 116, 144.2053
114316, 113, 26.202965
114317, 105, 9.032133
114318, 100, 77.294685
114319, 109, 55.507053
114320, 106, 98.31335
114321, 102, 149.47906
114322, 111, 64.04393
114323, 102, 115.01925
114324, 116, 140.37743
114325, 105, 37.64003
114326, 100, 52.842808
114327, 118, 3.3737361
114328, 106, 33.453835
114329, 103, 79.713554
114330, 103, 107.47768
114331, 100, 34.602688
114332, 102, 13.14227
114333, 107, 25.653263
114334, 104, 114.61404
114335, 118, 40.411823
114336, 112, 110.321495
114337, 111, 11.315891
114338, 111, 27.683168
114339, 109, 8.920616
114340, 100, 93.19662
114341, 100, 58.95339
114342, 112, 46.595783
114343, 102, 91.21306
114344, 101, 129.87758
114345, 107, 59.52716
114346, 113, 10.167342
114347, 110, 138.57649
114348, 117, 47.07848
114349, 113, 38.70932
114350, 115, 28.75472
114351, 110, 122.02851
114352, 109, 38.90521
114353, 114, 134.7834
114354, 103, 118.510796
114355, 101, 130.12927
114356, 116, 140.74141
114357, 104, 20.95196
114358, 101, 23.274494
114359, 102, 109.50197
114360, 101, 54.88792
114361, 103, 68.54206
114362, 105, 36.654594
114363, 115, 48.186253
114364, 103, 146.44234
114365, 118, 141.62451
114366, 118, 81.434135
114367, 103, 4.928443
114368, 105, 20.393238
114369, 113, 104.32563
114370, 108, 141.94176
114371, 117, 136.15173
114372, 115, 35.06153
114373, 114, 48.494267
114374, 104, 37.56523
114375, 101, 101.20521
114376, 114, 34.33459
114377, 110, 19.035976
114378, 115, 37.559956
114379, 115, 3.9345593
114380, 106, 64.43153
114381, 115, 123.7096
114382, 115, 145.04161
114383, 100, 47.95018
114384, 117, 64.36991
114385, 118, 139.1848
114386, 113, 62.59397
114387, 113, 98.94313
114388, 103, 1.5722036
114389, 116, 107.58511
114390, 115, 96.527115
114391, 111, 5.021301
114392, 100, 119.00158
114393, 100, 6.0322256
114394, 116, 97.47106
114395, 114, 51.13762
114396, 111, 83.77342
114397, 102, 35.37879
114398, 101, 76.997894
114399, 110, 149.44041
114400, 110, 99.75312
114401, 115, 41.256077
114402, 106, 98.987274
114403, 117, 102.02822
114404, 108, 143.569
114405, 114, 22.884706
114406, 109, 113.50547
114407, 116, 131.08347
114408, 116, 123.02309
114409, 100, 9.613895
114410, 100, 101.26824
114411, 109, 16.401226
114412, 115, 148.6934
114413, 110, 110.04636
114414, 110, 10.635718
114415, 110, 119.65561
114416, 103, 54.27392
114417, 119, 102.69949
114418, 104, 5.3628354
114419, 108, 22.639051
114420, 100, 123.64531
114421, 100, 144.93164
114422, 111, 117.97244
114423, 119, 119.449745
114424, 102, 37.1211
114425, 104, 100.41159
114426, 112, 1.8042952
114427, 108, 3.648117
114428, 110, 42.645782
114429, 100, 146.2303
114430, 109, 83.474594
114431, 113, 48.475204
114432, 104, 74.919945
114433, 110, 52.4131
114434, 117, 53.241695
114435, 109, 79.72824
114436, 100, 59.939423
114437, 106, 72.2217
114438, 106, 51.274315
114439, 106, 124.620926
114440, 114, 86.81219
114441, 116, 14.386976
114442, 106, 98.6408
114443, 116, 9.071186
114444, 107, 8.267981
114445, 115, 92.986534
114446, 105, 138.88467
114447, 111, 148.30286
114448, 108, 16.148159
114449, 113, 88.70808
114450, 111, 88.50668
114451, 115, 68.673386
114452, 100, 55.290306
114453, 110, 15.930927
114454, 106, 59.6709
114455, 114, 96.484825
114456, 113, 103.34573
114457, 118, 133.13562
114458, 112, 29.202658
114459, 117, 17.062283
114460, 112, 86.14951
114461, 100, 122.12623
114462, 100, 28.119833
114463, 108, 51.43384
114464, 111, 103.79299
114465, 109, 46.32581
114466, 111, 93.215996
114467, 114, 0.116086006
114468, 103, 2.6591063
114469, 115, 85.45802
114470, 114, 127.55725
114471, 102, 141.84932
114472, 115, 118.30817
114473, 115, 62.225792
114474, 108, 148.44684
114475, 106, 49.31339
114476, 100, 113.2252
114477, 106, 54.98895
114478, 110, 140.94162
114479, 117, 47.19363
114480, 103, 26.71245
114481, 101, 79.61327
114482, 113, 82.73145
114483, 118, 40.143944
114484, 105, 131.67696
114485, 116, 98.43309
114486, 106, 133.67871
114487, 104, 66.86429
114488, 117, 62.344444
114489, 105, 8.296341
114490, 116, 35.082962
114491, 105, 92.20486
114492, 113, 110.31345
114493, 117, 125.79933
114494, 100, 84.12608
114495, 100, 22.419565
114496, 115, 78.41105
114497, 103, 45.795403
114498, 115, 123.811905
114499, 107, 85.70411
114500, 119, 144.91223
114501, 107, 81.4395
114502, 110, 89.4693
114503, 117, 99.34242
114504, 111, 90.21044
114505, 112, 79.56302
114506, 113, 146.25221
114507, 113, 93.68976
114508, 107, 99.50326
114509, 104, 115.74482
114510, 101, 9.803859
114511, 111, 124.17077
114512, 112, 143.81364
114513, 105, 56.590317
114514, 113, 147.26257
114515, 118, 101.67534
114516, 100, 87.69067
114517, 101, 42.598415
114518, 104, 12.496787
114519, 111, 105.51787
114520, 118, 98.34446
114521, 103, 57.75116
114522, 117, 0.9985328
114523, 101, 107.441795
114524, 113, 50.82524
114525, 117, 39.144863
114526, 108, 73.99535
114527, 109, 39.636272
114528, 114, 140.06319
114529, 114, 85.171
114530, 104, 100.20526
114531, 118, 83.531815
114532, 117, 122.29156
114533, 110, 127.24333
114534, 104, 86.505356
114535, 113, 42.552612
114536, 106, 60.162502
114537, 112, 103.65586
114538, 115, 14.146507
114539, 110, 143.14012
114540, 108, 48.664684
114541, 114, 125.79773
114542, 115, 96.83999
114543, 112, 68.83071
114544, 107, 55.68309
114545, 101, 46.389565
114546, 119, 124.20491
114547, 119, 3.8223715
114548, 106, 145.77242
114549, 113, 113.86401
114550, 114, 54.191135
114551, 110, 65.55238
114552, 118, 148.86696
114553, 119, 143.696
114554, 100, 18.205484
114555, 101, 44.075283
114556, 119, 69.89129
114557, 103, 31.666517
114558, 113, 138.81041
114559, 100, 65.88708
114560, 105, 19.591614
114561, 117, 86.51926
114562, 118, 44.67524
114563, 106, 59.88864
114564, 112, 120.62194
114565, 117, 78.871506
114566, 116, 132.2068
114567, 103, 106.07905
114568, 101, 132.37512
114569, 115, 129.02232
114570, 112, 19.920258
114571, 119, 40.892654
114572, 116, 123.222115
114573, 105, 24.847376
114574, 116, 140.09357
114575, 115, 35.84893
114576, 104, 20.02741
114577, 110, 48.096603
114578, 108, 118.18849
114579, 110, 146.2592
114580, 108, 24.299543
114581, 105, 120.968636
114582, 108, 70.84408
114583, 113, 75.00862
114584, 119, 41.140625
114585, 103, 44.22023
114586, 114, 55.966984
114587, 100, 36.918255
114588, 119, 134.59952
114589, 114, 17.054085
114590, 110, 53.93323
114591, 109, 9.280175
114592, 107, 47.681297
114593, 115, 19.111446
114594, 102, 76.51965
114595, 103, 33.18487
114596, 115, 40.247215
114597, 104, 3.2173455
114598, 119, 102.6842
114599, 109, 94.514175
114600, 117, 75.781265
114601, 107, 96.02432
114602, 102, 93.182144
114603, 113, 41.859608
114604, 116, 93.98524
114605, 113, 9.547278
114606, 100, 128.68541
114607, 107, 73.94204
114608, 116, 95.60927
114609, 115, 56.873096
114610, 114, 114.81925
114611, 116, 51.242138
114612, 101, 67.33303
114613, 102, 65.43373
114614, 100, 102.89925
114615, 108, 97.661064
114616, 105, 68.72718
114617, 106, 34.956184
114618, 110, 57.921417
114619, 115, 24.849092
114620, 105, 99.04149
114621, 110, 96.871025
114622, 106, 72.07257
114623, 112, 24.56181
114624, 101, 7.812533
114625, 113, 87.10974
114626, 110, 104.499054
114627, 111, 35.393795
114628, 108, 11.404144
114629, 115, 57.24737
114630, 107, 78.83502
114631, 118, 93.34098
114632, 101, 64.93258
114633, 110, 40.30339
114634, 110, 116.119705
114635, 107, 145.52365
114636, 118, 97.59533
114637, 109, 20.929394
114638, 103, 15.103107
114639, 112, 26.60122
114640, 100, 106.7754
114641, 107, 122.61617
114642, 119, 99.63706
114643, 118, 41.919216
114644, 100, 15.804237
114645, 103, 122.19352
114646, 104, 112.77976
114647, 119, 60.53793
114648, 112, 132.3683
114649, 112, 20.363573
114650, 111, 32.62684
114651, 109, 124.27612
114652, 119, 140.987
114653, 108, 122.0398
114654, 106, 81.889244
114655, 117, 86.487526
114656, 117, 149.44905
114657, 105, 67.99409
114658, 107, 57.11345
114659, 113, 127.62225
114660, 112, 108.70228
114661, 104, 69.75232
114662, 104, 68.16233
114663, 114, 7.0654926
114664, 118, 1.9934177
114665, 111, 88.03435
114666, 117, 46.530148
114667, 100, 65.70949
114668, 103, 79.65048
114669, 117, 80.043236
114670, 112, 4.2918205
114671, 105, 104.95857
114672, 107, 92.27938
114673, 111, 127.95521
