31972, 109, 31.114697
31973, 113, 54.521683
31974, 111, 40.498764
31975, 110, 129.75192
31976, 110, 119.616
31977, 109, 149.95508
31978, 103, 66.57331
31979, 116, 131.05957
31980, 117, 85.99325
31981, 111, 23.609179
31982, 115, 94.154205
31983, 117, 80.59704
31984, 115, 63.52238
31985, 107, 86.3098
31986, 109, 43.297577
31987, 114, 102.24062
31988, 110, 57.222782
31989, 103, 41.88457
31990, 102, 62.803173
31991, 101, 24.597376
31992, 103, 124.41146
31993, 105, 55.787506
31994, 100, 13.266384
31995, 114, 125.00056
31996, 114, 139.63777
31997, 103, 83.16788
31998, 100, 40.02886
31999, 100, 99.14791
32000, 104, 68.46855
32001, 102, 95.8893
32002, 109, 84.195946
32003, 105, 89.08766
32004, 112, 144.65407
32005, 111, 8.702909
32006, 110, 44.7961
32007, 103, 60.60248
32008, 100, 96.62672
32009, 108, 128.45323
32010, 118, 139.34526
32011, 117, 4.6926765
32012, 119, 84.21636
32013, 100, 92.55587
32014, 101, 106.77467
32015, 109, 112.619225
32016, 119, 22.439602
32017, 105, 137.3258
32018, 117, 39.39305
32019, 115, 96.70974
32020, 103, 107.29808
32021, 118, 9.287569
32022, 113, 104.771164
32023, 114, 21.95431
32024, 112, 142.26556
32025, 110, 133.91891
32026, 108, 45.141335
32027, 100, 75.01208
32028, 110, 85.792816
32029, 107, 91.16615
32030, 102, 81.08055
32031, 113, 147.15425
32032, 102, 8.59201
32033, 107, 107.75033
32034, 104, 16.883049
32035, 109, 15.258783
32036, 119, 118.73597
32037, 115, 117.81303
32038, 101, 130.97682
32039, 113, 101.59116
32040, 109, 26.361412
32041, 107, 142.55334
32042, 119, 55.888958
32043, 111, 126.550186
32044, 115, 140.15125
32045, 102, 132.33049
32046, 114, 137.21785
32047, 105, 87.23666
32048, 107, 65.15739
32049, 107, 115.730774
32050, 115, 138.59004
32051, 101, 80.96398
32052, 104, 28.250143
32053, 112, 16.999617
32054, 110, 29.97821
32055, 113, 110.92458
32056, 100, 60.077976
32057, 109, 146.2161
32058, 109, 60.930473
32059, 109, 73.35805
32060, 102, 10.734209
32061, 114, 46.30867
32062, 106, 107.73366
32063, 116, 34.75912
32064, 100, 149.51598
32065, 100, 91.67706
32066, 106, 120.899796
32067, 113, 5.293259
32068, 113, 142.60439
32069, 106, 20.531326
32070, 112, 58.40948
32071, 103, 57.172207
32072, 110, 81.898384
32073, 115, 100.94795
32074, 119, 81.90547
32075, 107, 76.81268
32076, 115, 119.03847
32077, 104, 30.843079
32078, 102, 22.764793
32079, 119, 75.60619
32080, 100, 142.93806
32081, 106, 39.17832
32082, 104, 34.675304
32083, 104, 102.81698
32084, 116, 113.34069
32085, 105, 54.21668
32086, 112, 49.507107
32087, 106, 119.240486
32088, 107, 66.630775
32089, 110, 67.84926
32090, 111, 93.201004
32091, 107, 5.788949
32092, 116, 27.73244
32093, 101, 140.74173
32094, 102, 0.709936
32095, 104, 20.145554
32096, 104, 89.32105
32097, 106, 28.292084
32098, 100, 4.534274
32099, 113, 124.76007
32100, 101, 53.25065
32101, 114, 52.288162
32102, 117, 40.996056
32103, 119, 38.54925
32104, 104, 109.12061
32105, 101, 134.30557
32106, 103, 127.55829
32107, 100, 49.06076
32108, 114, 115.127106
32109, 112, 121.79751
32110, 119, 21.237722
32111, 104, 17.626835
32112, 112, 27.865711
32113, 107, 46.664795
32114, 118, 143.4177
32115, 101, 11.462742
32116, 107, 81.048454
32117, 112, 147.38799
32118, 102, 106.08846
32119, 112, 64.39267
32120, 108, 96.06894
32121, 103, 36.432426
32122, 105, 108.26887
32123, 108, 28.593636
32124, 115, 104.39054
32125, 118, 123.81822
32126, 101, 51.578236
32127, 101, 96.227066
32128, 106, 108.460655
32129, 109, 48.0096
32130, 106, 98.90182
32131, 104, 24.762493
32132, 116, 137.22528
32133, 112, 83.26259
32134, 109, 22.052666
32135, 106, 57.934822
32136, 103, 20.1877
32137, 100, 68.142685
32138, 119, 34.705013
32139, 103, 8.80571
32140, 103, 87.6344
32141, 114, 145.25323
32142, 107, 80.78393
32143, 119, 99.1799
32144, 110, 71.33841
32145, 104, 74.11346
32146, 107, 35.377007
32147, 116, 79.46747
32148, 119, 47.017086
32149, 108, 24.557814
32150, 118, 2.0722747
32151, 111, 23.148832
32152, 105, 22.27174
32153, 100, 114.405754
32154, 105, 102.82928
32155, 102, 51.488247
32156, 116, 1.0649085
32157, 112, 30.19048
32158, 106, 104.51161
32159, 108, 21.852753
32160, 100, 122.898674
32161, 102, 40.00963
32162, 101, 113.402794
32163, 116, 10.534904
32164, 111, 41.57498
32165, 101, 50.288826
32166, 107, 75.04618
32167, 118, 139.31544
32168, 109, 135.58434
32169, 117, 83.43355
32170, 115, 105.271255
32171, 104, 55.91299
32172, 117, 24.843254
32173, 100, 49.39168
32174, 110, 80.04498
32175, 112, 7.696733
32176, 102, 137.3899
32177, 103, 10.751072
32178, 110, 50.232784
32179, 107, 44.02028
32180, 110, 26.008478
32181, 100, 5.3688526
32182, 112, 90.964165
32183, 103, 78.09579
32184, 112, 7.5281916
32185, 109, 125.82087
32186, 119, 112.253365
32187, 111, 8.510381
32188, 116, 105.36511
32189, 112, 142.13129
32190, 115, 128.97165
32191, 107, 143.7928
32192, 107, 83.16902
32193, 118, 126.448265
32194, 119, 25.615204
32195, 113, 33.783657
32196, 106, 102.936714
32197, 107, 49.10158
32198, 112, 5.2686186
32199, 119, 123.09959
32200, 113, 64.10781
32201, 112, 39.8705
32202, 112, 5.9186516
32203, 107, 45.161194
32204, 114, 21.49415
32205, 112, 31.281075
32206, 113, 105.09839
32207, 106, 63.025726
32208, 116, 138.68591
32209, 100, 58.756588
32210, 116, 142.1156
32211, 106, 102.598366
32212, 116, 48.849552
32213, 104, 129.15181
32214, 103, 104.598015
32215, 110, 114.86964
32216, 109, 31.396294
32217, 103, 68.10146
32218, 112, 102.85004
32219, 116, 29.199251
32220, 105, 14.869415
32221, 109, 18.295633
32222, 108, 1.7760962
32223, 113, 5.0812483
32224, 101, 141.07776
32225, 102, 116.02147
32226, 103, 13.8607
32227, 101, 106.68056
32228, 114, 66.09963
32229, 118, 139.31068
32230, 114, 27.280703
32231, 106, 124.26765
32232, 113, 61.71417
32233, 107, 62.934673
32234, 109, 76.01622
32235, 107, 142.37604
32236, 105, 45.915592
32237, 106, 52.263565
32238, 104, 147.34145
32239, 109, 53.496452
32240, 106, 95.61738
32241, 107, 77.619774
32242, 115, 127.076195
32243, 117, 44.38963
32244, 111, 125.73208
32245, 108, 148.45253
32246, 104, 99.30679
32247, 114, 109.57069
32248, 104, 63.244728
32249, 118, 3.0088573
32250, 109, 28.327257
32251, 106, 136.95784
32252, 112, 81.28526
32253, 103, 4.389784
32254, 105, 70.34505
32255, 111, 39.83013
32256, 106, 101.31386
32257, 110, 140.34615
32258, 110, 7.6226144
32259, 118, 74.34005
32260, 100, 75.559296
32261, 102, 14.767814
32262, 106, 93.00776
32263, 118, 122.89821
32264, 108, 96.41362
32265, 117, 127.10995
32266, 115, 103.12772
32267, 113, 88.18876
32268, 113, 17.498259
32269, 113, 124.10854
32270, 111, 130.91794
32271, 110, 79.580925
32272, 112, 4.8264294
32273, 107, 28.793299
32274, 116, 101.58669
32275, 108, 20.428455
32276, 112, 57.559864
32277, 107, 60.66583
32278, 118, 7.336664
32279, 115, 48.269257
32280, 111, 22.024513
32281, 107, 131.39844
32282, 116, 69.552956
32283, 118, 6.6015425
32284, 104, 66.698715
32285, 104, 132.86559
32286, 113, 14.118057
32287, 119, 125.48474
32288, 118, 43.012405
32289, 104, 90.51414
32290, 114, 91.21248
32291, 100, 99.34117
32292, 108, 141.72585
32293, 104, 120.72652
32294, 116, 94.00385
32295, 117, 29.101038
32296, 119, 28.736052
32297, 111, 17.567816
32298, 100, 60.135044
32299, 103, 13.819483
32300, 111, 140.4172
32301, 117, 29.774273
32302, 108, 59.156227
32303, 108, 65.821724
32304, 108, 96.815414
32305, 119, 90.93922
32306, 111, 107.41176
32307, 113, 69.38844
32308, 114, 42.24877
32309, 119, 105.507195
32310, 113, 50.720528
32311, 112, 45.833786
32312, 116, 135.28848
32313, 119, 28.208014
32314, 118, 44.920967
32315, 101, 129.83397
32316, 107, 115.77605
32317, 110, 35.93403
32318, 104, 62.041542
32319, 113, 91.66594
32320, 100, 91.84337
32321, 110, 68.095894
32322, 118, 73.760574
32323, 107, 6.712568
32324, 105, 96.31204
32325, 118, 87.51881
32326, 106, 46.322384
32327, 113, 54.38323
32328, 115, 43.14241
32329, 111, 134.41418
32330, 101, 134.06276
32331, 106, 135.57808
32332, 113, 99.62022
32333, 101, 72.067566
32334, 104, 87.04173
32335, 112, 26.353079
32336, 102, 30.055574
32337, 106, 134.6662
32338, 116, 133.10468
32339, 100, 145.32219
32340, 101, 38.82635
32341, 106, 106.00126
32342, 114, 139.63376
32343, 115, 12.604952
32344, 106, 99.36561
32345, 104, 77.77481
32346, 103, 79.91676
32347, 112, 100.265076
32348, 106, 124.47069
32349, 111, 132.86914
32350, 107, 48.732815
32351, 119, 71.7385
32352, 114, 123.943214
32353, 104, 75.29608
32354, 119, 16.571135
32355, 106, 117.907166
32356, 105, 144.26146
32357, 107, 98.49781
32358, 115, 6.9934664
32359, 118, 114.21142
32360, 118, 29.967686
32361, 107, 137.99785
32362, 108, 101.55955
32363, 115, 133.72346
32364, 110, 27.62745
32365, 110, 31.534348
32366, 101, 116.418
32367, 109, 18.987349
32368, 114, 148.99591
32369, 106, 81.621124
32370, 106, 146.25792
32371, 106, 18.427473
32372, 109, 80.923615
32373, 116, 69.02895
32374, 103, 135.54941
32375, 119, 53.599674
32376, 113, 131.4318
32377, 114, 132.24686
32378, 106, 74.683205
32379, 116, 113.56544
32380, 107, 8.297592
32381, 101, 33.016823
32382, 113, 107.96444
32383, 114, 139.61221
32384, 111, 16.238674
32385, 108, 136.56429
32386, 105, 115.732376
32387, 105, 116.30277
32388, 114, 113.81879
32389, 111, 99.10326
32390, 119, 96.35271
32391, 108, 118.3377
32392, 100, 68.64558
32393, 104, 112.274086
32394, 104, 128.18301
32395, 112, 36.142616
32396, 109, 8.861831
32397, 102, 23.131084
32398, 116, 97.11195
32399, 109, 82.550095
32400, 111, 25.118341
32401, 101, 111.5025
32402, 115, 128.26207
32403, 106, 114.40403
32404, 110, 37.90294
32405, 107, 122.49733
32406, 105, 15.562839
32407, 109, 8.229312
32408, 108, 23.285902
32409, 119, 134.3438
32410, 109, 23.891428
32411, 105, 91.53415
32412, 107, 53.738354
32413, 104, 5.003965
32414, 103, 137.28342
32415, 112, 25.853168
32416, 103, 80.365036
32417, 119, 73.07048
32418, 111, 46.29627
32419, 112, 15.272122
32420, 103, 140.19295
32421, 118, 96.71222
32422, 109, 104.28037
32423, 108, 104.14929
32424, 115, 112.10781
32425, 107, 41.691246
32426, 118, 71.06051
32427, 119, 147.90482
32428, 117, 14.599532
32429, 119, 104.785545
32430, 101, 99.30756
32431, 113, 62.92438
32432, 114, 114.26664
32433, 112, 64.0392
32434, 103, 92.548615
32435, 115, 6.4484777
32436, 112, 57.396717
32437, 116, 77.86819
32438, 110, 134.86755
32439, 114, 12.506667
32440, 119, 102.12931
32441, 100, 57.884636
32442, 112, 27.57378
32443, 101, 95.00897
32444, 115, 110.504036
32445, 103, 117.4026
32446, 101, 85.59414
32447, 103, 111.1878
32448, 108, 117.633705
32449, 119, 120.21073
32450, 102, 143.3236
32451, 110, 127.77187
32452, 108, 44.958347
32453, 118, 93.601555
32454, 100, 22.293707
32455, 113, 102.381096
32456, 113, 113.93152
32457, 103, 147.62122
32458, 116, 130.8682
32459, 108, 55.05978
32460, 103, 116.51877
32461, 110, 69.58814
32462, 102, 27.941652
32463, 105, 51.882874
32464, 113, 59.06126
32465, 112, 10.240191
32466, 114, 95.767235
32467, 119, 0.5704522
32468, 111, 123.14754
32469, 111, 39.96336
32470, 113, 36.125885
32471, 115, 78.497665
32472, 119, 74.5442
32473, 108, 55.945827
32474, 115, 33.701332
32475, 101, 5.300787
32476, 115, 9.350771
32477, 101, 100.703285
32478, 108, 50.55439
32479, 118, 137.37715
32480, 108, 74.33818
32481, 108, 23.141357
32482, 113, 144.53957
32483, 118, 83.9225
32484, 109, 41.438232
32485, 117, 135.46901
32486, 115, 4.9223633
32487, 100, 145.17528
32488, 107, 42.199417
32489, 111, 9.998041
32490, 116, 13.722852
32491, 105, 133.75858
32492, 115, 81.34029
32493, 109, 13.47295
32494, 118, 128.07085
32495, 103, 22.204113
32496, 107, 22.814253
32497, 111, 139.33401
32498, 111, 90.108116
32499, 110, 46.087513
32500, 113, 91.37484
32501, 112, 26.821358
32502, 105, 94.522095
32503, 108, 81.54065
32504, 110, 16.456148
32505, 113, 75.40306
32506, 107, 18.992418
32507, 104, 91.60768
32508, 111, 102.09826
32509, 111, 47.27052
32510, 112, 15.84388
32511, 104, 52.281414
32512, 116, 101.8428
32513, 106, 138.10359
32514, 102, 12.874532
32515, 103, 56.55319
32516, 104, 23.187536
32517, 112, 83.312675
32518, 111, 46.19338
32519, 117, 47.829224
32520, 106, 51.305832
32521, 104, 121.993546
32522, 104, 1.132974
32523, 109, 140.23952
32524, 118, 120.16522
32525, 114, 146.5631
32526, 105, 31.975025
32527, 116, 101.757996
32528, 101, 103.77538
32529, 113, 40.836014
32530, 116, 76.19595
32531, 100, 124.11286
32532, 102, 88.04111
32533, 116, 38.107475
32534, 112, 77.54001
32535, 113, 122.81281
32536, 108, 139.61984
32537, 104, 114.44715
32538, 112, 111.55654
32539, 106, 90.73074
32540, 104, 41.01516
32541, 105, 137.51926
32542, 106, 93.9706
32543, 105, 88.50116
32544, 112, 33.720177
32545, 109, 11.751437
32546, 118, 86.28112
32547, 102, 44.676205
32548, 105, 65.03843
32549, 105, 94.24401
32550, 111, 17.125814
32551, 106, 97.561714
32552, 118, 43.015846
32553, 117, 132.605
32554, 115, 122.47217
32555, 112, 8.410129
32556, 101, 21.338207
32557, 107, 26.775858
32558, 112, 75.726234
32559, 104, 16.435968
32560, 101, 85.99503
32561, 114, 119.68621
32562, 100, 108.58473
32563, 110, 27.472614
32564, 116, 82.9147
32565, 100, 93.43526
32566, 109, 37.053547
32567, 115, 57.72754
32568, 102, 86.17299
32569, 103, 103.348366
32570, 119, 23.302067
32571, 103, 105.15917
32572, 106, 148.56926
32573, 116, 33.755207
32574, 102, 104.44008
32575, 118, 41.467373
32576, 107, 116.68489
32577, 101, 117.264496
32578, 116, 42.15803
32579, 100, 136.44383
32580, 108, 146.6185
32581, 119, 22.92307
32582, 109, 33.311455
32583, 102, 146.65623
32584, 108, 64.74001
32585, 113, 117.77988
32586, 113, 43.805008
32587, 109, 78.102745
32588, 117, 37.92401
32589, 107, 138.93623
32590, 102, 103.933876
32591, 110, 120.99148
32592, 103, 78.919304
32593, 109, 120.12703
32594, 117, 31.466997
32595, 119, 92.51502
32596, 119, 27.89585
32597, 116, 59.10606
32598, 114, 77.358
32599, 113, 87.7324
32600, 103, 15.140435
32601, 113, 10.578033
32602, 111, 112.27285
32603, 101, 90.05928
32604, 114, 16.250637
32605, 108, 89.30799
32606, 115, 65.73287
32607, 107, 30.643978
32608, 110, 103.1014
32609, 106, 116.54885
32610, 108, 125.43275
32611, 101, 18.151438
32612, 108, 38.31024
32613, 100, 7.8184247
32614, 113, 16.793749
32615, 106, 95.493355
32616, 115, 56.700798
32617, 113, 40.865288
32618, 114, 59.940605
32619, 113, 115.22061
32620, 119, 74.83182
32621, 101, 135.98466
32622, 119, 4.499683
32623, 111, 99.392334
32624, 113, 88.26696
32625, 114, 82.76669
32626, 108, 40.167763
32627, 112, 130.0872
32628, 118, 5.796826
32629, 109, 77.38319
32630, 106, 24.76328
32631, 100, 77.61352
32632, 117, 94.18783
32633, 113, 64.950356
32634, 106, 114.7987
32635, 112, 49.426853
32636, 104, 119.49022
32637, 107, 22.159517
32638, 106, 148.45995
32639, 118, 32.594143
32640, 101, 128.36382
32641, 105, 65.32907
32642, 111, 53.608246
32643, 106, 61.639576
32644, 119, 68.96273
32645, 100, 147.46396
32646, 104, 137.69868
32647, 109, 28.38175
32648, 117, 116.19053
32649, 105, 131.58809
32650, 117, 129.97581
32651, 110, 3.4679623
32652, 102, 110.48495
32653, 108, 27.268106
32654, 113, 66.60697
32655, 119, 60.439636
32656, 104, 5.6049943
32657, 115, 15.658477
32658, 104, 86.94751
32659, 109, 56.527607
32660, 103, 67.65106
32661, 109, 24.592924
32662, 104, 129.24467
32663, 100, 30.167458
32664, 115, 142.80353
32665, 115, 132.51308
32666, 111, 29.74755
32667, 109, 51.77663
32668, 102, 39.814022
32669, 106, 145.24117
32670, 112, 139.60674
32671, 111, 17.943727
32672, 103, 129.00609
32673, 111, 50.95305
32674, 100, 147.09792
32675, 111, 85.32566
32676, 110, 118.806496
32677, 102, 135.79234
32678, 105, 133.1586
32679, 103, 3.5460591
32680, 115, 96.65562
32681, 118, 123.88582
32682, 108, 133.33858
32683, 119, 10.978577
32684, 109, 5.8240147
32685, 101, 73.01027
32686, 105, 87.35977
32687, 117, 28.48565
32688, 109, 120.49542
32689, 104, 130.48724
32690, 103, 134.07147
32691, 118, 98.846886
32692, 119, 38.377335
32693, 103, 131.61609
32694, 114, 111.08308
32695, 115, 135.02771
32696, 116, 111.12813
32697, 115, 35.934196
32698, 114, 131.65993
32699, 112, 79.684906
32700, 100, 61.36769
32701, 109, 18.400187
32702, 119, 91.765656
32703, 102, 45.61092
32704, 103, 28.537863
32705, 118, 139.93256
32706, 113, 37.961243
32707, 116, 43.660034
32708, 104, 96.72074
32709, 119, 4.24397
32710, 107, 12.268228
32711, 103, 66.45088
32712, 109, 18.913088
32713, 107, 4.1228237
32714, 105, 14.931241
32715, 102, 103.00765
32716, 119, 74.95194
32717, 102, 66.11513
32718, 106, 57.338985
32719, 104, 20.967043
32720, 113, 59.102913
32721, 115, 147.39395
32722, 107, 96.40028
32723, 100, 101.37275
32724, 112, 19.350752
32725, 111, 28.377745
32726, 118, 117.5222
32727, 100, 46.251263
32728, 110, 82.007576
32729, 108, 68.96716
32730, 106, 114.250114
32731, 119, 45.48011
32732, 106, 41.697094
32733, 104, 117.405525
32734, 107, 104.68518
32735, 105, 2.8762846
32736, 107, 32.587563
32737, 115, 130.43826
32738, 114, 4.316828
32739, 105, 68.16331
32740, 106, 23.399815
32741, 103, 85.37163
32742, 112, 146.68852
32743, 111, 80.59715
32744, 106, 105.655594
32745, 118, 124.68709
32746, 117, 146.60577
32747, 118, 121.53244
32748, 113, 79.638
32749, 103, 149.86853
32750, 102, 87.45996
32751, 102, 3.108707
32752, 100, 106.49164
32753, 105, 54.57495
32754, 116, 44.664833
32755, 114, 142.2071
32756, 110, 109.35088
32757, 110, 71.54133
32758, 107, 64.364944
32759, 112, 36.865147
32760, 103, 2.8924494
32761, 118, 124.97028
32762, 116, 92.71368
32763, 109, 116.86124
32764, 113, 128.82324
32765, 116, 104.75085
32766, 106, 54.76893
32767, 119, 24.05744
32768, 112, 129.94344
32769, 118, 141.86363
32770, 104, 108.25467
32771, 108, 146.65274
32772, 118, 1.4076769
32773, 116, 82.88521
32774, 119, 11.844009
32775, 119, 126.21694
32776, 101, 125.245186
32777, 114, 8.271933
32778, 103, 26.13911
32779, 119, 62.308735
32780, 112, 13.0904045
32781, 102, 91.834114
32782, 108, 139.63937
32783, 116, 144.20921
32784, 105, 120.38253
32785, 112, 65.07796
32786, 112, 59.042732
32787, 100, 88.666084
32788, 114, 101.90276
32789, 108, 14.0343275
32790, 100, 2.3397624
32791, 105, 119.5391
32792, 119, 73.89778
32793, 100, 131.92657
32794, 102, 69.071266
32795, 106, 81.438156
32796, 110, 26.645914
32797, 118, 24.959305
32798, 104, 93.799736
32799, 107, 93.93739
32800, 103, 114.28573
32801, 107, 14.71636
32802, 108, 0.8323163
32803, 114, 149.86765
32804, 115, 56.168926
32805, 103, 4.7832727
32806, 105, 27.847757
32807, 119, 1.4499485
32808, 113, 28.545357
32809, 118, 34.30025
32810, 118, 24.126139
32811, 105, 12.81218
32812, 113, 90.252884
32813, 114, 47.101208
32814, 111, 16.4536
32815, 111, 59.06379
32816, 118, 17.316904
32817, 110, 31.038183
32818, 118, 115.81206
32819, 102, 28.987385
32820, 111, 17.1916
32821, 117, 2.5583892
32822, 116, 30.613455
32823, 106, 48.541073
32824, 108, 25.288063
32825, 100, 130.81125
32826, 109, 146.4917
32827, 107, 90.09771
32828, 112, 71.42226
32829, 116, 132.37315
32830, 117, 58.106213
32831, 114, 111.32767
32832, 104, 93.4635
32833, 109, 131.84178
32834, 119, 58.590424
32835, 108, 9.575513
32836, 101, 90.236244
32837, 100, 53.200775
32838, 107, 68.546295
32839, 103, 115.6302
32840, 100, 4.4883013
32841, 119, 101.541794
32842, 117, 96.64399
32843, 110, 131.88107
32844, 116, 56.106483
32845, 106, 94.51561
32846, 115, 64.16701
32847, 115, 17.628881
32848, 106, 52.60731
32849, 116, 149.95335
32850, 106, 26.264164
32851, 111, 114.22492
32852, 113, 119.25816
32853, 112, 140.27382
32854, 115, 5.1309943
32855, 110, 134.72339
32856, 112, 88.14862
32857, 105, 113.96532
32858, 109, 2.511835
32859, 118, 77.90434
32860, 102, 117.836525
32861, 103, 40.31862
32862, 105, 2.2831054
32863, 106, 33.828808
32864, 106, 113.86453
32865, 114, 43.5801
32866, 117, 29.997952
32867, 114, 30.228218
32868, 115, 118.01403
32869, 109, 42.64776
32870, 104, 77.8377
32871, 113, 87.09838
32872, 109, 12.620258
32873, 101, 126.14506
32874, 106, 73.88672
32875, 104, 104.27779
32876, 103, 20.064657
32877, 115, 5.4341197
32878, 106, 53.65653
32879, 107, 107.88653
32880, 108, 58.12548
32881, 119, 0.41206777
32882, 117, 144.35806
32883, 117, 32.291348
32884, 117, 149.18819
32885, 101, 91.08027
32886, 108, 0.2105087
32887, 107, 95.04412
32888, 102, 37.96785
32889, 113, 93.94673
32890, 113, 34.59416
32891, 111, 52.926163
32892, 111, 147.23973
32893, 115, 142.99261
32894, 106, 83.247444
32895, 105, 44.488667
32896, 103, 87.87136
32897, 102, 65.12522
32898, 117, 92.377686
32899, 105, 15.882057
32900, 109, 20.596594
32901, 103, 30.021769
32902, 102, 58.02336
32903, 110, 10.166001
32904, 102, 84.87937
32905, 118, 98.666504
32906, 110, 97.29835
32907, 102, 21.805214
32908, 111, 31.3012
32909, 108, 4.2683334
32910, 108, 67.182144
32911, 108, 129.36798
32912, 118, 71.6774
32913, 110, 131.87918
32914, 102, 87.96362
32915, 100, 70.320465
32916, 113, 77.9754
32917, 108, 28.711662
32918, 105, 114.51367
32919, 107, 92.07958
32920, 102, 137.35869
32921, 105, 49.160297
32922, 112, 144.54712
32923, 109, 16.940367
32924, 116, 67.027596
32925, 107, 84.4973
32926, 112, 4.5975833
32927, 106, 83.52403
32928, 115, 105.628914
32929, 115, 3.822854
32930, 105, 102.826836
32931, 111, 18.319693
32932, 116, 113.457245
32933, 102, 34.58179
32934, 108, 3.4463882
32935, 109, 105.19388
32936, 102, 71.77465
32937, 119, 145.85449
32938, 105, 93.90233
32939, 114, 72.131905
32940, 102, 5.469641
32941, 110, 100.42884
32942, 109, 3.1876712
32943, 118, 92.74535
32944, 116, 54.3594
32945, 101, 136.8015
32946, 113, 129.57146
32947, 104, 135.39227
32948, 118, 21.92063
32949, 114, 82.60355
32950, 113, 36.72286
32951, 104, 8.440966
32952, 115, 98.77186
32953, 115, 44.247875
32954, 117, 134.20657
32955, 115, 100.09868
32956, 113, 77.27488
32957, 108, 148.00388
32958, 112, 111.152725
32959, 113, 143.72816
32960, 115, 117.95993
32961, 100, 90.08351
32962, 100, 73.163765
32963, 103, 53.994484
32964, 103, 54.231342
32965, 109, 4.4512153
32966, 110, 7.541898
32967, 110, 75.48628
32968, 111, 82.35641
32969, 115, 74.20204
32970, 101, 70.147354
32971, 106, 46.265842
32972, 103, 140.17917
32973, 102, 70.225296
32974, 115, 88.07325
32975, 110, 29.621645
32976, 117, 78.61783
32977, 103, 107.800644
32978, 109, 84.640755
32979, 100, 36.130215
32980, 107, 9.765405
32981, 106, 106.7825
32982, 110, 105.59251
32983, 111, 32.215084
32984, 114, 20.597862
32985, 108, 119.82376
32986, 111, 20.788399
32987, 117, 45.61488
32988, 111, 52.735565
32989, 112, 5.037671
32990, 114, 83.683235
32991, 105, 58.469315
32992, 114, 109.71846
32993, 116, 37.04281
32994, 106, 96.969864
32995, 115, 126.627266
32996, 112, 120.79776
32997, 106, 79.07883
32998, 105, 10.128182
32999, 109, 132.33199
33000, 110, 122.156494
33001, 103, 115.04027
33002, 102, 98.24512
33003, 102, 84.76872
33004, 108, 35.39772
33005, 108, 124.93309
33006, 118, 16.728786
33007, 115, 134.66826
33008, 108, 142.52016
33009, 112, 62.937023
33010, 111, 9.815052
33011, 100, 14.096037
33012, 106, 61.197002
33013, 114, 45.085682
33014, 100, 139.08582
33015, 115, 105.79985
33016, 114, 96.52379
33017, 105, 54.905407
33018, 101, 138.50464
33019, 108, 28.550926
33020, 111, 14.485395
33021, 102, 93.60797
33022, 117, 139.93858
33023, 103, 114.85162
33024, 109, 143.44937
33025, 102, 144.7605
33026, 106, 42.60312
33027, 107, 6.676573
33028, 111, 140.94211
33029, 117, 78.48724
33030, 111, 22.809961
33031, 104, 59.00873
33032, 117, 22.269165
33033, 102, 129.28046
33034, 114, 9.3710575
33035, 116, 124.13168
33036, 105, 70.612045
33037, 102, 113.873085
33038, 117, 22.40038
33039, 112, 139.83524
33040, 109, 56.3619
33041, 101, 21.005873
33042, 116, 10.830787
33043, 110, 74.82994
33044, 118, 33.237595
33045, 116, 115.84381
33046, 118, 11.3944
33047, 111, 11.516467
33048, 115, 135.78297
33049, 115, 129.47
33050, 111, 14.750639
33051, 105, 136.33688
33052, 102, 53.88497
33053, 115, 43.891926
33054, 119, 89.627144
33055, 100, 64.31616
33056, 109, 29.195435
33057, 112, 126.01406
33058, 104, 24.426573
33059, 108, 58.448204
33060, 115, 60.289173
33061, 115, 33.96088
33062, 100, 120.46143
33063, 112, 32.369167
33064, 114, 37.906326
33065, 103, 64.3376
33066, 103, 47.898342
33067, 105, 93.03059
33068, 107, 143.57037
33069, 104, 126.93025
33070, 115, 100.91034
33071, 118, 4.4290066
33072, 114, 108.20834
33073, 116, 83.89766
33074, 114, 88.87855
33075, 118, 15.910631
33076, 107, 113.832886
33077, 117, 38.65849
33078, 113, 95.88959
33079, 110, 127.90331
33080, 110, 53.947933
33081, 103, 52.622025
33082, 119, 96.59068
33083, 105, 31.31547
33084, 114, 10.566751
33085, 108, 147.46532
33086, 118, 114.84511
33087, 119, 67.18186
33088, 116, 64.3878
33089, 114, 19.284529
33090, 109, 68.18357
33091, 104, 145.33395
33092, 115, 60.65571
33093, 103, 125.98277
33094, 106, 121.35936
33095, 100, 67.97532
33096, 116, 143.08029
33097, 105, 14.964625
33098, 118, 37.657024
33099, 108, 69.239876
33100, 100, 66.45441
33101, 109, 47.101665
33102, 101, 53.279446
33103, 114, 30.50741
33104, 106, 42.62369
33105, 101, 43.9716
33106, 103, 24.436193
33107, 118, 135.61227
33108, 110, 2.7331085
33109, 105, 105.55311
33110, 114, 141.82074
33111, 105, 113.2475
33112, 109, 1.540339
33113, 109, 48.891743
33114, 114, 52.674885
33115, 100, 72.355064
33116, 114, 67.168655
33117, 114, 0.8626163
33118, 116, 121.91861
33119, 106, 59.83071
33120, 113, 81.784195
33121, 111, 103.697464
33122, 105, 37.43445
33123, 116, 65.17643
33124, 119, 127.92758
33125, 102, 55.793694
33126, 116, 75.0103
33127, 101, 130.4757
33128, 111, 131.75912
33129, 114, 124.27656
33130, 113, 79.45139
33131, 113, 20.014841
33132, 109, 147.99704
33133, 105, 122.17436
33134, 104, 12.236291
33135, 102, 17.818764
33136, 118, 118.35712
33137, 112, 82.73917
33138, 109, 62.66242
33139, 118, 130.53838
33140, 116, 147.9977
33141, 108, 35.535736
33142, 111, 91.84326
33143, 116, 10.75151
33144, 114, 79.94183
33145, 111, 130.16977
33146, 110, 97.31248
33147, 119, 66.42407
33148, 118, 69.41618
33149, 106, 88.15937
33150, 107, 24.803558
33151, 100, 12.50808
33152, 113, 133.10495
33153, 119, 65.68753
33154, 118, 12.713724
33155, 107, 95.89879
33156, 105, 131.61426
33157, 105, 87.22642
33158, 113, 25.767017
33159, 110, 10.471451
33160, 104, 125.97116
33161, 100, 86.17337
33162, 118, 107.22119
33163, 104, 84.43432
33164, 111, 17.503756
33165, 112, 64.110115
33166, 103, 120.42881
33167, 112, 109.702614
33168, 103, 94.32799
33169, 101, 145.88972
33170, 118, 9.303904
33171, 102, 42.922256
33172, 113, 26.305988
33173, 104, 92.98172
33174, 118, 26.774311
33175, 112, 17.919006
33176, 103, 145.65248
33177, 113, 29.64178
33178, 112, 23.73856
33179, 106, 132.37311
33180, 110, 0.18196106
33181, 115, 68.4068
33182, 103, 116.867645
33183, 103, 51.162357
33184, 113, 69.32716
33185, 111, 108.50163
33186, 115, 59.940334
33187, 108, 29.626474
33188, 118, 143.86258
33189, 103, 29.807175
33190, 101, 76.10324
33191, 106, 2.1868587
33192, 101, 20.393757
33193, 117, 127.53528
33194, 118, 96.31554
33195, 100, 86.95152
33196, 103, 113.57367
33197, 109, 17.737583
33198, 115, 143.13228
33199, 109, 19.347345
33200, 105, 102.36428
33201, 115, 65.97119
33202, 113, 36.714954
33203, 110, 15.272185
33204, 118, 18.3951
33205, 114, 88.40222
33206, 112, 67.56921
33207, 102, 126.57311
33208, 101, 59.33592
33209, 100, 4.960683
33210, 113, 93.32078
33211, 103, 33.950867
33212, 106, 101.33446
33213, 113, 131.9426
33214, 116, 107.01051
33215, 102, 82.896164
33216, 109, 102.10823
33217, 115, 98.15457
33218, 107, 143.57141
33219, 111, 50.82363
33220, 114, 118.05444
33221, 102, 96.008
33222, 106, 74.1134
33223, 112, 24.062876
33224, 117, 31.495472
33225, 118, 84.25411
33226, 105, 64.354515
33227, 118, 107.73764
33228, 108, 65.15549
33229, 102, 99.61984
33230, 115, 2.249837
33231, 106, 82.98227
33232, 111, 86.559
33233, 111, 94.19388
33234, 117, 114.017715
33235, 110, 14.399672
33236, 110, 81.54975
33237, 114, 124.45954
33238, 117, 34.86601
33239, 111, 3.630951
33240, 118, 39.615215
33241, 113, 140.17342
33242, 103, 0.95843375
33243, 104, 12.270078
33244, 106, 26.192575
33245, 107, 113.64596
33246, 113, 13.8025675
33247, 112, 99.8602
33248, 110, 119.249664
33249, 107, 107.67923
33250, 114, 147.75302
33251, 112, 83.897385
33252, 100, 17.932892
33253, 104, 34.30396
33254, 112, 32.493668
33255, 112, 111.34049
33256, 108, 96.51817
33257, 100, 61.06654
33258, 115, 120.69804
33259, 105, 24.759811
33260, 107, 138.38559
33261, 119, 85.55888
33262, 100, 88.94691
33263, 114, 136.0255
33264, 110, 82.03098
33265, 106, 10.21742
33266, 112, 118.848885
33267, 110, 119.25056
33268, 116, 89.91775
33269, 112, 42.15778
33270, 118, 78.72988
33271, 115, 72.76057
33272, 101, 88.244385
33273, 102, 96.476494
33274, 102, 113.666664
33275, 118, 26.790289
33276, 102, 64.30321
33277, 113, 74.52745
33278, 114, 6.9367647
33279, 101, 116.42032
33280, 101, 65.859634
33281, 108, 40.64388
33282, 105, 123.66172
33283, 101, 111.64051
33284, 111, 35.38724
33285, 116, 100.222305
33286, 104, 30.598427
33287, 105, 87.71074
33288, 117, 101.501976
33289, 119, 15.588704
33290, 114, 44.512947
33291, 116, 19.375437
33292, 102, 1.7118841
33293, 119, 10.828114
33294, 111, 70.23864
33295, 116, 121.78206
33296, 100, 5.288458
33297, 117, 102.85199
33298, 117, 81.10735
33299, 106, 36.02711
33300, 110, 15.998652
33301, 116, 5.2350907
33302, 101, 25.010973
33303, 110, 62.004635
33304, 109, 103.50951
33305, 108, 28.03519
33306, 108, 30.157274
33307, 119, 142.0208
33308, 112, 50.326298
33309, 118, 21.848398
33310, 111, 130.48224
33311, 119, 64.47415
33312, 116, 24.106693
33313, 103, 22.760681
33314, 111, 43.01817
33315, 118, 54.6078
33316, 112, 74.10062
33317, 109, 56.832504
33318, 116, 62.305527
33319, 119, 90.40095
33320, 116, 72.470085
33321, 110, 44.43013
33322, 115, 105.466606
33323, 102, 39.843742
33324, 117, 121.744736
33325, 119, 3.5180926
33326, 116, 108.38367
33327, 101, 112.603775
33328, 114, 9.468976
33329, 106, 11.431521
33330, 104, 125.17333
33331, 104, 71.17663
33332, 118, 110.90183
33333, 102, 108.96087
33334, 106, 67.74011
33335, 103, 62.7253
33336, 100, 128.09132
33337, 115, 49.79132
33338, 107, 84.91239
33339, 108, 91.89614
33340, 107, 46.113934
33341, 102, 9.428939
33342, 115, 3.2701044
33343, 112, 36.696365
33344, 106, 126.95976
33345, 107, 99.569145
33346, 110, 11.819985
33347, 110, 107.06989
33348, 107, 58.704613
33349, 113, 22.255684
33350, 112, 14.936122
33351, 104, 47.74018
33352, 109, 109.8342
33353, 108, 128.83604
33354, 117, 118.23815
33355, 115, 105.2024
33356, 115, 27.737627
33357, 103, 143.36787
33358, 103, 63.174873
33359, 108, 98.85782
33360, 111, 11.602897
33361, 112, 140.53096
33362, 107, 100.55622
33363, 113, 51.953316
33364, 110, 116.3646
33365, 100, 46.167927
33366, 100, 10.856115
33367, 105, 99.76814
33368, 115, 66.906235
33369, 105, 62.39235
33370, 110, 1.35912
33371, 118, 132.40797
33372, 102, 67.596825
33373, 101, 45.23974
33374, 110, 102.6126
33375, 113, 14.646641
33376, 110, 14.645397
33377, 102, 118.97472
33378, 105, 147.03476
33379, 105, 147.03545
33380, 108, 14.989749
33381, 105, 60.2741
33382, 110, 140.68921
33383, 102, 114.631256
33384, 104, 53.98593
33385, 107, 67.77616
33386, 102, 53.658844
33387, 119, 130.01834
33388, 104, 30.206833
33389, 106, 47.268345
33390, 107, 121.15134
33391, 102, 106.251625
33392, 117, 73.27329
33393, 111, 55.622677
33394, 107, 133.23068
33395, 111, 88.48956
33396, 111, 55.12171
33397, 111, 9.352228
33398, 113, 5.4198146
33399, 106, 8.656677
33400, 115, 43.916775
33401, 104, 100.47652
33402, 105, 63.888905
33403, 116, 4.2136164
33404, 102, 40.12776
33405, 108, 47.963573
33406, 119, 37.30292
33407, 108, 64.74502
33408, 104, 147.62793
33409, 118, 124.66168
33410, 108, 4.373288
33411, 108, 53.433384
33412, 105, 78.49733
33413, 107, 8.65328
33414, 104, 125.31082
33415, 119, 123.218185
33416, 107, 29.352818
33417, 108, 117.31717
33418, 107, 86.15799
33419, 103, 57.752975
33420, 114, 20.469368
33421, 104, 106.399536
33422, 107, 57.82685
33423, 118, 91.47365
33424, 119, 83.17812
33425, 105, 47.822098
33426, 115, 82.259056
33427, 109, 88.88572
33428, 112, 32.983116
33429, 119, 125.76765
33430, 110, 36.11947
33431, 113, 82.963974
33432, 113, 125.66855
33433, 112, 14.266777
33434, 106, 46.549835
33435, 119, 57.25624
33436, 102, 148.98315
33437, 115, 110.70107
33438, 119, 124.832985
33439, 115, 140.81746
33440, 118, 110.93091
33441, 119, 130.27693
33442, 103, 33.444134
33443, 106, 79.932365
33444, 118, 139.4667
33445, 100, 135.386
33446, 111, 30.3354
33447, 109, 60.164307
33448, 109, 133.48369
33449, 111, 17.956825
33450, 119, 140.19058
33451, 107, 83.65362
33452, 116, 34.661472
33453, 117, 38.719707
33454, 112, 116.94473
33455, 107, 13.414916
33456, 107, 10.0132675
33457, 114, 60.07966
33458, 111, 81.697975
33459, 119, 73.943756
33460, 105, 132.78165
33461, 118, 35.6142
33462, 115, 11.532757
33463, 105, 109.61178
33464, 104, 95.29982
33465, 110, 38.278225
33466, 111, 73.38195
33467, 110, 81.707886
33468, 112, 132.1105
33469, 109, 12.02124
33470, 118, 47.4459
33471, 113, 35.485954
33472, 114, 56.26149
33473, 110, 141.23672
33474, 112, 57.549164
33475, 110, 69.07222
33476, 103, 49.78424
33477, 118, 1.7038465
33478, 113, 98.78289
33479, 100, 77.06055
33480, 106, 47.284092
33481, 103, 70.037636
33482, 102, 5.941102
33483, 109, 58.6801
33484, 119, 88.5738
33485, 106, 132.96715
33486, 108, 131.08641
33487, 100, 144.07295
33488, 118, 113.79295
33489, 100, 98.74003
33490, 109, 146.11443
33491, 110, 142.15475
33492, 109, 4.12901
33493, 112, 0.20087957
33494, 110, 135.4769
33495, 109, 91.70995
33496, 107, 28.25641
33497, 107, 24.8313
33498, 116, 32.57831
33499, 100, 53.863514
33500, 115, 74.112564
33501, 108, 87.16261
33502, 112, 61.863194
33503, 108, 112.12803
33504, 118, 2.5320768
33505, 102, 89.9881
33506, 111, 15.433645
33507, 108, 148.54877
33508, 103, 62.018967
33509, 118, 116.54023
33510, 113, 119.33217
33511, 104, 34.69617
33512, 117, 146.10039
33513, 111, 82.03472
33514, 119, 37.847416
33515, 110, 13.210935
33516, 119, 6.18386
33517, 105, 103.44134
33518, 105, 60.439735
33519, 106, 11.405521
33520, 101, 136.32474
33521, 116, 88.74794
33522, 110, 3.4830003
33523, 110, 38.066483
33524, 105, 141.7472
33525, 117, 115.21239
33526, 110, 83.29858
33527, 108, 63.564663
33528, 103, 94.11415
33529, 116, 87.81082
33530, 101, 120.27449
33531, 116, 63.6505
33532, 114, 59.614117
33533, 106, 56.01205
33534, 113, 116.522446
33535, 110, 81.89308
33536, 110, 8.335072
33537, 118, 113.10284
33538, 111, 79.33814
33539, 103, 147.0091
33540, 112, 72.64314
33541, 108, 41.15052
33542, 115, 7.6358824
33543, 114, 138.97865
33544, 108, 25.062382
33545, 104, 4.9887123
33546, 100, 146.04605
33547, 108, 86.03168
33548, 115, 64.65947
33549, 106, 64.123764
33550, 113, 68.14113
33551, 116, 133.32808
33552, 105, 58.201424
33553, 106, 17.384737
33554, 109, 139.36967
33555, 114, 13.881334
33556, 107, 60.581436
33557, 101, 138.10098
33558, 105, 43.797024
33559, 110, 61.14784
33560, 113, 130.99463
33561, 103, 10.694397
33562, 109, 106.739105
33563, 117, 22.027374
33564, 103, 131.49529
33565, 105, 60.493916
33566, 104, 48.034904
33567, 119, 27.53647
33568, 104, 7.7427597
33569, 114, 29.42268
33570, 115, 73.07359
33571, 103, 144.04472
33572, 110, 2.117756
33573, 113, 113.8511
33574, 101, 120.76241
33575, 104, 119.3794
33576, 108, 69.60536
33577, 114, 65.221146
33578, 100, 128.78731
33579, 107, 138.51894
33580, 105, 128.18271
33581, 117, 44.028748
33582, 115, 29.381704
33583, 108, 28.535673
33584, 112, 48.27675
33585, 104, 108.20034
33586, 117, 88.95244
33587, 107, 51.222816
33588, 114, 28.34351
33589, 114, 81.55845
33590, 111, 129.7742
33591, 106, 89.400444
33592, 117, 6.372839
33593, 112, 140.22585
33594, 114, 23.139677
33595, 102, 1.0308802
33596, 112, 102.3029
33597, 113, 127.39178
33598, 111, 60.221844
33599, 117, 81.043594
33600, 100, 108.192924
33601, 100, 19.804314
33602, 101, 83.7144
33603, 118, 18.437183
33604, 104, 148.14093
33605, 109, 21.791367
33606, 114, 136.9689
33607, 113, 37.52651
33608, 119, 64.99934
33609, 119, 108.31244
33610, 108, 113.86205
33611, 110, 13.272241
33612, 114, 2.941829
33613, 104, 15.263835
33614, 103, 135.12985
33615, 105, 49.26187
33616, 101, 43.829475
33617, 103, 118.21763
33618, 111, 54.587513
33619, 119, 59.98352
33620, 111, 94.34212
33621, 104, 4.563823
33622, 112, 17.37113
33623, 102, 109.47203
33624, 101, 39.614056
33625, 105, 81.97789
33626, 117, 123.32199
33627, 108, 91.992455
33628, 119, 25.764843
33629, 107, 21.720886
33630, 115, 138.6563
33631, 104, 48.289482
33632, 104, 31.189531
33633, 105, 73.11067
33634, 108, 112.23993
33635, 106, 114.67854
33636, 118, 146.30554
33637, 117, 17.587593
33638, 108, 69.933846
33639, 112, 92.83855
33640, 111, 18.173317
33641, 115, 43.027256
33642, 116, 142.80498
33643, 117, 87.637054
33644, 113, 41.889088
33645, 117, 27.627138
33646, 100, 113.713844
33647, 117, 131.88171
33648, 102, 32.93184
33649, 113, 52.57465
33650, 109, 45.88929
33651, 112, 138.02068
33652, 103, 89.14935
33653, 114, 82.45301
33654, 118, 48.418175
33655, 110, 19.663534
33656, 103, 4.391
33657, 106, 145.39452
33658, 103, 110.020096
33659, 107, 1.837045
33660, 112, 1.3330668
33661, 103, 41.221817
33662, 116, 127.63072
33663, 102, 43.70836
33664, 103, 125.266136
33665, 109, 68.49496
33666, 111, 2.7313828
33667, 111, 27.598991
33668, 105, 66.62557
33669, 113, 52.66514
33670, 105, 140.60889
33671, 105, 82.12896
33672, 111, 12.37261
33673, 105, 94.38471
33674, 118, 120.00243
33675, 105, 83.2098
33676, 118, 12.041473
33677, 119, 142.44772
33678, 106, 37.344048
33679, 107, 1.3114035
33680, 104, 143.48169
33681, 111, 81.905136
33682, 115, 36.814785
33683, 113, 76.18492
33684, 100, 52.349434
33685, 108, 112.206856
33686, 106, 61.695206
33687, 105, 149.58202
33688, 112, 132.76556
33689, 114, 67.536705
33690, 108, 46.471184
33691, 101, 101.91728
33692, 110, 133.37503
33693, 105, 80.99963
33694, 112, 24.308235
33695, 112, 113.49964
33696, 103, 118.060394
33697, 106, 8.980966
33698, 105, 70.441605
33699, 115, 74.20317
33700, 111, 41.755833
33701, 110, 117.29122
33702, 109, 83.12306
33703, 119, 11.03881
33704, 108, 129.13988
33705, 114, 138.69595
33706, 112, 23.330185
33707, 105, 89.67349
33708, 112, 89.79392
33709, 116, 66.80409
33710, 111, 50.37735
33711, 108, 144.17812
33712, 117, 52.465904
33713, 101, 60.067635
33714, 107, 98.34645
33715, 106, 36.525642
33716, 104, 16.635292
33717, 118, 131.90854
33718, 114, 33.558716
33719, 101, 121.60324
33720, 100, 95.780396
33721, 118, 8.950702
33722, 107, 140.43314
33723, 112, 95.76312
33724, 101, 96.567474
33725, 116, 78.956795
33726, 108, 86.29094
33727, 111, 26.365086
33728, 117, 69.56433
33729, 119, 14.464527
33730, 101, 135.02261
33731, 107, 85.64746
33732, 115, 20.627018
33733, 115, 109.78676
33734, 103, 29.234531
33735, 110, 141.36061
33736, 107, 61.279293
33737, 117, 23.042982
33738, 110, 89.42695
33739, 101, 104.7521
33740, 100, 66.85562
33741, 100, 74.789154
33742, 103, 53.421913
33743, 109, 45.026432
33744, 104, 10.453087
33745, 111, 27.6283
33746, 103, 130.9967
33747, 109, 11.338422
33748, 104, 36.05665
33749, 113, 31.723415
33750, 102, 38.585606
33751, 104, 74.83229
33752, 100, 126.83737
33753, 101, 76.066086
33754, 101, 146.46213
33755, 114, 74.015175
33756, 112, 142.06378
33757, 103, 105.16344
33758, 107, 82.99364
33759, 102, 16.830746
33760, 107, 99.70165
33761, 101, 30.331528
33762, 104, 141.59679
33763, 112, 53.164
33764, 103, 20.61385
33765, 114, 19.18568
33766, 105, 56.057255
33767, 107, 67.416115
33768, 114, 8.917245
33769, 111, 43.249817
33770, 119, 140.09822
33771, 111, 9.634352
33772, 104, 37.487644
33773, 111, 109.439285
33774, 103, 26.129194
33775, 114, 22.334272
33776, 112, 92.76924
33777, 109, 39.150032
33778, 106, 8.675775
33779, 109, 71.4034
33780, 100, 105.65751
33781, 110, 69.65998
33782, 104, 63.876457
33783, 106, 45.46914
33784, 113, 126.74845
33785, 110, 107.9829
33786, 105, 102.58031
33787, 105, 75.278984
33788, 100, 76.39388
33789, 117, 30.00361
33790, 113, 103.735886
33791, 107, 126.21454
33792, 109, 101.78353
33793, 115, 129.3511
33794, 118, 91.941216
33795, 113, 5.314994
33796, 111, 102.18746
33797, 109, 139.83438
33798, 117, 81.17402
33799, 108, 82.81036
33800, 118, 10.050711
33801, 119, 65.726074
33802, 108, 106.63582
33803, 108, 75.50482
33804, 107, 98.39666
33805, 107, 73.44276
33806, 103, 54.08913
33807, 100, 54.215355
33808, 111, 60.522778
33809, 115, 129.31358
33810, 112, 100.44796
33811, 113, 86.032486
33812, 109, 140.03827
33813, 114, 62.328224
33814, 106, 44.488735
33815, 107, 12.974998
33816, 101, 45.49401
33817, 101, 52.13491
33818, 107, 103.937584
33819, 118, 67.63028
33820, 102, 96.78023
33821, 104, 115.8323
33822, 111, 111.14754
33823, 101, 49.77434
33824, 107, 72.97851
33825, 115, 12.694797
33826, 114, 100.53796
33827, 102, 83.58456
33828, 109, 131.69505
33829, 111, 78.1442
33830, 109, 74.85495
33831, 110, 64.100006
33832, 101, 90.081856
33833, 113, 114.60681
33834, 107, 116.23219
33835, 109, 70.27935
33836, 101, 64.91969
33837, 103, 10.866899
33838, 117, 46.87071
33839, 111, 73.82146
33840, 109, 120.73112
33841, 108, 85.54259
33842, 100, 104.15641
33843, 115, 48.359825
33844, 101, 18.276966
33845, 113, 79.33615
33846, 109, 136.26767
33847, 109, 15.755367
33848, 108, 55.007412
33849, 107, 95.06732
33850, 116, 115.31664
33851, 102, 33.75155
33852, 111, 55.194427
33853, 106, 143.9754
33854, 101, 43.58569
33855, 101, 143.07205
33856, 113, 44.86505
33857, 108, 27.544918
33858, 105, 77.383354
33859, 101, 90.32672
33860, 115, 81.10329
33861, 105, 123.509155
33862, 102, 21.754467
33863, 103, 140.39217
33864, 115, 9.448868
33865, 101, 127.033264
33866, 113, 112.2682
33867, 107, 76.45045
33868, 104, 126.59552
33869, 109, 50.134502
33870, 115, 17.042318
33871, 102, 12.441238
33872, 119, 91.171974
33873, 102, 78.78274
33874, 110, 55.99561
33875, 105, 31.66675
33876, 102, 18.727898
33877, 110, 5.875942
33878, 105, 141.06161
33879, 101, 14.10158
33880, 103, 10.466006
33881, 119, 73.637146
33882, 100, 1.3263613
33883, 110, 65.16091
33884, 118, 147.04367
33885, 109, 62.004795
33886, 119, 7.686791
33887, 110, 46.12635
33888, 114, 42.30152
33889, 109, 135.84567
33890, 113, 92.772705
33891, 115, 130.58005
33892, 105, 149.94084
33893, 113, 85.41404
33894, 101, 79.34348
33895, 102, 121.278595
33896, 119, 9.309205
33897, 108, 23.184013
33898, 118, 137.55557
33899, 117, 75.09398
33900, 103, 102.738556
33901, 105, 117.40285
33902, 109, 11.345423
33903, 111, 45.35104
33904, 119, 13.400182
33905, 103, 115.96979
33906, 118, 36.820786
33907, 107, 148.63354
33908, 104, 60.48772
33909, 113, 99.57801
33910, 104, 94.702835
33911, 101, 112.93101
33912, 115, 9.214533
33913, 106, 122.5814
33914, 106, 99.31325
33915, 111, 62.30137
33916, 113, 107.1726
33917, 113, 86.43844
33918, 100, 102.12164
33919, 118, 3.5951436
33920, 119, 10.456663
33921, 105, 22.873262
33922, 106, 64.218315
33923, 119, 89.994484
33924, 104, 92.72972
33925, 110, 111.8244
33926, 110, 1.5476614
33927, 119, 89.421814
33928, 116, 138.74146
33929, 109, 39.09898
33930, 101, 135.82626
33931, 104, 141.55637
33932, 106, 31.95473
33933, 110, 95.30345
33934, 108, 42.06067
33935, 115, 106.844025
33936, 107, 92.89293
33937, 102, 98.271286
33938, 105, 102.5538
33939, 114, 45.375313
33940, 113, 48.270805
33941, 111, 145.47601
33942, 106, 110.134926
33943, 118, 109.57556
33944, 108, 125.80433
33945, 108, 39.164303
33946, 118, 57.127895
33947, 104, 120.27391
