101460, 108, 49.75207
101461, 100, 92.813446
101462, 107, 12.783819
101463, 118, 53.00671
101464, 112, 71.29806
101465, 117, 47.71961
101466, 110, 112.764496
101467, 101, 75.84443
101468, 104, 137.64758
101469, 110, 106.03237
101470, 117, 115.13322
101471, 118, 11.975768
101472, 116, 32.22774
101473, 107, 119.12551
101474, 110, 45.860706
101475, 111, 51.93758
101476, 107, 84.177185
101477, 110, 83.67914
101478, 105, 88.63277
101479, 115, 115.94317
101480, 104, 93.413895
101481, 106, 91.78142
101482, 115, 137.02405
101483, 107, 36.666485
101484, 107, 59.068573
101485, 114, 135.47737
101486, 110, 20.599142
101487, 119, 71.00078
101488, 114, 141.53874
101489, 100, 24.880663
101490, 104, 131.2801
101491, 119, 3.1336517
101492, 111, 98.5525
101493, 110, 61.20564
101494, 102, 2.4883838
101495, 104, 113.93799
101496, 103, 27.543354
101497, 104, 54.14114
101498, 115, 34.50366
101499, 110, 141.41795
101500, 113, 65.62162
101501, 119, 115.902115
101502, 107, 135.31923
101503, 113, 62.208794
101504, 111, 22.587786
101505, 110, 119.01404
101506, 118, 20.592007
101507, 100, 69.106895
101508, 114, 60.543198
101509, 114, 81.74911
101510, 111, 38.405586
101511, 119, 40.518166
101512, 107, 144.43967
101513, 104, 78.89945
101514, 110, 41.09036
101515, 111, 42.6106
101516, 108, 82.70584
101517, 113, 105.62482
101518, 107, 116.958565
101519, 111, 45.04171
101520, 111, 89.20821
101521, 117, 108.27525
101522, 116, 8.823278
101523, 109, 83.09499
101524, 112, 140.64386
101525, 110, 28.47957
101526, 112, 12.297544
101527, 109, 123.60702
101528, 115, 30.660921
101529, 105, 132.78575
101530, 117, 11.601341
101531, 106, 43.050583
101532, 117, 72.5463
101533, 113, 113.072876
101534, 113, 139.87991
101535, 115, 25.519367
101536, 111, 53.715088
101537, 102, 78.21028
101538, 103, 16.180864
101539, 109, 67.70331
101540, 113, 125.398155
101541, 102, 124.06036
101542, 106, 102.47987
101543, 106, 80.04848
101544, 104, 28.52363
101545, 108, 49.474586
101546, 103, 99.33545
101547, 105, 103.4717
101548, 116, 55.120003
101549, 104, 5.3162007
101550, 112, 78.59465
101551, 105, 4.5857997
101552, 110, 33.888798
101553, 105, 56.59107
101554, 105, 35.677788
101555, 117, 25.881538
101556, 111, 138.83737
101557, 103, 42.46863
101558, 113, 135.2612
101559, 118, 63.611404
101560, 102, 43.894592
101561, 103, 15.457705
101562, 110, 140.81401
101563, 105, 134.5322
101564, 112, 58.75361
101565, 105, 17.927885
101566, 103, 35.894188
101567, 107, 66.12895
101568, 106, 93.874344
101569, 118, 15.86515
101570, 118, 94.35212
101571, 102, 80.80872
101572, 106, 93.2874
101573, 109, 79.24332
101574, 118, 11.931807
101575, 100, 21.392021
101576, 110, 107.11874
101577, 119, 93.190475
101578, 117, 100.09574
101579, 107, 124.04479
101580, 101, 124.87164
101581, 111, 97.443924
101582, 115, 57.96684
101583, 107, 121.39966
101584, 112, 117.42742
101585, 119, 122.11231
101586, 115, 74.641884
101587, 116, 99.49187
101588, 100, 140.29158
101589, 119, 141.56293
101590, 102, 136.38095
101591, 106, 16.392517
101592, 109, 122.18748
101593, 105, 146.68642
101594, 114, 97.38374
101595, 115, 18.118689
101596, 106, 133.19681
101597, 110, 116.43808
101598, 109, 7.9209476
101599, 113, 91.46644
101600, 104, 91.02703
101601, 110, 5.1950455
101602, 100, 128.18504
101603, 113, 83.32752
101604, 110, 49.398895
101605, 105, 26.985634
101606, 110, 28.95458
101607, 116, 75.70624
101608, 102, 82.75619
101609, 106, 22.060766
101610, 108, 50.86984
101611, 116, 145.119
101612, 117, 142.58835
101613, 107, 7.721347
101614, 112, 75.983536
101615, 114, 46.827908
101616, 112, 72.42476
101617, 106, 32.113792
101618, 113, 14.168286
101619, 109, 99.03159
101620, 108, 110.91719
101621, 106, 54.92542
101622, 118, 147.97125
101623, 103, 30.948757
101624, 106, 101.11527
101625, 115, 38.593136
101626, 106, 110.79762
101627, 104, 7.7219367
101628, 111, 71.99799
101629, 108, 52.70673
101630, 102, 140.15393
101631, 113, 29.408222
101632, 100, 112.55961
101633, 112, 25.564554
101634, 110, 19.928286
101635, 117, 26.413895
101636, 114, 36.504356
101637, 104, 117.58571
101638, 117, 51.178272
101639, 115, 84.636345
101640, 106, 63.77827
101641, 117, 80.52964
101642, 116, 33.405457
101643, 104, 73.773926
101644, 116, 21.5004
101645, 115, 97.9139
101646, 101, 71.41403
101647, 116, 91.85974
101648, 106, 48.81345
101649, 116, 36.393517
101650, 111, 55.380016
101651, 106, 84.65268
101652, 101, 70.10265
101653, 102, 46.960125
101654, 104, 87.818855
101655, 116, 31.537458
101656, 110, 126.57778
101657, 107, 93.02789
101658, 105, 93.53981
101659, 118, 10.618356
101660, 111, 140.97322
101661, 110, 92.16589
101662, 115, 110.06047
101663, 116, 139.82384
101664, 104, 140.3706
101665, 119, 43.646137
101666, 115, 6.688294
101667, 115, 61.513226
101668, 107, 113.8104
101669, 100, 82.49192
101670, 107, 2.0382018
101671, 113, 48.321514
101672, 110, 82.128
101673, 115, 149.27109
101674, 118, 24.34296
101675, 118, 89.1149
101676, 117, 115.69851
101677, 113, 75.39383
101678, 118, 47.93559
101679, 110, 24.982542
101680, 119, 136.80817
101681, 110, 103.31779
101682, 102, 143.56383
101683, 119, 47.630997
101684, 102, 71.802986
101685, 101, 35.64804
101686, 110, 94.89248
101687, 104, 32.9953
101688, 105, 109.57283
101689, 105, 12.255648
101690, 111, 67.58097
101691, 105, 122.4062
101692, 117, 9.479221
101693, 117, 112.15462
101694, 113, 128.36444
101695, 104, 24.712023
101696, 115, 76.2039
101697, 101, 12.19174
101698, 106, 82.37977
101699, 102, 32.69872
101700, 100, 111.05206
101701, 108, 53.960358
101702, 116, 100.11491
101703, 111, 112.19762
101704, 112, 23.62344
101705, 109, 145.40596
101706, 113, 82.521614
101707, 112, 144.32591
101708, 112, 70.939156
101709, 107, 13.262907
101710, 114, 23.194143
101711, 103, 125.173485
101712, 106, 128.26706
101713, 115, 116.5149
101714, 102, 147.62886
101715, 108, 2.1719992
101716, 116, 44.462353
101717, 110, 4.2259097
101718, 119, 89.70358
101719, 116, 121.48087
101720, 103, 69.33833
101721, 108, 146.17975
101722, 118, 100.505455
101723, 118, 0.09225905
101724, 116, 27.93568
101725, 113, 52.402843
101726, 110, 71.776344
101727, 112, 52.605503
101728, 119, 146.56418
101729, 109, 0.7323235
101730, 117, 88.048294
101731, 110, 92.10337
101732, 118, 136.43437
101733, 102, 144.66306
101734, 111, 105.987885
101735, 106, 71.003105
101736, 110, 32.300465
101737, 103, 147.38168
101738, 116, 7.9431386
101739, 110, 59.81698
101740, 102, 122.898315
101741, 105, 46.27296
101742, 113, 25.754017
101743, 118, 124.44466
101744, 107, 95.02778
101745, 113, 40.2075
101746, 118, 128.00621
101747, 119, 146.5969
101748, 104, 130.43031
101749, 119, 63.38954
101750, 116, 63.541542
101751, 111, 35.93132
101752, 118, 141.87808
101753, 100, 10.433462
101754, 116, 130.47537
101755, 118, 49.874138
101756, 103, 10.30452
101757, 114, 85.078545
101758, 102, 0.03491342
101759, 109, 7.321152
101760, 109, 136.2277
101761, 116, 114.20903
101762, 102, 6.9761395
101763, 116, 99.79048
101764, 101, 142.17476
101765, 103, 16.37908
101766, 114, 29.730562
101767, 119, 142.53748
101768, 104, 27.794775
101769, 111, 12.109754
101770, 113, 58.16314
101771, 115, 37.8885
101772, 116, 84.64061
101773, 107, 142.49504
101774, 105, 50.2071
101775, 116, 132.92723
101776, 112, 3.7928402
101777, 111, 49.488358
101778, 112, 99.704475
101779, 100, 34.745907
101780, 107, 137.49657
101781, 104, 29.307308
101782, 108, 130.28735
101783, 113, 53.532154
101784, 117, 66.504944
101785, 102, 70.741394
101786, 102, 62.141304
101787, 109, 107.52703
101788, 104, 38.740505
101789, 107, 149.04124
101790, 109, 130.56143
101791, 108, 117.16155
101792, 113, 109.00439
101793, 109, 92.011894
101794, 107, 113.59597
101795, 106, 39.43551
101796, 105, 20.288023
101797, 101, 82.310135
101798, 105, 66.82798
101799, 106, 93.97118
101800, 114, 120.42197
101801, 104, 107.56591
101802, 105, 12.032148
101803, 108, 83.21282
101804, 112, 147.73161
101805, 111, 75.81702
101806, 117, 15.631226
101807, 112, 12.212902
101808, 102, 100.92879
101809, 101, 138.69112
101810, 119, 3.8832307
101811, 103, 136.16827
101812, 111, 111.28856
101813, 103, 23.69965
101814, 106, 57.561718
101815, 111, 32.74355
101816, 115, 83.206604
101817, 113, 41.005577
101818, 100, 111.40608
101819, 119, 78.19232
101820, 113, 101.9473
101821, 114, 144.27959
101822, 119, 86.84709
101823, 110, 31.071987
101824, 117, 23.09094
101825, 113, 95.73726
101826, 117, 4.666275
101827, 111, 85.22006
101828, 118, 113.009155
101829, 113, 53.535023
101830, 117, 6.617573
101831, 104, 103.88807
101832, 101, 40.389133
101833, 100, 8.099699
101834, 112, 145.41644
101835, 117, 89.66866
101836, 114, 71.470436
101837, 105, 9.086493
101838, 109, 143.9453
101839, 114, 31.019773
101840, 112, 93.922745
101841, 116, 146.13144
101842, 109, 72.64113
101843, 108, 104.01569
101844, 100, 4.9743266
101845, 103, 18.514431
101846, 116, 37.381428
101847, 104, 80.294136
101848, 107, 5.56688
101849, 118, 54.703278
101850, 119, 132.20258
101851, 113, 44.368
101852, 100, 112.92906
101853, 117, 65.18087
101854, 113, 100.29262
101855, 107, 26.539707
101856, 101, 103.658356
101857, 111, 35.775654
101858, 102, 87.69904
101859, 115, 64.295395
101860, 108, 111.57861
101861, 105, 63.292755
101862, 119, 91.239456
101863, 114, 139.55374
101864, 105, 77.816444
101865, 110, 45.16631
101866, 116, 113.965454
101867, 100, 105.20006
101868, 109, 95.9066
101869, 110, 135.98329
101870, 107, 134.00787
101871, 104, 77.79075
101872, 107, 61.432858
101873, 101, 64.288704
101874, 116, 29.14574
101875, 105, 125.67567
101876, 101, 7.6355605
101877, 108, 40.45907
101878, 103, 2.2702484
101879, 115, 90.865654
101880, 107, 149.12917
101881, 108, 88.24966
101882, 104, 115.57482
101883, 117, 134.92041
101884, 106, 119.39229
101885, 112, 18.263134
101886, 102, 11.836526
101887, 112, 79.29851
101888, 112, 128.59155
101889, 101, 127.22133
101890, 101, 36.314903
101891, 108, 12.706089
101892, 109, 116.37886
101893, 115, 116.66165
101894, 110, 37.217464
101895, 115, 101.47868
101896, 117, 115.42601
101897, 112, 12.7020035
101898, 117, 113.31674
101899, 116, 38.378387
101900, 117, 76.70664
101901, 117, 57.29032
101902, 111, 46.61442
101903, 105, 66.3787
101904, 111, 95.681816
101905, 117, 102.29057
101906, 113, 63.433975
101907, 119, 123.375374
101908, 109, 67.13015
101909, 113, 139.3283
101910, 103, 86.78273
101911, 103, 53.985107
101912, 118, 37.26105
101913, 112, 127.00022
101914, 102, 117.726776
101915, 109, 78.88403
101916, 119, 126.377304
101917, 100, 11.373674
101918, 100, 96.153946
101919, 107, 134.77127
101920, 115, 18.110498
101921, 117, 117.79597
101922, 103, 106.818794
101923, 119, 148.08238
101924, 116, 67.268486
101925, 114, 97.0158
101926, 117, 12.652177
101927, 104, 110.10128
101928, 115, 122.564644
101929, 102, 93.747406
101930, 118, 77.50114
101931, 117, 29.558998
101932, 113, 56.82815
101933, 118, 73.472984
101934, 119, 30.698364
101935, 101, 136.25598
101936, 102, 103.433945
101937, 117, 35.417835
101938, 104, 26.79035
101939, 105, 43.197235
101940, 105, 130.04924
101941, 116, 144.20522
101942, 100, 56.774353
101943, 117, 146.38301
101944, 103, 149.58954
101945, 114, 48.35019
101946, 114, 94.57884
101947, 117, 13.457921
101948, 113, 49.747833
101949, 106, 97.4248
101950, 103, 145.85316
101951, 110, 105.286125
101952, 107, 49.72052
101953, 113, 24.196915
101954, 117, 55.862778
101955, 116, 86.61939
101956, 110, 138.4241
101957, 106, 87.217354
101958, 113, 26.724154
101959, 114, 132.36035
101960, 111, 4.219732
101961, 114, 48.963593
101962, 111, 28.061047
101963, 112, 93.18642
101964, 113, 16.20327
101965, 117, 66.69156
101966, 108, 26.710527
101967, 103, 12.182191
101968, 105, 47.940857
101969, 101, 43.131004
101970, 102, 140.06793
101971, 109, 57.66982
101972, 102, 29.637667
101973, 112, 73.54995
101974, 118, 50.265438
101975, 108, 114.50385
101976, 104, 0.7066548
101977, 107, 93.530205
101978, 107, 144.66316
101979, 108, 96.99898
101980, 104, 90.52489
101981, 119, 147.3711
101982, 105, 94.00844
101983, 112, 10.551649
101984, 114, 103.610344
101985, 107, 26.586252
101986, 111, 23.401817
101987, 102, 44.580772
101988, 105, 124.44851
101989, 106, 116.38018
101990, 111, 76.40997
101991, 103, 82.2481
101992, 107, 95.97522
101993, 107, 47.429054
101994, 112, 43.674694
101995, 119, 77.97015
101996, 119, 48.082245
101997, 114, 130.34671
101998, 112, 7.2427692
101999, 100, 74.24203
102000, 116, 93.992805
102001, 106, 136.76291
102002, 116, 46.335857
102003, 118, 86.23411
102004, 106, 38.270134
102005, 104, 119.52279
102006, 118, 82.72507
102007, 107, 67.086555
102008, 104, 5.938849
102009, 116, 31.185186
102010, 111, 102.590164
102011, 109, 101.35012
102012, 101, 121.20964
102013, 117, 102.674576
102014, 100, 41.140713
102015, 103, 27.173477
102016, 103, 128.3499
102017, 115, 126.53233
102018, 104, 126.50668
102019, 102, 20.735826
102020, 108, 73.73631
102021, 104, 129.94846
102022, 100, 137.40831
102023, 105, 80.32932
102024, 113, 89.23926
102025, 111, 91.76527
102026, 106, 18.980429
102027, 100, 10.738028
102028, 110, 108.51517
102029, 103, 5.3427815
102030, 109, 103.91915
102031, 104, 28.77254
102032, 111, 64.90578
102033, 119, 43.653873
102034, 113, 94.694664
102035, 100, 104.56708
102036, 115, 18.306505
102037, 103, 147.17038
102038, 112, 136.52106
102039, 111, 90.18923
102040, 106, 104.76231
102041, 118, 148.95026
102042, 104, 37.834633
102043, 110, 71.84339
102044, 102, 63.383156
102045, 114, 75.9307
102046, 117, 140.78561
102047, 104, 28.98674
102048, 104, 115.30317
102049, 101, 56.667835
102050, 105, 140.33653
102051, 105, 118.58267
102052, 110, 29.68769
102053, 117, 59.11037
102054, 108, 40.357597
102055, 116, 91.72232
102056, 119, 7.52483
102057, 105, 120.58493
102058, 117, 28.644213
102059, 108, 143.92473
102060, 102, 132.83105
102061, 114, 59.08978
102062, 119, 88.8642
102063, 111, 22.77673
102064, 108, 112.41623
102065, 101, 78.40082
102066, 109, 5.802825
102067, 111, 105.77275
102068, 119, 78.51706
102069, 110, 58.641727
102070, 118, 121.46142
102071, 102, 28.980518
102072, 114, 33.566727
102073, 117, 143.22173
102074, 116, 82.352165
102075, 100, 144.4202
102076, 112, 135.83945
102077, 107, 30.523815
102078, 100, 6.1275063
102079, 110, 134.298
102080, 112, 52.642555
102081, 107, 104.57264
102082, 112, 90.255806
102083, 108, 17.46186
102084, 118, 132.3523
102085, 100, 13.480255
102086, 115, 6.453118
102087, 108, 102.327675
102088, 110, 15.283468
102089, 118, 47.55469
102090, 101, 54.102497
102091, 100, 64.50519
102092, 112, 40.09773
102093, 101, 49.614384
102094, 104, 5.473235
102095, 109, 135.95482
102096, 104, 15.971598
102097, 116, 105.18614
102098, 109, 112.1562
102099, 110, 130.35297
102100, 104, 75.16073
102101, 119, 80.592896
102102, 101, 125.00296
102103, 103, 76.87199
102104, 117, 126.11041
102105, 118, 57.573856
102106, 118, 129.58466
102107, 103, 86.135956
102108, 102, 137.61177
102109, 108, 8.213425
102110, 116, 146.08954
102111, 116, 15.119076
102112, 109, 84.40378
102113, 115, 5.4497123
102114, 106, 52.50643
102115, 113, 15.972116
102116, 116, 116.037766
102117, 101, 73.59296
102118, 105, 101.14222
102119, 108, 73.612495
102120, 115, 57.49296
102121, 113, 38.40604
102122, 101, 37.573868
102123, 112, 28.565401
102124, 119, 70.09592
102125, 111, 6.4615397
102126, 100, 49.36266
102127, 100, 30.615252
102128, 103, 72.686226
102129, 114, 58.199276
102130, 100, 2.0657568
102131, 114, 93.691696
102132, 115, 145.70317
102133, 104, 1.3395756
102134, 115, 108.208786
102135, 116, 145.4976
102136, 100, 24.15196
102137, 105, 8.278012
102138, 103, 3.339851
102139, 119, 15.365776
102140, 106, 20.739824
102141, 112, 30.42781
102142, 102, 22.519121
102143, 106, 57.748917
102144, 117, 120.23159
102145, 108, 76.46511
102146, 108, 98.85891
102147, 117, 94.85611
102148, 113, 51.034847
102149, 111, 106.23878
102150, 108, 107.35619
102151, 117, 132.33359
102152, 114, 54.26511
102153, 102, 46.845837
102154, 106, 23.781502
102155, 113, 48.096363
102156, 112, 94.59883
102157, 119, 75.12691
102158, 105, 66.07451
102159, 111, 12.261808
102160, 100, 92.261185
102161, 115, 65.895386
102162, 112, 8.363718
102163, 101, 34.582554
102164, 113, 32.58586
102165, 112, 136.0438
102166, 108, 0.51997304
102167, 105, 90.342926
102168, 110, 132.76642
102169, 118, 137.19247
102170, 114, 111.95584
102171, 105, 134.80757
102172, 116, 106.82769
102173, 113, 63.757656
102174, 104, 144.39322
102175, 109, 69.22717
102176, 100, 85.187996
102177, 111, 87.103516
102178, 107, 48.34123
102179, 103, 20.53897
102180, 110, 64.77619
102181, 103, 67.67439
102182, 100, 51.735073
102183, 107, 67.81904
102184, 111, 2.8679876
102185, 107, 45.88894
102186, 117, 123.789116
102187, 118, 147.65549
102188, 116, 88.60883
102189, 111, 103.31035
102190, 112, 93.305534
102191, 108, 58.404835
102192, 101, 95.687996
102193, 106, 139.44347
102194, 114, 107.30068
102195, 119, 26.452858
102196, 102, 136.37875
102197, 114, 69.30034
102198, 112, 32.33737
102199, 106, 11.72551
102200, 101, 47.538757
102201, 113, 34.613487
102202, 116, 76.92756
102203, 108, 1.2877643
102204, 106, 107.85314
102205, 107, 2.0883412
102206, 103, 20.167252
102207, 119, 116.025986
102208, 115, 131.53436
102209, 112, 126.32311
102210, 109, 91.33307
102211, 116, 38.353443
102212, 119, 21.553589
102213, 118, 41.082706
102214, 113, 21.314495
102215, 106, 88.53171
102216, 107, 93.81686
102217, 115, 95.99739
102218, 110, 127.98037
102219, 107, 95.409035
102220, 112, 117.19611
102221, 113, 49.96478
102222, 117, 123.362366
102223, 104, 47.99003
102224, 114, 131.0538
102225, 113, 72.85211
102226, 103, 58.88061
102227, 101, 89.73716
102228, 115, 145.18425
102229, 106, 34.85755
102230, 110, 132.10797
102231, 101, 2.3969293
102232, 102, 74.201805
102233, 118, 85.840866
102234, 114, 5.676895
102235, 110, 83.98006
102236, 106, 56.763626
102237, 119, 79.65475
102238, 102, 20.937698
102239, 104, 88.6093
102240, 103, 126.24966
102241, 100, 13.436884
102242, 113, 139.64713
102243, 102, 112.50097
102244, 111, 114.78979
102245, 114, 12.449267
102246, 117, 121.91693
102247, 104, 100.640686
102248, 111, 59.361004
102249, 109, 93.81133
102250, 100, 73.278534
102251, 111, 138.16615
102252, 114, 83.88372
102253, 108, 126.20524
102254, 115, 39.47094
102255, 110, 51.468433
102256, 118, 14.612746
102257, 113, 105.70642
102258, 118, 46.523006
102259, 112, 33.58932
102260, 114, 123.86108
102261, 109, 142.82248
102262, 108, 64.188446
102263, 104, 10.122246
102264, 109, 51.53414
102265, 107, 43.891777
102266, 112, 12.26306
102267, 114, 57.15791
102268, 119, 120.22431
102269, 116, 124.2814
102270, 109, 59.857304
102271, 117, 74.13999
102272, 111, 22.972816
102273, 117, 140.85933
102274, 105, 67.73194
102275, 119, 86.26365
102276, 105, 74.33863
102277, 118, 19.142452
102278, 113, 100.23968
102279, 104, 15.923318
102280, 109, 15.340135
102281, 102, 107.84256
102282, 111, 66.09592
102283, 108, 106.60775
102284, 116, 47.24384
102285, 110, 57.04412
102286, 101, 24.894869
102287, 111, 90.021805
102288, 118, 77.32696
102289, 109, 80.54429
102290, 100, 139.47034
102291, 102, 43.437553
102292, 118, 139.99063
102293, 110, 133.43431
102294, 106, 148.34355
102295, 119, 21.86798
102296, 111, 36.346195
102297, 112, 4.5656652
102298, 110, 35.152264
102299, 106, 41.54357
102300, 111, 149.51971
102301, 109, 94.942955
102302, 102, 144.36746
102303, 103, 74.81004
102304, 101, 32.03287
102305, 102, 76.32916
102306, 116, 68.27485
102307, 109, 116.97413
102308, 114, 134.37271
102309, 111, 19.448885
102310, 101, 67.09007
102311, 102, 50.57273
102312, 115, 97.72585
102313, 115, 121.045105
102314, 106, 54.244923
102315, 102, 85.61916
102316, 112, 32.066864
102317, 113, 62.529793
102318, 109, 8.460554
102319, 103, 77.29688
102320, 107, 17.704466
102321, 119, 40.3083
102322, 113, 26.525831
102323, 117, 71.295334
102324, 104, 82.055534
102325, 102, 35.26377
102326, 100, 61.580364
102327, 103, 90.245285
102328, 113, 46.8269
102329, 113, 0.093483925
102330, 109, 97.013054
102331, 116, 142.5094
102332, 109, 54.10341
102333, 106, 105.0087
102334, 114, 1.8730313
102335, 119, 38.4096
102336, 108, 137.15723
102337, 106, 19.535297
102338, 115, 29.013151
102339, 108, 6.939152
102340, 108, 87.17692
102341, 100, 142.93776
102342, 102, 62.23848
102343, 117, 37.09041
102344, 102, 137.54022
102345, 105, 79.34677
102346, 102, 109.574196
102347, 116, 129.83267
102348, 111, 73.76659
102349, 118, 51.08326
102350, 108, 41.497208
102351, 116, 126.02093
102352, 111, 102.35896
102353, 111, 109.13421
102354, 116, 23.966682
102355, 114, 33.642036
102356, 100, 93.171906
102357, 107, 101.76367
102358, 106, 5.1605253
102359, 114, 134.11646
102360, 115, 79.2296
102361, 111, 72.0019
102362, 102, 43.42987
102363, 102, 65.232124
102364, 106, 135.2111
102365, 110, 125.94166
102366, 113, 119.954155
102367, 113, 66.68722
102368, 109, 58.744804
102369, 115, 36.657642
102370, 110, 61.575356
102371, 111, 148.39124
102372, 105, 32.665756
102373, 100, 89.00831
102374, 104, 31.715424
102375, 104, 32.01168
102376, 102, 44.158165
102377, 116, 1.4337838
102378, 104, 69.239334
102379, 101, 53.164227
102380, 107, 126.31326
102381, 107, 60.389168
102382, 106, 11.0416355
102383, 104, 103.97722
102384, 110, 58.205135
102385, 119, 12.749514
102386, 101, 93.872185
102387, 102, 28.9041
102388, 118, 134.74391
102389, 112, 43.60545
102390, 108, 104.17813
102391, 114, 42.566685
102392, 112, 81.4545
102393, 115, 130.89487
102394, 118, 15.072021
102395, 106, 112.12437
102396, 111, 31.500069
102397, 117, 5.8129816
102398, 105, 60.832134
102399, 101, 85.75436
102400, 105, 67.694084
102401, 103, 98.41789
102402, 114, 4.101366
102403, 105, 88.277336
102404, 104, 136.96614
102405, 106, 91.287094
102406, 118, 112.135414
102407, 119, 111.23473
102408, 106, 61.384983
102409, 119, 80.8279
102410, 110, 36.61192
102411, 104, 92.856384
102412, 101, 22.24043
102413, 106, 85.1937
102414, 119, 125.46084
102415, 109, 43.691807
102416, 116, 123.18538
102417, 108, 82.674934
102418, 105, 10.970932
102419, 108, 99.25815
102420, 104, 129.27702
102421, 117, 25.262993
102422, 107, 142.12161
102423, 105, 90.4528
102424, 101, 75.30283
102425, 118, 108.648346
102426, 107, 113.31683
102427, 114, 141.4203
102428, 116, 1.9700199
102429, 101, 60.292046
102430, 109, 109.59701
102431, 108, 140.48712
102432, 103, 4.583502
102433, 113, 134.97038
102434, 116, 9.757813
102435, 114, 143.8375
102436, 117, 41.59433
102437, 100, 129.53517
102438, 108, 109.97091
102439, 114, 149.49811
102440, 100, 31.630539
102441, 115, 125.251114
102442, 103, 89.56398
102443, 106, 107.865776
102444, 119, 86.28907
102445, 107, 1.2828022
102446, 111, 15.845498
102447, 103, 65.77586
102448, 119, 111.69221
102449, 113, 31.393406
102450, 107, 133.92555
102451, 107, 0.32693446
102452, 117, 126.57504
102453, 118, 69.350586
102454, 118, 44.76581
102455, 116, 94.617584
102456, 103, 128.77162
102457, 117, 21.366941
102458, 100, 75.584335
102459, 116, 134.05298
102460, 103, 25.161177
102461, 110, 65.60806
102462, 113, 147.21953
102463, 106, 119.24136
102464, 108, 96.19752
102465, 113, 49.827896
102466, 119, 23.174206
102467, 105, 117.64691
102468, 113, 75.45577
102469, 101, 107.60329
102470, 118, 130.41989
102471, 106, 7.616964
102472, 116, 115.441505
102473, 109, 18.586287
102474, 105, 50.800697
102475, 104, 14.905206
102476, 100, 33.658943
102477, 107, 133.06725
102478, 105, 14.629939
102479, 101, 55.303528
102480, 117, 60.861824
102481, 102, 44.975273
102482, 117, 72.4582
102483, 112, 82.29393
102484, 116, 103.97892
102485, 118, 36.544266
102486, 116, 55.494923
102487, 105, 12.755299
102488, 116, 18.346193
102489, 105, 4.6289296
102490, 118, 56.898735
102491, 119, 3.2717228
102492, 110, 66.81457
102493, 114, 135.85046
102494, 108, 65.07296
102495, 110, 82.21325
102496, 107, 143.16525
102497, 107, 149.21828
102498, 107, 117.72239
102499, 119, 99.830055
102500, 100, 24.979359
102501, 116, 148.09445
102502, 110, 25.47013
102503, 104, 87.11888
102504, 118, 22.18176
102505, 109, 113.43387
102506, 117, 77.44898
102507, 105, 78.82618
102508, 110, 146.11815
102509, 105, 4.5422225
102510, 118, 36.227783
102511, 113, 20.728281
102512, 107, 106.681816
102513, 117, 39.41618
102514, 117, 73.574814
102515, 101, 54.320545
102516, 117, 54.503086
102517, 106, 31.303856
102518, 111, 64.52931
102519, 115, 146.12914
102520, 109, 29.71715
102521, 118, 135.77011
102522, 112, 41.702763
102523, 108, 90.80438
102524, 113, 148.82228
102525, 118, 21.287897
102526, 101, 39.288445
102527, 113, 122.296616
102528, 110, 57.01417
102529, 109, 17.972776
102530, 103, 19.968267
102531, 119, 104.53268
102532, 111, 77.41368
102533, 113, 6.057367
102534, 111, 114.66305
102535, 106, 93.82554
102536, 118, 31.538406
102537, 112, 101.152245
102538, 116, 79.784355
102539, 107, 80.503784
102540, 104, 72.87069
102541, 100, 65.64888
102542, 100, 113.208046
102543, 111, 2.2965698
102544, 105, 0.8067101
102545, 112, 66.480896
102546, 113, 100.86633
102547, 114, 83.20566
102548, 109, 132.13786
102549, 102, 117.12446
102550, 110, 86.19099
102551, 118, 128.91875
102552, 100, 117.22983
102553, 115, 122.32666
102554, 109, 75.81007
102555, 111, 136.03459
102556, 117, 79.93499
102557, 109, 64.492836
102558, 102, 107.91351
102559, 103, 18.86471
102560, 115, 6.478071
102561, 100, 20.693449
102562, 116, 30.364626
102563, 105, 101.981705
102564, 107, 104.58806
102565, 114, 141.85083
102566, 113, 129.53777
102567, 117, 5.950445
102568, 106, 112.0142
102569, 112, 129.5136
102570, 118, 14.371642
102571, 106, 100.314224
102572, 119, 36.19568
102573, 109, 48.830097
102574, 107, 77.16085
102575, 107, 68.03769
102576, 109, 71.4437
102577, 109, 84.45141
102578, 117, 130.92947
102579, 108, 69.693306
102580, 110, 11.68853
102581, 109, 36.11017
102582, 117, 147.29369
102583, 118, 135.93933
102584, 100, 35.104286
102585, 117, 43.93949
102586, 102, 109.65306
102587, 105, 27.335438
102588, 105, 134.7484
102589, 116, 28.228695
102590, 102, 73.24751
102591, 118, 106.92604
102592, 107, 68.89983
102593, 110, 107.97192
102594, 103, 105.85169
102595, 117, 76.3737
102596, 106, 21.1156
102597, 101, 50.00353
102598, 110, 36.830322
102599, 110, 87.27864
102600, 108, 139.33511
102601, 100, 102.21757
102602, 104, 64.2652
102603, 116, 30.998451
102604, 100, 92.48773
102605, 106, 84.907425
102606, 104, 33.43369
102607, 106, 100.1582
102608, 115, 49.326145
102609, 109, 57.12727
102610, 113, 73.41215
102611, 100, 93.043076
102612, 107, 62.508335
102613, 117, 52.926342
102614, 107, 71.51527
102615, 105, 62.125504
102616, 103, 48.561073
102617, 118, 93.349
102618, 100, 3.719312
102619, 105, 107.550514
102620, 114, 49.366486
102621, 116, 138.22334
102622, 108, 21.218956
102623, 116, 56.527725
102624, 101, 119.05456
102625, 113, 53.79278
102626, 117, 131.9584
102627, 118, 123.55326
102628, 116, 118.4069
102629, 109, 25.096518
102630, 110, 14.24025
102631, 106, 101.95027
102632, 101, 39.886845
102633, 113, 14.094758
102634, 110, 55.96938
102635, 110, 77.12684
102636, 112, 101.60214
102637, 113, 63.559456
102638, 100, 113.38441
102639, 114, 110.016365
102640, 118, 107.88892
102641, 106, 10.409162
102642, 108, 100.34225
102643, 106, 48.39801
102644, 119, 4.4935584
102645, 115, 90.01669
102646, 110, 144.28561
102647, 112, 105.404205
102648, 117, 113.63605
102649, 109, 29.014116
102650, 114, 4.5823665
102651, 118, 42.7512
102652, 107, 59.114697
102653, 112, 72.54519
102654, 105, 95.83647
102655, 113, 17.473215
102656, 102, 149.02235
102657, 118, 65.56464
102658, 101, 114.52936
102659, 105, 18.227587
102660, 117, 103.23438
102661, 116, 136.92076
102662, 105, 41.462364
102663, 103, 119.76183
102664, 117, 34.967037
102665, 112, 69.562874
102666, 117, 108.537575
102667, 101, 18.33044
102668, 105, 85.74958
102669, 114, 110.54851
102670, 119, 139.46292
102671, 111, 88.89187
102672, 109, 39.904465
102673, 118, 13.668591
102674, 118, 41.74853
102675, 116, 81.276474
102676, 100, 106.50034
102677, 118, 2.3918777
102678, 106, 35.037598
102679, 110, 8.0688715
102680, 115, 119.14224
102681, 114, 23.122242
102682, 116, 73.20081
102683, 119, 72.73094
102684, 106, 108.96695
102685, 113, 120.57921
102686, 116, 95.20855
102687, 108, 116.37206
102688, 111, 143.76491
102689, 110, 64.55889
102690, 111, 147.98058
102691, 108, 121.50909
102692, 119, 58.793987
102693, 103, 118.32114
102694, 112, 12.043092
102695, 116, 118.46924
102696, 103, 13.867593
102697, 111, 47.36572
102698, 104, 112.343254
102699, 112, 122.36971
102700, 116, 44.414932
102701, 110, 139.4829
102702, 103, 83.79168
102703, 110, 27.63329
102704, 109, 93.7377
102705, 114, 44.20299
102706, 115, 89.9627
102707, 115, 30.412424
102708, 114, 38.66304
102709, 111, 61.363255
102710, 110, 137.02
102711, 110, 55.199432
102712, 106, 104.40357
102713, 109, 64.89988
102714, 109, 80.808556
102715, 115, 29.21993
102716, 101, 90.17798
102717, 101, 14.3179
102718, 111, 98.75147
102719, 106, 99.299866
102720, 116, 37.82942
102721, 102, 79.457466
102722, 109, 5.1315665
102723, 103, 131.0153
102724, 105, 49.760376
102725, 105, 84.38159
102726, 105, 22.71113
102727, 118, 12.765697
102728, 113, 9.1672535
102729, 113, 96.0281
102730, 105, 106.98935
102731, 117, 11.413622
102732, 119, 71.72656
102733, 107, 136.9664
102734, 111, 125.865105
102735, 118, 7.3159127
102736, 114, 146.26378
102737, 100, 72.46809
102738, 101, 93.56767
102739, 119, 36.084778
102740, 108, 67.32505
102741, 115, 73.21827
102742, 109, 96.82605
102743, 114, 117.2686
102744, 115, 15.185157
102745, 104, 25.236385
102746, 110, 74.533035
102747, 108, 60.75383
102748, 104, 0.36459267
102749, 110, 61.135143
102750, 110, 4.9354343
102751, 108, 83.9748
102752, 102, 67.5089
102753, 111, 66.215324
102754, 102, 75.68681
102755, 110, 31.193491
102756, 117, 74.23741
102757, 101, 90.73065
102758, 108, 80.84844
102759, 115, 78.98485
102760, 114, 85.561035
102761, 112, 101.17383
102762, 102, 16.506037
102763, 105, 25.047075
102764, 112, 80.26636
102765, 105, 17.039957
102766, 109, 113.21749
102767, 100, 9.598482
102768, 109, 128.64453
102769, 105, 53.967903
102770, 114, 81.54393
102771, 104, 128.9415
102772, 113, 127.89428
102773, 115, 35.519226
102774, 118, 1.3723344
102775, 116, 87.23906
102776, 102, 93.46099
102777, 111, 123.979996
102778, 118, 135.88249
102779, 111, 136.17424
102780, 116, 4.527712
102781, 108, 5.038154
102782, 104, 122.29632
102783, 104, 109.67889
102784, 112, 62.458088
102785, 113, 23.964573
102786, 113, 48.002617
102787, 101, 3.463608
102788, 102, 53.602417
102789, 107, 6.06975
102790, 106, 74.03415
102791, 108, 46.804245
102792, 114, 92.88138
102793, 108, 83.41873
102794, 112, 65.24806
102795, 101, 82.84108
102796, 117, 44.594612
102797, 116, 104.78233
102798, 102, 31.35201
102799, 109, 57.774998
102800, 110, 112.5014
102801, 101, 7.8211517
102802, 103, 129.0822
102803, 111, 79.962616
102804, 119, 124.12169
102805, 109, 31.609413
102806, 110, 29.633814
102807, 105, 114.16215
102808, 103, 27.042881
102809, 101, 121.83584
102810, 101, 33.082195
102811, 116, 127.70611
102812, 107, 23.715029
102813, 117, 92.950005
102814, 119, 7.7025175
102815, 106, 52.20843
102816, 112, 87.449265
102817, 110, 86.95665
102818, 116, 54.789635
102819, 115, 76.46951
102820, 101, 88.971146
102821, 105, 102.378784
102822, 104, 104.966415
102823, 111, 67.760086
102824, 106, 24.74353
102825, 112, 13.717264
102826, 111, 125.24168
102827, 111, 64.70769
102828, 115, 3.8155408
102829, 116, 37.280926
102830, 112, 88.701065
102831, 116, 24.671423
102832, 108, 56.900196
102833, 109, 79.9705
102834, 101, 63.351524
102835, 101, 147.37375
102836, 106, 132.3393
102837, 100, 89.02787
102838, 118, 35.638145
102839, 109, 9.800998
102840, 113, 148.61606
102841, 100, 118.07126
102842, 118, 10.514554
102843, 115, 74.79511
102844, 100, 28.608164
102845, 103, 132.39767
102846, 101, 13.953942
102847, 113, 35.09421
102848, 100, 70.03767
102849, 107, 140.1232
102850, 109, 78.33801
102851, 113, 35.26107
102852, 118, 114.36473
102853, 106, 40.46983
102854, 101, 9.480956
