19749, 114, 55.18375
19750, 105, 123.79614
19751, 114, 144.69763
19752, 100, 70.10552
19753, 108, 100.8315
19754, 105, 53.00731
19755, 114, 67.7975
19756, 107, 41.661804
19757, 105, 14.277988
19758, 114, 29.794281
19759, 101, 127.16299
19760, 118, 93.8609
19761, 116, 129.53581
19762, 114, 41.096905
19763, 114, 57.985924
19764, 114, 118.41993
19765, 107, 131.08841
19766, 110, 116.224266
19767, 105, 25.449648
19768, 100, 6.997481
19769, 105, 143.59743
19770, 105, 116.72655
19771, 108, 95.8604
19772, 102, 95.43449
19773, 116, 99.98598
19774, 117, 139.52771
19775, 106, 14.641187
19776, 104, 60.33647
19777, 108, 136.4084
19778, 107, 73.6183
19779, 115, 76.56751
19780, 110, 42.977722
19781, 115, 145.62973
19782, 104, 145.82599
19783, 109, 92.20385
19784, 118, 63.543964
19785, 101, 92.85135
19786, 117, 0.601995
19787, 115, 38.77724
19788, 105, 92.98024
19789, 105, 30.023485
19790, 108, 26.365408
19791, 119, 133.28343
19792, 119, 101.2545
19793, 116, 7.291281
19794, 110, 82.654884
19795, 111, 17.033682
19796, 108, 71.96364
19797, 113, 102.805855
19798, 108, 72.09251
19799, 101, 111.97122
19800, 114, 135.74739
19801, 116, 28.696676
19802, 109, 28.393248
19803, 113, 78.35093
19804, 117, 137.63684
19805, 104, 13.434452
19806, 113, 63.732166
19807, 111, 102.92072
19808, 101, 130.97766
19809, 119, 119.15901
19810, 102, 41.361164
19811, 113, 88.508255
19812, 114, 134.72847
19813, 113, 115.04641
19814, 113, 64.65726
19815, 115, 80.69753
19816, 117, 45.852238
19817, 114, 113.737564
19818, 101, 83.303925
19819, 111, 93.533554
19820, 105, 130.89099
19821, 118, 29.83624
19822, 105, 104.16612
19823, 119, 139.18709
19824, 113, 141.62117
19825, 111, 6.149536
19826, 119, 137.1911
19827, 113, 96.10159
19828, 119, 8.853489
19829, 116, 112.280846
19830, 117, 146.80019
19831, 105, 22.058577
19832, 100, 144.11725
19833, 112, 131.19397
19834, 107, 113.79537
19835, 113, 60.682117
19836, 111, 127.792114
19837, 100, 34.266937
19838, 110, 48.393024
19839, 101, 37.999973
19840, 112, 130.36801
19841, 118, 26.749197
19842, 112, 141.37556
19843, 114, 35.861107
19844, 111, 77.05529
19845, 107, 0.01679957
19846, 119, 81.978
19847, 119, 62.76976
19848, 119, 80.169334
19849, 104, 69.492935
19850, 118, 79.39973
19851, 100, 103.79901
19852, 119, 48.746647
19853, 108, 76.8907
19854, 115, 103.53127
19855, 108, 137.83598
19856, 104, 26.891596
19857, 112, 11.641913
19858, 118, 110.1843
19859, 106, 27.20722
19860, 113, 21.660143
19861, 104, 107.95684
19862, 114, 140.70387
19863, 114, 97.39281
19864, 109, 112.429054
19865, 102, 5.2459807
19866, 113, 106.23918
19867, 107, 136.62776
19868, 106, 72.77029
19869, 103, 145.8189
19870, 112, 128.75865
19871, 103, 91.015076
19872, 101, 88.79183
19873, 102, 43.52568
19874, 101, 101.00278
19875, 114, 131.11159
19876, 111, 149.13698
19877, 115, 53.84239
19878, 110, 10.217285
19879, 118, 19.448233
19880, 116, 22.415945
19881, 119, 56.79701
19882, 114, 88.86337
19883, 107, 55.86651
19884, 107, 131.52486
19885, 105, 81.19157
19886, 106, 93.29069
19887, 113, 65.72954
19888, 112, 83.533394
19889, 108, 72.8659
19890, 107, 110.13345
19891, 119, 16.256386
19892, 102, 30.157694
19893, 101, 127.60147
19894, 102, 109.84272
19895, 107, 76.451675
19896, 103, 131.97438
19897, 106, 40.828773
19898, 112, 105.23905
19899, 108, 67.79581
19900, 102, 77.36662
19901, 119, 75.04884
19902, 118, 31.948454
19903, 109, 97.032585
19904, 106, 118.5572
19905, 109, 126.95273
19906, 105, 133.85637
19907, 119, 145.88152
19908, 113, 98.09409
19909, 118, 88.09508
19910, 109, 114.273346
19911, 119, 23.8958
19912, 104, 123.764175
19913, 106, 54.934647
19914, 107, 7.946044
19915, 107, 141.9239
19916, 107, 25.46601
19917, 114, 88.97749
19918, 101, 144.9944
19919, 118, 101.80864
19920, 115, 130.27724
19921, 118, 69.270836
19922, 109, 115.02084
19923, 113, 53.298416
19924, 104, 148.15431
19925, 110, 82.43814
19926, 109, 141.00558
19927, 106, 108.9604
19928, 114, 56.35138
19929, 118, 47.51891
19930, 103, 117.38169
19931, 113, 93.36957
19932, 106, 79.778885
19933, 105, 104.03019
19934, 112, 13.342309
19935, 112, 31.775093
19936, 105, 94.72404
19937, 104, 4.7513814
19938, 101, 32.857765
19939, 110, 11.113464
19940, 110, 97.06627
19941, 110, 97.836365
19942, 119, 22.75451
19943, 116, 136.36668
19944, 110, 23.716923
19945, 108, 30.109735
19946, 112, 138.3464
19947, 105, 134.31093
19948, 108, 6.6581817
19949, 104, 129.91632
19950, 109, 40.805626
19951, 113, 88.91643
19952, 100, 27.576694
19953, 105, 5.050948
19954, 105, 82.89964
19955, 100, 49.643127
19956, 101, 43.428757
19957, 101, 110.57057
19958, 116, 102.523315
19959, 106, 84.73559
19960, 109, 94.27159
19961, 118, 31.589636
19962, 103, 86.70187
19963, 117, 20.867908
19964, 101, 114.162865
19965, 117, 65.80795
19966, 105, 37.48692
19967, 117, 129.98349
19968, 105, 50.63334
19969, 114, 113.356575
19970, 115, 4.7838182
19971, 110, 77.70927
19972, 104, 44.01495
19973, 115, 128.29614
19974, 115, 5.3957105
19975, 104, 10.470236
19976, 100, 17.481236
19977, 114, 39.014786
19978, 113, 42.493336
19979, 109, 25.882637
19980, 115, 27.388296
19981, 113, 63.98515
19982, 105, 78.583374
19983, 110, 108.85149
19984, 119, 70.43804
19985, 102, 57.453186
19986, 107, 79.803566
19987, 105, 88.03409
19988, 110, 28.58929
19989, 100, 8.5564165
19990, 115, 19.179653
19991, 100, 125.84765
19992, 113, 146.62715
19993, 100, 26.185593
19994, 104, 103.47908
19995, 106, 23.6161
19996, 115, 107.12577
19997, 118, 55.303814
19998, 112, 21.18549
19999, 110, 21.847326
20000, 106, 76.58871
20001, 117, 81.38507
20002, 117, 72.647385
20003, 112, 125.46983
20004, 112, 107.29574
20005, 104, 84.49804
20006, 103, 141.93835
20007, 105, 136.37912
20008, 117, 108.88105
20009, 110, 90.0289
20010, 111, 148.59615
20011, 115, 99.04537
20012, 101, 91.59276
20013, 116, 115.00842
20014, 116, 49.258472
20015, 109, 37.96547
20016, 108, 100.31172
20017, 118, 15.90119
20018, 112, 122.3983
20019, 116, 133.17503
20020, 112, 14.205533
20021, 118, 122.864235
20022, 104, 138.69597
20023, 116, 7.20267
20024, 117, 20.366388
20025, 102, 3.6940188
20026, 110, 61.383675
20027, 115, 60.68952
20028, 111, 17.553198
20029, 102, 131.99739
20030, 112, 46.832584
20031, 101, 138.52608
20032, 114, 73.02195
20033, 108, 81.601944
20034, 115, 89.40939
20035, 103, 100.015114
20036, 108, 113.34544
20037, 117, 104.15007
20038, 117, 124.07964
20039, 112, 42.67626
20040, 119, 31.980005
20041, 105, 33.751087
20042, 100, 15.552512
20043, 100, 108.4375
20044, 106, 131.35959
20045, 101, 126.17082
20046, 113, 33.14295
20047, 104, 128.47588
20048, 116, 123.282875
20049, 107, 145.51366
20050, 102, 92.4371
20051, 104, 77.46063
20052, 107, 85.72577
20053, 104, 59.032284
20054, 108, 23.50468
20055, 103, 20.058445
20056, 102, 78.29959
20057, 100, 65.615906
20058, 105, 122.10091
20059, 116, 143.39793
20060, 112, 111.06326
20061, 117, 57.608162
20062, 101, 21.008545
20063, 113, 100.89748
20064, 115, 114.56157
20065, 110, 88.9543
20066, 112, 3.1282516
20067, 102, 58.626625
20068, 101, 96.70368
20069, 103, 23.151228
20070, 101, 132.57002
20071, 111, 90.9423
20072, 115, 137.40776
20073, 100, 1.6606987
20074, 100, 5.0345955
20075, 115, 19.753513
20076, 115, 77.60248
20077, 108, 78.601425
20078, 101, 89.848595
20079, 100, 109.475395
20080, 103, 143.92545
20081, 117, 148.80948
20082, 104, 75.75423
20083, 113, 30.555456
20084, 103, 139.74792
20085, 116, 118.58633
20086, 107, 54.40782
20087, 111, 121.45895
20088, 107, 53.859417
20089, 112, 3.6468296
20090, 103, 121.522224
20091, 119, 128.15747
20092, 101, 50.83168
20093, 107, 92.800255
20094, 103, 145.2186
20095, 117, 64.54729
20096, 119, 2.4929702
20097, 101, 61.08428
20098, 104, 104.45947
20099, 105, 121.691216
20100, 111, 17.288982
20101, 113, 65.447205
20102, 108, 37.05394
20103, 115, 19.589022
20104, 101, 116.940315
20105, 113, 30.14252
20106, 115, 138.31921
20107, 118, 14.141527
20108, 116, 34.40905
20109, 100, 125.94253
20110, 106, 129.5675
20111, 118, 90.43287
20112, 104, 19.916626
20113, 102, 54.33368
20114, 112, 46.466106
20115, 100, 16.789413
20116, 104, 129.39017
20117, 117, 36.3713
20118, 106, 122.695656
20119, 101, 114.789925
20120, 110, 78.02593
20121, 104, 69.04056
20122, 111, 43.742065
20123, 117, 125.84876
20124, 111, 141.8049
20125, 101, 85.90847
20126, 116, 36.337425
20127, 106, 98.3168
20128, 106, 4.815155
20129, 116, 141.5214
20130, 102, 0.9140879
20131, 104, 79.428955
20132, 109, 32.934235
20133, 107, 130.4497
20134, 100, 68.40742
20135, 119, 116.236755
20136, 103, 129.44638
20137, 119, 56.062283
20138, 116, 115.18064
20139, 106, 21.85928
20140, 101, 0.6996095
20141, 102, 115.43397
20142, 116, 25.523767
20143, 115, 134.56891
20144, 102, 87.79306
20145, 118, 132.23195
20146, 118, 107.7194
20147, 102, 11.77395
20148, 102, 46.26527
20149, 109, 54.819042
20150, 113, 67.23078
20151, 119, 113.26203
20152, 104, 58.846004
20153, 114, 4.3623266
20154, 110, 138.84717
20155, 112, 101.38835
20156, 105, 64.0642
20157, 114, 30.774218
20158, 101, 117.83907
20159, 116, 107.761055
20160, 107, 98.00298
20161, 110, 119.561584
20162, 105, 59.877018
20163, 118, 61.977882
20164, 109, 4.0453076
20165, 109, 110.7785
20166, 110, 142.88681
20167, 110, 117.898094
20168, 106, 0.5438
20169, 110, 1.6280115
20170, 105, 94.202995
20171, 112, 140.38963
20172, 107, 149.89775
20173, 111, 118.57515
20174, 118, 106.92692
20175, 116, 22.19883
20176, 102, 55.48863
20177, 101, 134.05115
20178, 107, 109.33638
20179, 101, 102.7064
20180, 114, 39.0655
20181, 119, 28.510147
20182, 119, 138.30028
20183, 113, 121.92839
20184, 105, 19.734255
20185, 112, 38.04101
20186, 118, 97.1116
20187, 118, 147.47485
20188, 117, 62.176914
20189, 117, 15.983713
20190, 113, 75.61047
20191, 102, 114.64313
20192, 115, 134.49298
20193, 104, 100.93912
20194, 104, 61.552654
20195, 100, 72.77593
20196, 116, 63.81441
20197, 101, 12.202531
20198, 102, 141.13821
20199, 112, 112.72396
20200, 117, 63.258846
20201, 105, 1.2200207
20202, 109, 126.67142
20203, 102, 144.13297
20204, 104, 143.60501
20205, 100, 37.247665
20206, 115, 147.15137
20207, 108, 3.306046
20208, 107, 89.506134
20209, 106, 92.94751
20210, 113, 140.60371
20211, 103, 106.217995
20212, 104, 141.45699
20213, 112, 92.1539
20214, 115, 112.17404
20215, 113, 79.87327
20216, 110, 8.054217
20217, 103, 114.048096
20218, 108, 61.763924
20219, 119, 11.395722
20220, 103, 119.9016
20221, 110, 25.5737
20222, 115, 71.72767
20223, 105, 53.95395
20224, 100, 112.912834
20225, 102, 98.86871
20226, 109, 144.93777
20227, 107, 38.28157
20228, 119, 79.32868
20229, 108, 59.32419
20230, 104, 7.997203
20231, 118, 8.655802
20232, 103, 78.00565
20233, 115, 66.95453
20234, 100, 118.19714
20235, 109, 102.00789
20236, 102, 21.217623
20237, 100, 117.53368
20238, 106, 9.259638
20239, 101, 57.102745
20240, 105, 24.257952
20241, 112, 17.506386
20242, 114, 34.953003
20243, 115, 4.6571016
20244, 105, 22.502625
20245, 118, 91.27698
20246, 117, 77.6994
20247, 116, 118.119415
20248, 119, 123.10228
20249, 118, 58.75885
20250, 107, 17.126083
20251, 106, 46.444263
20252, 111, 50.98341
20253, 107, 92.422676
20254, 106, 136.744
20255, 115, 51.479305
20256, 104, 2.2659035
20257, 112, 21.693733
20258, 102, 119.56168
20259, 111, 72.16734
20260, 104, 33.866413
20261, 118, 64.448395
20262, 101, 106.58869
20263, 100, 8.7420435
20264, 106, 121.51852
20265, 112, 136.20694
20266, 116, 77.12874
20267, 102, 141.71562
20268, 111, 59.242416
20269, 103, 52.27246
20270, 118, 58.809204
20271, 119, 116.19866
20272, 105, 28.805334
20273, 107, 32.574097
20274, 101, 88.04492
20275, 101, 84.99257
20276, 109, 13.234234
20277, 106, 54.486572
20278, 100, 30.714645
20279, 115, 29.175907
20280, 112, 72.99433
20281, 101, 101.68451
20282, 116, 28.734102
20283, 110, 96.770386
20284, 112, 90.09798
20285, 101, 100.15426
20286, 110, 41.15748
20287, 114, 24.57287
20288, 114, 31.777086
20289, 114, 16.021236
20290, 117, 40.38596
20291, 106, 44.967216
20292, 117, 45.473392
20293, 115, 80.19727
20294, 119, 91.7179
20295, 106, 0.6383121
20296, 112, 76.433174
20297, 108, 39.019947
20298, 115, 54.521923
20299, 107, 142.84564
20300, 101, 40.931957
20301, 103, 107.18888
20302, 115, 112.26124
20303, 101, 52.186947
20304, 103, 139.93567
20305, 112, 36.34869
20306, 116, 124.194595
20307, 101, 89.670395
20308, 111, 76.16049
20309, 103, 14.610905
20310, 105, 14.62588
20311, 117, 137.71754
20312, 113, 100.11306
20313, 108, 61.953674
20314, 101, 143.9141
20315, 109, 141.81815
20316, 101, 87.155136
20317, 113, 110.730316
20318, 104, 5.719176
20319, 110, 59.28068
20320, 102, 141.24315
20321, 102, 42.088776
20322, 110, 26.256207
20323, 102, 46.755184
20324, 106, 118.628006
20325, 100, 137.75777
20326, 113, 33.610905
20327, 118, 3.6718905
20328, 119, 129.09683
20329, 113, 72.98288
20330, 111, 83.39698
20331, 109, 128.54773
20332, 103, 82.46576
20333, 112, 148.23866
20334, 115, 98.418015
20335, 101, 80.00202
20336, 113, 88.319214
20337, 112, 67.30542
20338, 105, 50.104443
20339, 109, 89.388885
20340, 116, 87.78805
20341, 117, 28.952408
20342, 107, 32.396446
20343, 104, 3.5964398
20344, 116, 85.924286
20345, 119, 103.50689
20346, 103, 52.468113
20347, 104, 22.509956
20348, 117, 139.14035
20349, 102, 6.399411
20350, 108, 62.294582
20351, 115, 2.1106572
20352, 119, 76.394775
20353, 113, 39.18262
20354, 119, 86.15565
20355, 111, 65.28521
20356, 105, 146.31577
20357, 108, 131.37405
20358, 114, 124.16942
20359, 114, 29.384235
20360, 108, 131.64267
20361, 116, 44.206818
20362, 109, 123.835175
20363, 107, 66.148674
20364, 118, 74.44319
20365, 101, 59.77553
20366, 112, 93.37085
20367, 110, 54.2627
20368, 103, 82.26218
20369, 107, 94.66889
20370, 111, 69.4282
20371, 114, 16.536015
20372, 103, 139.97635
20373, 114, 123.119804
20374, 106, 53.859894
20375, 113, 112.743256
20376, 118, 132.62529
20377, 109, 64.77824
20378, 101, 107.5899
20379, 115, 149.18922
20380, 117, 129.35619
20381, 114, 15.294475
20382, 113, 143.80606
20383, 100, 37.815125
20384, 103, 111.741745
20385, 102, 102.31204
20386, 110, 112.28679
20387, 110, 62.259766
20388, 107, 38.94571
20389, 101, 129.61562
20390, 102, 28.87034
20391, 102, 112.583336
20392, 109, 57.078094
20393, 116, 142.1436
20394, 116, 108.27738
20395, 101, 95.45389
20396, 100, 105.00151
20397, 117, 122.305405
20398, 104, 18.474833
20399, 113, 36.84072
20400, 102, 138.31422
20401, 105, 45.67836
20402, 102, 149.6626
20403, 107, 59.510887
20404, 116, 48.835953
20405, 111, 25.974405
20406, 112, 21.39759
20407, 108, 37.500645
20408, 110, 148.87303
20409, 117, 146.03091
20410, 111, 74.916504
20411, 101, 102.386215
20412, 102, 0.5449176
20413, 116, 46.88168
20414, 112, 81.71762
20415, 114, 120.71301
20416, 116, 112.74198
20417, 107, 148.84834
20418, 108, 0.7891506
20419, 105, 71.3686
20420, 113, 146.38937
20421, 107, 60.729156
20422, 104, 52.10698
20423, 100, 41.064396
20424, 105, 120.8928
20425, 104, 113.69122
20426, 102, 36.397522
20427, 115, 105.85913
20428, 104, 44.176777
20429, 115, 3.019765
20430, 105, 43.624798
20431, 116, 141.38931
20432, 104, 58.585506
20433, 101, 45.50879
20434, 103, 140.40324
20435, 116, 149.39796
20436, 119, 12.63215
20437, 115, 101.958694
20438, 111, 79.13703
20439, 113, 57.55796
20440, 115, 108.964005
20441, 104, 4.6574326
20442, 108, 77.89719
20443, 113, 81.40396
20444, 112, 141.83807
20445, 100, 126.35762
20446, 103, 80.08551
20447, 103, 24.269299
20448, 107, 77.759735
20449, 114, 50.34958
20450, 100, 38.31943
20451, 113, 138.43047
20452, 104, 94.54159
20453, 115, 94.030136
20454, 101, 92.47012
20455, 118, 45.227802
20456, 100, 53.481514
20457, 110, 108.48719
20458, 114, 59.185837
20459, 102, 145.08246
20460, 100, 126.44814
20461, 103, 123.21295
20462, 116, 26.23921
20463, 110, 78.13318
20464, 117, 146.304
20465, 101, 97.583725
20466, 116, 82.99226
20467, 118, 144.19672
20468, 107, 65.92576
20469, 110, 146.92287
20470, 103, 136.8605
20471, 100, 17.956057
20472, 118, 96.99749
20473, 119, 126.108345
20474, 118, 98.927826
20475, 116, 28.079662
20476, 101, 57.498665
20477, 116, 28.623783
20478, 104, 69.436646
20479, 114, 106.14896
20480, 106, 40.365414
20481, 105, 90.15524
20482, 107, 145.53923
20483, 116, 55.79356
20484, 106, 83.59461
20485, 104, 139.20634
20486, 111, 111.21695
20487, 119, 141.41948
20488, 113, 49.351357
20489, 116, 63.228115
20490, 115, 32.331787
20491, 100, 70.17127
20492, 101, 83.87738
20493, 100, 54.281643
20494, 108, 37.77903
20495, 104, 96.70268
20496, 105, 43.23576
20497, 100, 0.54638386
20498, 119, 149.95868
20499, 113, 143.91739
20500, 119, 60.717533
20501, 100, 137.72572
20502, 102, 145.41661
20503, 111, 147.96053
20504, 102, 88.31157
20505, 103, 146.02135
20506, 100, 46.52305
20507, 117, 68.65331
20508, 118, 90.1599
20509, 115, 0.40481687
20510, 102, 16.594658
20511, 104, 99.59465
20512, 101, 50.000668
20513, 101, 117.81652
20514, 111, 129.80937
20515, 103, 146.57275
20516, 103, 12.3543625
20517, 104, 67.673744
20518, 116, 109.415
20519, 117, 70.58367
20520, 103, 109.01548
20521, 110, 65.13845
20522, 101, 144.00536
20523, 112, 68.89066
20524, 100, 145.25851
20525, 106, 13.525253
20526, 109, 55.06406
20527, 104, 68.88986
20528, 105, 49.152287
20529, 118, 76.48253
20530, 105, 48.649208
20531, 107, 0.1681745
20532, 101, 81.41917
20533, 114, 59.26887
20534, 105, 87.006065
20535, 115, 112.49107
20536, 114, 130.57812
20537, 105, 4.235914
20538, 104, 141.66307
20539, 111, 50.731186
20540, 105, 101.31929
20541, 102, 11.363545
20542, 115, 112.67261
20543, 103, 139.32986
20544, 106, 95.290565
20545, 101, 46.7567
20546, 109, 43.02791
20547, 113, 108.25007
20548, 100, 126.068855
20549, 103, 36.507504
20550, 106, 103.43575
20551, 110, 139.8754
20552, 109, 35.112236
20553, 109, 43.421593
20554, 102, 39.129745
20555, 116, 76.64317
20556, 118, 143.78285
20557, 116, 46.761505
20558, 116, 82.502754
20559, 107, 143.29375
20560, 110, 63.10416
20561, 117, 122.00932
20562, 116, 24.44634
20563, 107, 9.611141
20564, 111, 86.20623
20565, 101, 49.33558
20566, 117, 63.583652
20567, 101, 68.31374
20568, 108, 91.14635
20569, 119, 0.82749724
20570, 119, 135.11908
20571, 107, 71.775795
20572, 110, 116.63982
20573, 116, 133.86102
20574, 102, 135.5574
20575, 100, 97.60129
20576, 108, 35.622597
20577, 102, 136.87724
20578, 106, 0.66129863
20579, 101, 68.17757
20580, 119, 135.00938
20581, 107, 79.99889
20582, 100, 39.63129
20583, 106, 44.45944
20584, 108, 107.891914
20585, 102, 83.50903
20586, 113, 30.86493
20587, 101, 24.831318
20588, 104, 83.034065
20589, 112, 28.395697
20590, 112, 67.79751
20591, 107, 94.04658
20592, 107, 25.15549
20593, 112, 37.159046
20594, 102, 77.22101
20595, 109, 142.40779
20596, 118, 132.95692
20597, 114, 37.95688
20598, 107, 101.20921
20599, 104, 133.36531
20600, 108, 9.906507
20601, 101, 57.271797
20602, 119, 92.26832
20603, 100, 124.99176
20604, 104, 30.064129
20605, 108, 108.91181
20606, 116, 103.66114
20607, 118, 51.63372
20608, 115, 71.45762
20609, 108, 104.47581
20610, 117, 9.2372055
20611, 107, 61.2658
20612, 104, 144.43628
20613, 115, 118.20022
20614, 107, 35.441788
20615, 112, 96.37429
20616, 110, 107.76679
20617, 116, 124.74093
20618, 109, 65.496704
20619, 110, 39.212814
20620, 106, 22.321156
20621, 101, 20.637596
20622, 112, 56.08937
20623, 103, 30.812323
20624, 119, 139.59686
20625, 114, 97.13159
20626, 113, 71.166794
20627, 115, 58.700325
20628, 118, 0.8337289
20629, 119, 48.77033
20630, 108, 63.123833
20631, 102, 143.51646
20632, 115, 45.23421
20633, 117, 32.941513
20634, 104, 134.80396
20635, 104, 66.10594
20636, 113, 85.61085
20637, 119, 22.067276
20638, 115, 47.51822
20639, 105, 140.0622
20640, 104, 149.02806
20641, 100, 116.33043
20642, 113, 9.277975
20643, 110, 136.13002
20644, 114, 79.95732
20645, 107, 140.10664
20646, 107, 71.860634
20647, 110, 80.03318
20648, 109, 97.70004
20649, 114, 128.6249
20650, 100, 70.852715
20651, 110, 17.594736
20652, 112, 134.64803
20653, 103, 55.36122
20654, 102, 107.85819
20655, 117, 88.98716
20656, 109, 64.15542
20657, 100, 124.09546
20658, 112, 113.66681
20659, 112, 7.0208254
20660, 106, 136.26122
20661, 104, 101.67452
20662, 117, 62.740032
20663, 113, 18.682453
20664, 115, 8.972633
20665, 108, 39.895214
20666, 101, 85.72247
20667, 110, 106.85538
20668, 118, 3.3873081
20669, 101, 38.603756
20670, 111, 112.35429
20671, 117, 22.177729
20672, 116, 43.751595
20673, 107, 42.783916
20674, 116, 30.880335
20675, 107, 140.45912
20676, 112, 102.376045
20677, 105, 95.22409
20678, 109, 19.720772
20679, 114, 68.32972
20680, 107, 34.046818
20681, 110, 85.22658
20682, 116, 72.274124
20683, 119, 3.2836676
20684, 104, 32.16233
20685, 109, 15.74437
20686, 103, 84.83534
20687, 103, 83.869385
20688, 100, 89.04325
20689, 114, 24.044806
20690, 101, 41.817543
20691, 111, 143.9059
20692, 103, 42.259678
20693, 101, 31.502125
20694, 117, 53.56239
20695, 119, 87.81011
20696, 111, 99.8228
20697, 104, 131.79596
20698, 106, 57.16831
20699, 119, 144.64864
20700, 111, 23.905527
20701, 103, 124.94302
20702, 113, 134.60976
20703, 105, 120.47454
20704, 103, 26.518143
20705, 103, 83.319435
20706, 112, 29.36478
20707, 112, 107.45095
20708, 106, 30.412567
20709, 116, 91.783966
20710, 118, 133.16673
20711, 109, 127.90231
20712, 110, 46.415234
20713, 106, 148.81447
20714, 113, 143.61868
20715, 108, 122.05858
20716, 109, 20.9311
20717, 116, 28.84081
20718, 116, 19.54076
20719, 100, 31.482204
20720, 105, 59.154217
20721, 108, 149.985
20722, 111, 47.77937
20723, 119, 43.070473
20724, 109, 129.42499
20725, 113, 57.66459
20726, 108, 126.04004
20727, 105, 109.90218
20728, 118, 19.840345
20729, 117, 144.3556
20730, 115, 109.4634
20731, 100, 65.40139
20732, 115, 105.47491
20733, 107, 111.27933
20734, 107, 98.34985
20735, 108, 138.69513
20736, 104, 59.095627
20737, 112, 71.55035
20738, 114, 77.20724
20739, 105, 78.04108
20740, 116, 37.1422
20741, 111, 44.25984
20742, 119, 115.87989
20743, 113, 84.74181
20744, 103, 35.02495
20745, 101, 20.621439
20746, 112, 30.68852
20747, 115, 146.3969
20748, 106, 7.5634003
20749, 106, 60.05532
20750, 104, 138.20291
20751, 117, 33.996437
20752, 110, 92.2385
20753, 110, 58.94149
20754, 103, 115.07827
20755, 119, 134.043
20756, 113, 147.54308
20757, 117, 131.04886
20758, 108, 41.54409
20759, 101, 94.85149
20760, 112, 27.636982
20761, 100, 38.63749
20762, 119, 141.2583
20763, 115, 0.26593208
20764, 113, 104.62709
20765, 118, 73.67268
20766, 104, 64.45148
20767, 118, 88.43745
20768, 113, 115.53256
20769, 101, 103.82075
20770, 116, 19.706806
20771, 106, 81.214676
20772, 101, 41.227825
20773, 110, 114.6857
20774, 104, 85.83682
20775, 111, 75.07043
20776, 118, 86.411125
20777, 116, 41.387405
20778, 114, 132.87708
20779, 107, 72.56603
20780, 105, 73.90427
20781, 119, 145.75146
20782, 107, 40.198936
20783, 106, 23.300394
20784, 105, 3.4549623
20785, 117, 131.53946
20786, 104, 87.10259
20787, 115, 144.2949
20788, 112, 79.835846
20789, 106, 96.08355
20790, 119, 38.460903
20791, 100, 142.32631
20792, 104, 26.598305
20793, 118, 21.178848
20794, 103, 20.993515
20795, 116, 49.821095
20796, 100, 51.384033
20797, 101, 112.73544
20798, 102, 9.888366
20799, 114, 77.113495
20800, 105, 130.22528
20801, 110, 41.796104
20802, 116, 24.782763
20803, 101, 99.57165
20804, 101, 104.355934
20805, 108, 146.28844
20806, 115, 111.050964
20807, 115, 44.802555
20808, 116, 106.37691
20809, 119, 25.689455
20810, 115, 77.89291
20811, 107, 144.6441
20812, 105, 120.60644
20813, 103, 25.561201
20814, 105, 89.58722
20815, 116, 64.77593
20816, 100, 41.373074
20817, 103, 58.349213
20818, 118, 66.49542
20819, 114, 25.121998
20820, 101, 39.01594
20821, 119, 67.6476
20822, 119, 112.02982
20823, 114, 63.565887
20824, 111, 142.2206
20825, 119, 57.31743
20826, 102, 125.235725
20827, 114, 78.5691
20828, 107, 9.752592
20829, 116, 34.41859
20830, 119, 81.46251
20831, 105, 86.70894
20832, 103, 122.072624
20833, 102, 0.2880603
20834, 114, 31.57398
20835, 110, 118.60537
20836, 102, 135.35538
20837, 108, 146.12096
20838, 115, 15.055471
20839, 101, 19.85194
20840, 110, 20.384975
20841, 108, 24.79417
20842, 100, 6.4902573
20843, 114, 61.736084
20844, 110, 70.458046
20845, 115, 9.617392
20846, 107, 55.797028
20847, 111, 63.816242
20848, 105, 1.895839
20849, 112, 83.68098
20850, 109, 76.761185
20851, 114, 19.153547
20852, 119, 96.397606
20853, 116, 11.35194
20854, 101, 7.2805076
20855, 101, 33.681374
20856, 102, 9.925032
20857, 115, 14.462042
20858, 116, 108.49863
20859, 107, 104.010155
20860, 111, 24.665468
20861, 107, 128.68706
20862, 117, 92.49649
20863, 106, 70.353226
20864, 113, 52.718487
20865, 118, 23.460781
20866, 110, 3.8394122
20867, 113, 27.109238
20868, 106, 71.49415
20869, 111, 131.17926
20870, 119, 15.571859
20871, 106, 140.77893
20872, 116, 125.4994
20873, 109, 38.00271
20874, 108, 75.15732
20875, 112, 138.36632
20876, 104, 8.214381
20877, 102, 115.453156
20878, 105, 121.91176
20879, 106, 87.12458
20880, 105, 124.935974
20881, 118, 99.93166
20882, 104, 72.046906
20883, 103, 105.521484
20884, 118, 28.284565
20885, 116, 82.8892
20886, 110, 81.08748
20887, 114, 68.89675
20888, 111, 103.9875
20889, 116, 138.01462
20890, 110, 79.03923
20891, 115, 38.37491
20892, 118, 91.22855
20893, 111, 116.98135
20894, 115, 127.099686
20895, 115, 52.620228
20896, 118, 61.360027
20897, 110, 28.627485
20898, 112, 112.82859
20899, 105, 115.87783
20900, 116, 117.86521
20901, 104, 6.538394
20902, 115, 30.126429
20903, 109, 46.078197
20904, 109, 82.998795
20905, 103, 85.88059
20906, 116, 110.798454
20907, 112, 127.9049
20908, 110, 15.189242
20909, 115, 68.62907
20910, 100, 33.25435
20911, 105, 125.897446
20912, 119, 101.03088
20913, 109, 77.33503
20914, 118, 49.17632
20915, 116, 4.105416
20916, 113, 9.458479
20917, 113, 138.87045
20918, 100, 64.91789
20919, 115, 95.00362
20920, 119, 23.242128
20921, 102, 96.336464
20922, 117, 102.02997
20923, 115, 143.84511
20924, 105, 80.9133
20925, 105, 70.506874
20926, 101, 128.99892
20927, 108, 145.71004
20928, 119, 82.13556
20929, 104, 92.50285
20930, 113, 34.878464
20931, 103, 10.1049185
20932, 115, 118.54305
20933, 111, 78.08283
20934, 110, 117.812874
20935, 102, 43.821976
20936, 109, 94.15552
20937, 109, 130.73598
20938, 116, 140.00356
20939, 111, 118.230576
20940, 104, 38.821766
20941, 104, 55.705635
20942, 115, 102.279945
20943, 112, 37.511784
20944, 107, 95.0344
20945, 103, 16.1684
20946, 112, 118.52098
20947, 105, 66.07451
20948, 114, 87.03389
20949, 102, 12.713778
20950, 104, 28.094324
20951, 119, 11.724624
20952, 119, 51.710667
20953, 116, 118.37588
20954, 104, 107.01692
20955, 113, 45.408333
20956, 108, 95.633545
20957, 114, 70.42537
20958, 110, 119.839294
20959, 105, 11.936286
20960, 117, 128.07585
20961, 106, 90.966385
20962, 108, 4.8492727
20963, 110, 24.767483
20964, 115, 125.0731
20965, 111, 21.256845
20966, 109, 45.235355
20967, 115, 45.125137
20968, 114, 57.73816
20969, 104, 133.22841
20970, 119, 118.60722
20971, 106, 65.59312
20972, 104, 30.907185
20973, 112, 53.496758
20974, 110, 99.52209
20975, 107, 114.26469
20976, 109, 16.003687
20977, 111, 120.22189
20978, 112, 36.854847
20979, 108, 142.50287
20980, 113, 90.696365
20981, 103, 37.232807
20982, 118, 41.395355
20983, 105, 67.80027
20984, 118, 107.69878
20985, 115, 76.49708
20986, 113, 144.82158
20987, 101, 58.532192
20988, 112, 12.637461
20989, 110, 37.303528
20990, 106, 21.515116
20991, 111, 112.40091
20992, 111, 52.474247
20993, 102, 65.76745
20994, 111, 9.924826
20995, 106, 121.310394
20996, 118, 57.511326
20997, 101, 114.183655
20998, 106, 78.588036
20999, 102, 110.88619
21000, 113, 105.4736
21001, 100, 58.69452
21002, 102, 65.5454
21003, 106, 54.653423
21004, 107, 2.6892185
21005, 116, 15.183851
21006, 111, 124.59621
21007, 101, 29.501644
21008, 114, 40.728207
21009, 109, 45.79829
21010, 116, 43.436577
21011, 105, 54.55631
21012, 106, 33.071503
21013, 105, 88.18557
21014, 107, 146.57419
21015, 106, 44.143314
21016, 110, 11.357268
21017, 104, 28.61165
21018, 105, 67.79518
21019, 118, 39.532944
21020, 106, 134.88396
21021, 105, 19.9171
21022, 107, 3.3015847
21023, 117, 51.75047
21024, 108, 57.646378
21025, 102, 47.620136
21026, 115, 146.54959
21027, 100, 68.259605
21028, 117, 130.03113
21029, 101, 90.95653
21030, 110, 149.37419
21031, 105, 106.66363
21032, 105, 144.86705
21033, 103, 5.708456
21034, 108, 61.21552
21035, 110, 71.29662
21036, 109, 22.68573
21037, 116, 104.50691
21038, 100, 89.62434
21039, 101, 143.2749
21040, 115, 12.257525
21041, 103, 126.932785
21042, 102, 67.75958
21043, 119, 82.31089
21044, 118, 84.647896
21045, 101, 67.99821
21046, 100, 38.677704
21047, 114, 68.523476
21048, 101, 123.24059
21049, 112, 61.506405
21050, 109, 112.353355
21051, 117, 57.590504
21052, 113, 124.40513
21053, 102, 37.629345
21054, 105, 38.982468
21055, 105, 124.31714
21056, 106, 28.140682
21057, 112, 113.12185
21058, 111, 48.13098
21059, 103, 95.261154
21060, 113, 13.892073
21061, 103, 39.6866
21062, 116, 97.28073
21063, 107, 49.034267
21064, 113, 3.20296
21065, 108, 59.975544
21066, 109, 141.6848
21067, 107, 61.813484
21068, 104, 44.58694
21069, 107, 121.83224
21070, 103, 3.906262
21071, 114, 139.94713
21072, 102, 81.69761
21073, 111, 127.24601
21074, 111, 68.45179
21075, 105, 11.074117
21076, 105, 57.91879
21077, 115, 87.31612
21078, 111, 138.89897
21079, 114, 126.233376
21080, 104, 124.94315
21081, 116, 103.01929
21082, 108, 130.63231
21083, 108, 25.982925
21084, 101, 149.85696
21085, 111, 121.76441
21086, 114, 16.769054
21087, 110, 88.32108
21088, 116, 28.30107
21089, 101, 53.291203
21090, 111, 51.787403
21091, 112, 78.56577
21092, 106, 134.12238
21093, 107, 147.09749
21094, 115, 90.368835
21095, 100, 134.44234
21096, 101, 82.10154
21097, 104, 135.62679
21098, 118, 77.12019
21099, 106, 40.43724
21100, 101, 6.2389164
21101, 102, 28.26841
21102, 119, 129.83826
21103, 118, 103.66318
21104, 101, 137.21997
21105, 116, 149.99039
21106, 111, 113.01776
21107, 107, 148.93344
21108, 111, 99.52026
21109, 109, 140.5985
21110, 102, 123.66522
21111, 113, 107.61432
21112, 107, 145.62111
21113, 100, 67.56978
21114, 118, 0.627324
21115, 111, 140.54277
21116, 109, 78.725266
21117, 105, 47.697437
21118, 105, 8.212728
21119, 112, 54.485355
21120, 106, 85.123856
21121, 107, 0.106707215
21122, 118, 68.02592
21123, 109, 46.322857
21124, 103, 3.4228296
21125, 110, 94.19436
21126, 102, 30.629154
21127, 102, 12.1990795
21128, 119, 113.24292
21129, 119, 125.58915
21130, 113, 32.892628
21131, 115, 118.46473
21132, 100, 79.36002
21133, 101, 36.670277
21134, 113, 99.65562
21135, 114, 86.63015
21136, 115, 100.27577
21137, 106, 40.185417
21138, 101, 131.55333
21139, 118, 71.69288
21140, 105, 35.398598
21141, 118, 16.68814
21142, 106, 120.4425
21143, 111, 2.9812484
21144, 118, 88.3839
21145, 115, 85.85172
21146, 114, 96.25193
21147, 107, 56.811707
21148, 105, 26.166576
21149, 111, 116.28254
21150, 118, 16.219667
21151, 112, 140.95901
21152, 114, 130.49179
21153, 106, 77.235466
21154, 109, 81.60237
21155, 106, 4.598406
21156, 106, 121.778336
21157, 102, 141.2472
21158, 116, 121.17057
21159, 109, 71.50341
21160, 108, 47.692753
21161, 102, 100.90414
21162, 110, 78.29518
21163, 108, 112.47075
21164, 111, 74.80399
21165, 114, 81.917946
21166, 117, 36.493824
21167, 100, 92.56034
21168, 111, 92.25592
21169, 112, 119.51399
21170, 108, 94.85324
21171, 115, 83.30393
21172, 101, 94.48095
21173, 108, 85.34987
21174, 112, 94.49614
21175, 115, 18.22654
21176, 108, 149.12259
21177, 113, 36.523705
21178, 115, 127.06901
21179, 115, 65.561455
21180, 117, 89.60027
21181, 100, 59.628876
21182, 114, 105.99445
21183, 100, 137.4252
21184, 114, 19.475502
21185, 109, 32.60563
21186, 117, 93.15715
21187, 105, 118.97884
21188, 108, 109.10463
21189, 104, 75.24547
21190, 115, 46.64693
21191, 101, 143.16295
21192, 110, 83.349754
21193, 111, 144.87158
21194, 110, 107.06799
21195, 117, 18.387178
21196, 114, 100.498276
21197, 112, 20.365387
21198, 119, 77.29725
21199, 109, 117.854805
21200, 109, 137.48665
21201, 109, 53.7957
21202, 112, 68.188934
21203, 109, 106.94913
21204, 117, 58.41902
21205, 114, 96.86731
21206, 107, 61.710255
21207, 100, 59.49953
21208, 104, 2.8329582
21209, 103, 135.96823
21210, 102, 12.144247
21211, 105, 123.657036
21212, 116, 99.08515
21213, 101, 34.167595
21214, 117, 144.01361
21215, 113, 66.83353
21216, 116, 148.78389
21217, 109, 146.66129
21218, 112, 147.93796
21219, 109, 14.138103
21220, 115, 129.45982
21221, 105, 147.77928
21222, 109, 26.912981
21223, 117, 67.004654
21224, 114, 70.56799
21225, 109, 25.837076
21226, 117, 12.981123
21227, 106, 22.58124
21228, 103, 44.945526
21229, 112, 37.395027
21230, 115, 28.385845
21231, 108, 22.015938
21232, 107, 27.023882
21233, 106, 137.49074
21234, 110, 148.74683
21235, 107, 130.04556
21236, 100, 92.32613
21237, 119, 141.37619
21238, 106, 89.441
21239, 103, 8.992598
21240, 111, 24.334045
21241, 110, 97.55238
21242, 118, 27.58735
21243, 105, 70.05403
21244, 102, 35.08368
21245, 118, 109.721214
21246, 117, 38.67278
21247, 109, 118.61488
21248, 117, 49.021893
21249, 117, 32.844456
21250, 112, 108.06079
21251, 118, 136.42712
21252, 105, 15.027371
21253, 119, 110.50559
21254, 117, 52.907967
21255, 106, 96.357445
21256, 117, 8.21752
21257, 114, 98.75977
21258, 117, 139.09709
21259, 113, 18.656284
21260, 104, 3.5407038
21261, 118, 4.3239174
21262, 104, 112.028046
21263, 104, 138.88075
21264, 110, 17.93224
21265, 103, 63.401787
21266, 114, 21.262291
21267, 119, 63.01093
21268, 107, 106.33453
21269, 110, 124.87422
21270, 102, 7.6057253
21271, 108, 75.85968
21272, 119, 38.454777
21273, 103, 54.775196
21274, 105, 35.964115
21275, 109, 71.75507
21276, 104, 113.97862
21277, 106, 16.596598
21278, 112, 138.52406
21279, 107, 24.609804
21280, 100, 63.334717
21281, 112, 41.01913
21282, 119, 38.155067
21283, 103, 41.5323
21284, 114, 140.01863
21285, 112, 42.17275
21286, 111, 110.96499
21287, 101, 107.73285
21288, 112, 141.13017
21289, 107, 92.73892
21290, 111, 61.420227
21291, 103, 147.37503
21292, 110, 122.73983
21293, 109, 50.838474
21294, 107, 81.9379
21295, 112, 10.620054
21296, 103, 45.952873
21297, 100, 73.27669
21298, 109, 59.877663
21299, 112, 124.683395
21300, 114, 86.46775
21301, 102, 92.53507
21302, 118, 93.974396
21303, 109, 122.734566
21304, 100, 109.172264
21305, 115, 129.34326
21306, 110, 1.0682523
21307, 109, 80.030624
21308, 109, 51.640892
21309, 105, 54.396988
21310, 119, 45.416897
21311, 102, 39.315693
21312, 114, 37.081673
21313, 110, 76.17041
21314, 116, 85.769165
21315, 114, 89.03652
21316, 115, 72.05891
21317, 118, 45.89862
21318, 101, 2.7657688
21319, 115, 114.56
21320, 107, 48.667046
21321, 107, 122.77161
21322, 119, 12.743068
21323, 112, 7.2891893
21324, 105, 101.78136
21325, 114, 21.420675
21326, 102, 72.16505
21327, 102, 23.62361
21328, 100, 124.347916
21329, 117, 112.07749
21330, 110, 47.968636
21331, 112, 18.841383
21332, 112, 141.25128
21333, 112, 132.57146
21334, 102, 143.85757
21335, 108, 60.363766
21336, 110, 141.31564
21337, 104, 19.357735
21338, 112, 84.91657
21339, 112, 71.84613
21340, 100, 75.682175
21341, 116, 31.407621
21342, 103, 16.773722
21343, 109, 15.766266
21344, 116, 148.64796
21345, 107, 33.683064
21346, 104, 55.049095
21347, 110, 37.245083
21348, 113, 54.446198
21349, 102, 21.166187
21350, 105, 34.20724
21351, 117, 137.03639
21352, 114, 90.88182
21353, 101, 127.02831
21354, 118, 122.05889
21355, 115, 15.397713
21356, 117, 129.63579
21357, 112, 6.7969947
21358, 109, 133.02832
21359, 107, 15.04097
21360, 115, 4.2589636
21361, 112, 37.540028
21362, 102, 128.36072
21363, 110, 84.95934
21364, 113, 60.19088
21365, 114, 63.23077
21366, 115, 80.64504
21367, 115, 29.556164
21368, 108, 67.29323
21369, 115, 2.2886844
21370, 102, 83.43332
21371, 107, 2.9296608
21372, 100, 4.1016874
21373, 116, 28.399023
21374, 113, 9.704402
21375, 108, 93.70475
21376, 105, 136.12024
21377, 100, 10.758841
21378, 111, 80.93183
21379, 117, 113.184326
21380, 108, 24.377213
21381, 102, 147.31725
21382, 114, 12.313181
21383, 109, 129.41766
21384, 107, 57.98107
21385, 117, 72.85424
21386, 103, 115.11655
21387, 110, 19.257313
21388, 100, 109.83908
21389, 112, 49.26172
21390, 114, 147.03851
21391, 101, 6.0053678
21392, 103, 88.8901
21393, 109, 120.4701
21394, 107, 81.42605
21395, 105, 59.8093
21396, 103, 87.389046
21397, 115, 32.971046
21398, 100, 36.03865
21399, 108, 110.808975
21400, 113, 25.224907
21401, 102, 5.8612165
21402, 114, 30.7466
21403, 117, 148.48836
21404, 117, 99.58478
21405, 107, 41.443813
21406, 105, 124.842575
21407, 110, 104.70138
21408, 106, 148.8675
21409, 119, 11.349499
21410, 116, 42.00899
21411, 112, 93.31332
21412, 106, 141.37059
21413, 106, 142.61163
21414, 113, 67.27561
21415, 102, 144.92906
21416, 112, 46.53897
21417, 103, 75.96829
21418, 115, 132.56355
21419, 118, 128.226
21420, 105, 52.032074
