100037, 100, 90.78861
100038, 113, 82.10209
100039, 106, 35.193996
100040, 103, 38.23759
100041, 119, 121.76919
100042, 106, 14.690047
100043, 103, 43.07567
100044, 106, 41.381477
100045, 113, 4.580408
100046, 115, 5.232668
100047, 108, 5.9896855
100048, 102, 109.96253
100049, 113, 83.688324
100050, 108, 64.41751
100051, 111, 144.27213
100052, 101, 78.710075
100053, 113, 140.55643
100054, 116, 18.010149
100055, 110, 49.574295
100056, 119, 144.46997
100057, 109, 72.39744
100058, 102, 102.8083
100059, 118, 144.64046
100060, 106, 86.20227
100061, 111, 117.1503
100062, 114, 124.49101
100063, 116, 18.223724
100064, 111, 69.99912
100065, 101, 35.18738
100066, 111, 67.24409
100067, 117, 97.39676
100068, 119, 107.33568
100069, 101, 82.06409
100070, 118, 43.259956
100071, 102, 89.75657
100072, 112, 49.844475
100073, 109, 32.687393
100074, 102, 90.87165
100075, 102, 23.027489
100076, 100, 115.87921
100077, 117, 42.55926
100078, 107, 61.70603
100079, 114, 42.85368
100080, 117, 58.352394
100081, 118, 5.4133773
100082, 114, 120.70285
100083, 105, 3.287512
100084, 105, 25.702625
100085, 116, 33.152096
100086, 102, 76.07533
100087, 102, 106.85535
100088, 103, 133.34053
100089, 108, 105.575554
100090, 104, 123.81336
100091, 119, 17.486671
100092, 116, 104.19117
100093, 100, 84.1518
100094, 115, 40.86863
100095, 113, 98.89745
100096, 113, 147.36406
100097, 100, 38.984566
100098, 101, 108.54196
100099, 110, 84.148155
100100, 110, 123.85774
100101, 102, 23.042929
100102, 103, 112.467865
100103, 118, 121.01077
100104, 104, 117.01795
100105, 105, 97.30818
100106, 114, 95.57233
100107, 107, 80.89447
100108, 105, 71.49222
100109, 111, 40.091003
100110, 102, 31.660376
100111, 100, 7.1047964
100112, 117, 113.48721
100113, 117, 19.321337
100114, 100, 99.713005
100115, 109, 9.048799
100116, 108, 144.68668
100117, 119, 145.06702
100118, 113, 146.19029
100119, 111, 125.0873
100120, 100, 149.11362
100121, 111, 104.46415
100122, 103, 38.17224
100123, 118, 28.175596
100124, 109, 146.08376
100125, 118, 91.12909
100126, 117, 32.3725
100127, 113, 18.89517
100128, 119, 107.363075
100129, 109, 6.6208897
100130, 109, 120.4594
100131, 110, 13.717371
100132, 104, 23.963535
100133, 115, 61.054928
100134, 119, 147.8173
100135, 105, 131.22987
100136, 114, 11.763292
100137, 115, 72.764465
100138, 108, 116.15165
100139, 104, 88.028755
100140, 109, 112.73578
100141, 108, 40.80938
100142, 111, 139.68665
100143, 113, 62.93951
100144, 102, 76.28396
100145, 118, 95.93341
100146, 113, 73.00556
100147, 119, 134.61212
100148, 118, 39.389706
100149, 103, 98.09326
100150, 116, 27.147272
100151, 118, 61.513245
100152, 111, 121.13297
100153, 117, 28.939524
100154, 105, 5.0456553
100155, 117, 47.696133
100156, 116, 43.4519
100157, 116, 17.91122
100158, 106, 118.27563
100159, 113, 22.157595
100160, 102, 10.205251
100161, 105, 11.263579
100162, 105, 51.77335
100163, 117, 120.346344
100164, 119, 1.7340928
100165, 101, 107.37629
100166, 102, 116.45379
100167, 101, 33.215706
100168, 113, 140.10925
100169, 116, 65.426926
100170, 103, 33.264248
100171, 112, 144.7583
100172, 112, 119.97485
100173, 103, 12.417805
100174, 104, 48.447285
100175, 118, 67.85869
100176, 104, 114.21462
100177, 114, 79.50446
100178, 110, 2.7822196
100179, 116, 141.09319
100180, 105, 26.52803
100181, 119, 5.076501
100182, 100, 47.85473
100183, 110, 102.207535
100184, 119, 47.586475
100185, 104, 15.717271
100186, 100, 103.16668
100187, 116, 16.218853
100188, 115, 129.41243
100189, 100, 76.404274
100190, 109, 58.47069
100191, 104, 40.358307
100192, 113, 19.3181
100193, 107, 71.000206
100194, 119, 2.9549718
100195, 106, 4.357159
100196, 117, 148.67383
100197, 117, 68.37792
100198, 112, 119.66458
100199, 102, 78.26866
100200, 116, 119.83477
100201, 105, 84.61016
100202, 100, 136.19919
100203, 118, 43.739677
100204, 104, 130.97798
100205, 115, 80.12103
100206, 104, 37.46238
100207, 102, 146.2476
100208, 111, 128.38002
100209, 118, 107.02955
100210, 112, 69.40426
100211, 103, 58.324768
100212, 104, 62.29536
100213, 118, 134.15833
100214, 117, 72.08186
100215, 117, 145.20648
100216, 112, 130.04495
100217, 113, 10.846165
100218, 100, 75.88381
100219, 116, 138.59412
100220, 104, 75.893
100221, 103, 29.661495
100222, 100, 75.905716
100223, 104, 33.56529
100224, 101, 119.61873
100225, 116, 125.606674
100226, 114, 18.216919
100227, 109, 25.635124
100228, 114, 4.9491315
100229, 116, 66.53604
100230, 100, 35.480152
100231, 107, 39.61993
100232, 104, 19.20821
100233, 102, 3.9201915
100234, 103, 40.1232
100235, 100, 84.81457
100236, 116, 66.64716
100237, 114, 27.170876
100238, 112, 108.83111
100239, 113, 102.329994
100240, 117, 114.520805
100241, 111, 85.303535
100242, 104, 137.67285
100243, 111, 38.630016
100244, 113, 131.84409
100245, 107, 74.56543
100246, 110, 116.35077
100247, 114, 127.65114
100248, 113, 17.363262
100249, 111, 69.63812
100250, 100, 64.603806
100251, 108, 92.574646
100252, 106, 98.69187
100253, 118, 105.48826
100254, 106, 17.535084
100255, 115, 65.82231
100256, 111, 145.66772
100257, 110, 126.3689
100258, 106, 1.019302
100259, 100, 26.400448
100260, 111, 121.97122
100261, 106, 122.696495
100262, 108, 5.25645
100263, 109, 85.2439
100264, 116, 53.30463
100265, 111, 99.884834
100266, 104, 36.85838
100267, 119, 41.03922
100268, 114, 9.043559
100269, 119, 123.46114
100270, 116, 23.075464
100271, 115, 86.01929
100272, 103, 82.81621
100273, 108, 109.904366
100274, 102, 108.99611
100275, 111, 71.26454
100276, 100, 57.929455
100277, 116, 113.96551
100278, 117, 83.4992
100279, 110, 79.73271
100280, 118, 113.63785
100281, 106, 68.451164
100282, 109, 34.50274
100283, 112, 7.829279
100284, 105, 32.6338
100285, 119, 83.880005
100286, 112, 72.80408
100287, 107, 63.314266
100288, 118, 19.544802
100289, 113, 124.90902
100290, 105, 93.23429
100291, 100, 138.80022
100292, 119, 66.28008
100293, 108, 91.850586
100294, 116, 138.17245
100295, 100, 3.956893
100296, 112, 43.080418
100297, 109, 144.08978
100298, 101, 22.60429
100299, 109, 80.44923
100300, 104, 14.740571
100301, 103, 123.84375
100302, 112, 41.8627
100303, 116, 146.2486
100304, 107, 112.97642
100305, 100, 89.97385
100306, 105, 81.34718
100307, 103, 138.04143
100308, 117, 37.562897
100309, 104, 119.882286
100310, 103, 56.05622
100311, 110, 135.19429
100312, 100, 55.616455
100313, 119, 93.46514
100314, 119, 24.933716
100315, 102, 48.70813
100316, 103, 2.7366848
100317, 107, 19.202667
100318, 117, 128.348
100319, 110, 41.035366
100320, 109, 140.11989
100321, 101, 26.04805
100322, 115, 58.902435
100323, 111, 106.30707
100324, 110, 57.63173
100325, 115, 50.055786
100326, 103, 18.709267
100327, 116, 122.48563
100328, 113, 133.93242
100329, 112, 65.36071
100330, 115, 53.337147
100331, 113, 35.98612
100332, 114, 115.43279
100333, 115, 18.655693
100334, 102, 44.572975
100335, 104, 52.530117
100336, 114, 149.24878
100337, 116, 110.54551
100338, 115, 68.90997
100339, 116, 33.48625
100340, 103, 67.44017
100341, 100, 48.325573
100342, 116, 108.54918
100343, 118, 82.34208
100344, 116, 139.64125
100345, 118, 21.472818
100346, 101, 95.24914
100347, 103, 86.96533
100348, 102, 27.712896
100349, 113, 84.1197
100350, 104, 27.619644
100351, 118, 75.84159
100352, 103, 120.51518
100353, 114, 119.20936
100354, 110, 65.98111
100355, 114, 64.950386
100356, 104, 117.31982
100357, 117, 90.65958
100358, 106, 71.02186
100359, 106, 131.04672
100360, 109, 83.7238
100361, 107, 98.02053
100362, 100, 79.55128
100363, 109, 66.45429
100364, 106, 42.561714
100365, 119, 65.79763
100366, 111, 100.862305
100367, 111, 81.58159
100368, 108, 149.36955
100369, 115, 121.16603
100370, 118, 15.772542
100371, 116, 94.03538
100372, 107, 55.001057
100373, 104, 144.14601
100374, 116, 82.91124
100375, 104, 2.5439768
100376, 119, 39.26526
100377, 102, 19.733557
100378, 106, 88.10803
100379, 108, 65.00084
100380, 103, 76.77135
100381, 115, 14.504894
100382, 114, 111.00282
100383, 102, 83.515816
100384, 109, 128.86497
100385, 115, 31.861496
100386, 113, 71.70441
100387, 111, 14.194599
100388, 100, 72.596886
100389, 114, 58.72838
100390, 113, 67.99169
100391, 113, 14.193267
100392, 112, 148.22531
100393, 100, 104.286415
100394, 112, 66.69116
100395, 107, 45.48701
100396, 118, 98.07056
100397, 111, 93.5119
100398, 107, 2.8162122
100399, 119, 110.37634
100400, 116, 10.39744
100401, 117, 138.67526
100402, 113, 97.20654
100403, 118, 146.43945
100404, 104, 39.779896
100405, 119, 1.5085816
100406, 107, 39.81633
100407, 101, 19.069147
100408, 112, 6.019154
100409, 113, 139.4103
100410, 115, 125.491486
100411, 105, 67.494705
100412, 117, 60.702576
100413, 104, 96.12665
100414, 103, 81.56677
100415, 118, 122.02678
100416, 117, 9.561387
100417, 102, 103.98543
100418, 116, 127.55586
100419, 111, 98.978424
100420, 115, 114.44968
100421, 111, 131.63446
100422, 118, 103.25259
100423, 119, 123.61675
100424, 110, 17.622953
100425, 108, 110.93449
100426, 105, 113.109924
100427, 115, 39.30509
100428, 110, 129.41649
100429, 104, 6.868744
100430, 117, 48.495476
100431, 104, 87.8776
100432, 112, 87.83009
100433, 110, 87.93141
100434, 107, 35.178493
100435, 101, 14.881325
100436, 112, 106.921844
100437, 106, 116.440254
100438, 107, 102.03479
100439, 112, 78.63776
100440, 102, 45.20783
100441, 113, 37.90655
100442, 101, 136.23912
100443, 111, 120.14826
100444, 108, 87.74399
100445, 116, 127.05409
100446, 108, 70.591545
100447, 115, 89.731155
100448, 109, 112.69012
100449, 102, 7.8893604
100450, 110, 65.15468
100451, 111, 9.422645
100452, 100, 62.69086
100453, 103, 8.871254
100454, 101, 101.562294
100455, 105, 84.9263
100456, 107, 131.12268
100457, 114, 118.69182
100458, 109, 18.763357
100459, 115, 77.89256
100460, 102, 93.76265
100461, 119, 123.41647
100462, 108, 87.338585
100463, 106, 95.17106
100464, 109, 73.30649
100465, 109, 34.99021
100466, 114, 32.596977
100467, 103, 26.611492
100468, 107, 86.09756
100469, 119, 46.202232
100470, 106, 124.90125
100471, 104, 141.19728
100472, 109, 1.2728602
100473, 104, 19.901203
100474, 100, 130.96257
100475, 108, 6.552878
100476, 118, 142.12851
100477, 105, 109.623566
100478, 110, 112.9148
100479, 110, 77.46882
100480, 115, 41.743164
100481, 111, 32.53946
100482, 108, 145.13815
100483, 112, 64.31078
100484, 103, 40.916454
100485, 100, 68.170685
100486, 108, 95.79756
100487, 107, 62.79612
100488, 108, 101.639084
100489, 110, 131.21053
100490, 105, 88.64761
100491, 107, 130.2027
100492, 114, 59.502697
100493, 107, 0.7107496
100494, 117, 31.543995
100495, 110, 121.03068
100496, 119, 137.32584
100497, 117, 48.85872
100498, 119, 80.5279
100499, 104, 60.577316
100500, 107, 110.0159
100501, 102, 95.72937
100502, 113, 128.89632
100503, 115, 49.24038
100504, 113, 18.518847
100505, 109, 28.888142
100506, 100, 96.46211
100507, 116, 79.30295
100508, 101, 80.46228
100509, 109, 131.76689
100510, 111, 123.804955
100511, 109, 7.4975433
100512, 103, 65.85079
100513, 101, 20.055798
100514, 116, 92.17435
100515, 117, 60.961273
100516, 100, 80.22859
100517, 112, 127.60884
100518, 109, 110.13246
100519, 102, 98.165535
100520, 117, 91.34949
100521, 118, 128.6298
100522, 117, 61.124332
100523, 117, 99.3768
100524, 102, 118.31732
100525, 102, 98.77224
100526, 107, 62.700523
100527, 107, 3.0655413
100528, 107, 144.17914
100529, 116, 45.75145
100530, 118, 142.69537
100531, 114, 141.82843
100532, 106, 133.04094
100533, 116, 124.64436
100534, 109, 20.000786
100535, 117, 143.20963
100536, 106, 21.008278
100537, 108, 19.53704
100538, 115, 41.85868
100539, 119, 12.085399
100540, 111, 32.41794
100541, 117, 128.72784
100542, 115, 148.34709
100543, 110, 130.81406
100544, 114, 3.2653034
100545, 114, 51.039772
100546, 100, 100.77112
100547, 114, 10.314998
100548, 104, 54.81299
100549, 119, 85.78584
100550, 116, 8.581236
100551, 109, 0.31446218
100552, 115, 50.356846
100553, 112, 28.936985
100554, 110, 79.54288
100555, 111, 6.0093017
100556, 108, 81.33038
100557, 102, 93.64554
100558, 112, 0.3838867
100559, 117, 38.263813
100560, 103, 30.906576
100561, 114, 82.79085
100562, 100, 67.702614
100563, 118, 92.224594
100564, 114, 73.37974
100565, 107, 31.199688
100566, 107, 136.37538
100567, 100, 36.19489
100568, 107, 43.88146
100569, 110, 90.337
100570, 104, 100.26839
100571, 111, 20.653538
100572, 106, 13.217613
100573, 100, 27.321526
100574, 107, 77.27264
100575, 102, 104.52434
100576, 115, 26.782143
100577, 106, 3.4078002
100578, 109, 108.769325
100579, 111, 92.48477
100580, 111, 81.916695
100581, 113, 114.551605
100582, 116, 124.041595
100583, 101, 84.99158
100584, 112, 137.59674
100585, 111, 89.17155
100586, 104, 89.162994
100587, 101, 86.07464
100588, 112, 75.07627
100589, 108, 57.853397
100590, 105, 63.52871
100591, 102, 23.222654
100592, 106, 128.6154
100593, 115, 82.78517
100594, 109, 76.48312
100595, 115, 134.39954
100596, 100, 0.68481266
100597, 102, 51.105602
100598, 100, 108.607185
100599, 104, 122.94828
100600, 118, 26.636768
100601, 106, 139.3883
100602, 100, 69.08331
100603, 105, 45.10712
100604, 118, 25.675642
100605, 112, 130.494
100606, 103, 8.581853
100607, 102, 26.251522
100608, 106, 79.607925
100609, 102, 113.63402
100610, 118, 125.04977
100611, 110, 129.82996
100612, 119, 51.487614
100613, 111, 39.002888
100614, 116, 102.20401
100615, 108, 54.124905
100616, 101, 132.68979
100617, 113, 13.770569
100618, 117, 135.04747
100619, 119, 26.48466
100620, 108, 51.777515
100621, 107, 18.195704
100622, 104, 58.704193
100623, 104, 129.08807
100624, 117, 135.17265
100625, 113, 135.40388
100626, 104, 112.09992
100627, 103, 81.17586
100628, 109, 50.91237
100629, 112, 145.35306
100630, 117, 100.168144
100631, 109, 9.096167
100632, 113, 75.4647
100633, 104, 90.16225
100634, 117, 111.000084
100635, 109, 99.099434
100636, 109, 13.714332
100637, 103, 103.08032
100638, 102, 137.9505
100639, 116, 97.90078
100640, 113, 42.62185
100641, 104, 57.967613
100642, 118, 28.833263
100643, 115, 55.184208
100644, 103, 114.87371
100645, 118, 23.742395
100646, 103, 113.95766
100647, 117, 15.97605
100648, 104, 97.36662
100649, 113, 88.781425
100650, 119, 142.28333
100651, 113, 18.172789
100652, 105, 24.667114
100653, 110, 20.56632
100654, 110, 136.28323
100655, 111, 67.82015
100656, 107, 138.2833
100657, 115, 3.9235353
100658, 110, 23.174286
100659, 117, 97.41519
100660, 102, 8.378175
100661, 109, 77.206955
100662, 116, 13.538066
100663, 103, 28.584408
100664, 112, 125.49611
100665, 106, 143.1171
100666, 112, 1.3587892
100667, 112, 10.0159855
100668, 119, 11.354479
100669, 117, 28.269518
100670, 118, 101.7122
100671, 101, 33.74502
100672, 114, 113.15522
100673, 111, 141.59152
100674, 100, 129.08902
100675, 118, 94.00595
100676, 104, 1.9685358
100677, 102, 32.07542
100678, 115, 69.568344
100679, 101, 0.74931085
100680, 111, 90.98308
100681, 103, 111.46155
100682, 114, 34.27661
100683, 104, 114.111626
100684, 101, 122.92554
100685, 108, 48.0618
100686, 102, 34.418106
100687, 112, 138.64778
100688, 113, 69.0779
100689, 108, 110.783356
100690, 114, 66.67061
100691, 107, 28.507984
100692, 111, 67.422646
100693, 102, 14.030886
100694, 108, 121.00051
100695, 110, 109.50087
100696, 112, 108.6474
100697, 105, 13.618335
100698, 101, 125.62517
100699, 113, 127.40327
100700, 112, 125.3894
100701, 107, 27.977827
100702, 115, 74.55141
100703, 104, 84.97301
100704, 100, 32.64724
100705, 116, 97.82056
100706, 114, 0.5178273
100707, 114, 58.166332
100708, 107, 133.49348
100709, 101, 109.47179
100710, 116, 73.66423
100711, 110, 133.98776
100712, 117, 130.98119
100713, 112, 140.42792
100714, 102, 96.96194
100715, 106, 15.248153
100716, 109, 138.9246
100717, 101, 0.67712367
100718, 108, 148.51262
100719, 109, 121.75047
100720, 114, 69.7808
100721, 102, 56.63816
100722, 106, 130.12636
100723, 104, 149.71683
100724, 116, 88.33529
100725, 108, 92.925514
100726, 113, 133.2041
100727, 113, 133.19885
100728, 108, 74.961235
100729, 115, 52.32509
100730, 118, 40.04629
100731, 106, 63.10309
100732, 100, 86.07258
100733, 112, 114.398575
100734, 118, 69.18708
100735, 104, 2.3044915
100736, 100, 69.18334
100737, 115, 48.757355
100738, 108, 116.11357
100739, 103, 41.723995
100740, 117, 114.99112
100741, 111, 87.32107
100742, 119, 53.69013
100743, 116, 113.43295
100744, 104, 110.69011
100745, 106, 54.69312
100746, 103, 75.4591
100747, 108, 87.76519
100748, 101, 58.941006
100749, 110, 82.29302
100750, 106, 89.643196
100751, 110, 141.98988
100752, 102, 118.87404
100753, 113, 136.91974
100754, 118, 95.02732
100755, 118, 83.45775
100756, 112, 115.65815
100757, 102, 119.503525
100758, 113, 29.627682
100759, 113, 86.4168
100760, 113, 59.552246
100761, 112, 25.400438
100762, 106, 105.062935
100763, 103, 70.602875
100764, 111, 64.377396
100765, 109, 7.1925583
100766, 105, 120.011116
100767, 119, 138.01292
100768, 112, 112.233315
100769, 118, 91.96585
100770, 119, 37.508163
100771, 117, 31.503046
100772, 115, 126.45572
100773, 119, 113.59659
100774, 100, 139.38715
100775, 106, 55.226845
100776, 100, 117.96217
100777, 112, 41.12318
100778, 115, 139.49548
100779, 103, 125.45075
100780, 101, 109.981995
100781, 114, 54.39182
100782, 117, 63.17153
100783, 105, 25.375288
100784, 112, 134.86267
100785, 105, 66.28364
100786, 107, 117.720314
100787, 108, 25.158764
100788, 100, 41.51752
100789, 119, 58.35035
100790, 119, 39.190624
100791, 112, 41.515892
100792, 119, 56.82555
100793, 118, 41.01416
100794, 114, 89.910416
100795, 115, 74.46891
100796, 109, 6.9030137
100797, 116, 114.634834
100798, 116, 16.05631
100799, 102, 71.40683
100800, 116, 97.18607
100801, 118, 105.79308
100802, 111, 118.271866
100803, 115, 7.949075
100804, 108, 6.4988317
100805, 119, 12.819841
100806, 112, 54.994762
100807, 110, 86.02515
100808, 108, 1.7714828
100809, 112, 15.7202215
100810, 112, 142.37135
100811, 118, 123.82102
100812, 113, 64.30103
100813, 101, 72.31146
100814, 109, 139.04166
100815, 106, 76.35176
100816, 108, 87.20094
100817, 114, 140.10437
100818, 104, 62.064163
100819, 108, 130.15347
100820, 118, 138.5939
100821, 102, 109.84412
100822, 104, 83.98827
100823, 115, 85.49944
100824, 104, 8.239898
100825, 115, 148.73683
100826, 117, 66.02288
100827, 109, 134.1502
100828, 103, 64.86243
100829, 118, 31.737265
100830, 105, 50.527554
100831, 109, 43.877747
100832, 105, 82.56443
100833, 115, 22.081795
100834, 111, 0.7473886
100835, 118, 108.453766
100836, 105, 134.19044
100837, 119, 144.02469
100838, 110, 121.44921
100839, 118, 83.45852
100840, 100, 47.486633
100841, 113, 36.17311
100842, 102, 131.44858
100843, 113, 39.155567
100844, 111, 144.60481
100845, 119, 48.341793
100846, 116, 133.02095
100847, 115, 3.5573869
100848, 110, 55.754025
100849, 113, 105.95001
100850, 119, 27.665108
100851, 110, 51.335728
100852, 117, 14.306268
100853, 100, 50.15459
100854, 109, 39.749615
100855, 113, 92.1641
100856, 109, 41.34417
100857, 112, 104.02634
100858, 105, 110.83561
100859, 114, 67.09609
100860, 117, 120.62942
100861, 117, 120.67723
100862, 105, 24.582874
100863, 110, 147.99007
100864, 101, 28.991175
100865, 116, 70.12056
100866, 102, 147.13988
100867, 107, 11.783597
100868, 115, 110.3814
100869, 107, 22.628815
100870, 115, 123.28298
100871, 114, 145.89651
100872, 112, 139.44151
100873, 104, 129.54166
100874, 103, 119.37283
100875, 101, 99.93763
100876, 116, 136.84749
100877, 112, 16.119156
100878, 114, 143.79852
100879, 104, 53.183323
100880, 116, 81.87702
100881, 106, 115.661995
100882, 101, 69.159996
100883, 105, 19.046858
100884, 109, 74.64785
100885, 118, 87.45819
100886, 106, 130.21564
100887, 104, 136.44969
100888, 110, 111.40983
100889, 118, 26.385857
100890, 118, 97.39515
100891, 108, 19.29963
100892, 101, 4.8330812
100893, 116, 20.939013
100894, 111, 133.85152
100895, 106, 117.716286
100896, 107, 18.235123
100897, 118, 124.13479
100898, 103, 60.833412
100899, 112, 134.83987
100900, 110, 28.372372
100901, 106, 149.55843
100902, 109, 27.246067
100903, 111, 132.97342
100904, 109, 67.06348
100905, 107, 39.916634
100906, 113, 62.819214
100907, 119, 67.70076
100908, 118, 59.765606
100909, 117, 129.10982
100910, 108, 132.42603
100911, 100, 26.49241
100912, 109, 67.57631
100913, 109, 120.96143
100914, 109, 59.92251
100915, 111, 116.22278
100916, 118, 108.42116
100917, 105, 38.466766
100918, 108, 141.65921
100919, 118, 64.72426
100920, 111, 143.6098
100921, 104, 136.78412
100922, 113, 131.29137
100923, 113, 29.930548
100924, 102, 97.568016
100925, 117, 1.190713
100926, 113, 100.22601
100927, 115, 62.83209
100928, 105, 123.52724
100929, 108, 107.22655
100930, 119, 56.195213
100931, 102, 42.817272
100932, 110, 40.206287
100933, 110, 93.34472
100934, 102, 119.58972
100935, 115, 7.1800857
100936, 100, 103.56531
100937, 118, 135.56456
100938, 112, 51.144512
100939, 103, 47.647896
100940, 119, 114.328674
100941, 104, 64.29934
100942, 115, 130.70164
100943, 114, 35.974823
100944, 118, 22.145525
100945, 103, 144.45775
100946, 100, 22.45726
100947, 116, 75.03312
100948, 119, 43.604565
100949, 100, 118.128845
100950, 106, 116.01646
100951, 117, 114.65652
100952, 103, 93.79207
100953, 109, 8.910021
100954, 114, 124.70897
100955, 105, 16.176037
100956, 117, 66.580666
100957, 112, 96.78433
100958, 105, 36.609756
100959, 119, 73.32821
100960, 109, 97.75668
100961, 103, 25.028873
100962, 119, 139.4579
100963, 114, 134.08385
100964, 114, 26.076704
100965, 112, 29.8987
100966, 110, 135.89204
100967, 113, 142.06459
100968, 107, 95.24723
100969, 110, 103.873856
100970, 111, 26.813194
100971, 112, 132.71095
100972, 101, 86.61731
100973, 116, 21.313307
100974, 119, 0.5491108
100975, 112, 44.36042
100976, 103, 2.4222314
100977, 114, 10.947749
100978, 115, 70.34622
100979, 110, 131.85533
100980, 103, 126.84848
100981, 111, 71.78802
100982, 109, 54.652466
100983, 110, 37.524845
100984, 111, 16.581774
100985, 104, 108.99902
100986, 104, 115.1596
100987, 106, 77.39804
100988, 115, 76.11617
100989, 102, 129.51193
100990, 111, 64.850555
100991, 103, 69.302475
100992, 100, 104.88153
100993, 115, 34.945293
100994, 113, 14.857229
100995, 101, 88.83183
100996, 116, 64.034134
100997, 103, 2.4689198
100998, 101, 37.466553
100999, 117, 27.02517
101000, 109, 94.54093
101001, 111, 8.994725
101002, 109, 16.692379
101003, 108, 58.379738
101004, 116, 88.46389
101005, 115, 64.785126
101006, 100, 53.059433
101007, 111, 12.354389
101008, 107, 63.93437
101009, 101, 133.86368
101010, 104, 93.86222
101011, 119, 67.51048
101012, 103, 128.82628
101013, 112, 18.703865
101014, 110, 31.879663
101015, 108, 12.684515
101016, 119, 117.3147
101017, 119, 67.28538
101018, 101, 126.306465
101019, 104, 25.048328
101020, 113, 53.286247
101021, 115, 30.254566
101022, 118, 51.231087
101023, 118, 149.18797
101024, 112, 69.09343
101025, 105, 104.80235
101026, 118, 57.297333
101027, 108, 82.18023
101028, 101, 135.41951
101029, 102, 85.87038
101030, 104, 14.794556
101031, 101, 86.51003
101032, 115, 93.03161
101033, 109, 33.54503
101034, 110, 146.70667
101035, 104, 121.000404
101036, 100, 13.779062
101037, 104, 33.591717
101038, 100, 14.080453
101039, 111, 71.34264
101040, 100, 9.777716
101041, 113, 114.64996
101042, 112, 92.5865
101043, 117, 41.211025
101044, 111, 110.79027
101045, 105, 39.640984
101046, 105, 50.24329
101047, 119, 2.353263
101048, 112, 108.940575
101049, 116, 110.70875
101050, 118, 12.121886
101051, 119, 41.94233
101052, 101, 25.320143
101053, 114, 108.623695
101054, 107, 66.82738
101055, 114, 44.078297
101056, 114, 126.3616
101057, 113, 75.45075
101058, 109, 65.37632
101059, 113, 12.237337
101060, 115, 21.668682
101061, 113, 108.49689
101062, 101, 20.185242
101063, 101, 20.726868
101064, 102, 117.65765
101065, 101, 43.528236
101066, 109, 0.90280473
101067, 117, 13.845483
101068, 100, 2.5282145
101069, 115, 47.32697
101070, 106, 142.71335
101071, 103, 133.0893
101072, 105, 26.58071
101073, 115, 52.324184
101074, 106, 55.124767
101075, 119, 41.277676
101076, 105, 104.836205
101077, 105, 110.41893
101078, 118, 147.83115
101079, 118, 15.464624
101080, 105, 14.041739
101081, 102, 93.9856
101082, 109, 86.52115
101083, 100, 77.52607
101084, 117, 149.32498
101085, 103, 51.5491
101086, 105, 42.491768
101087, 113, 97.146675
101088, 105, 87.99915
101089, 118, 100.12854
101090, 113, 131.64348
101091, 101, 109.35293
101092, 116, 114.16052
101093, 115, 106.89574
101094, 104, 92.84892
101095, 115, 93.45134
101096, 100, 33.509438
101097, 102, 114.89858
101098, 109, 115.69333
101099, 110, 71.60028
101100, 118, 5.622974
101101, 108, 112.98679
101102, 107, 123.90055
101103, 103, 108.90328
101104, 108, 75.035614
101105, 105, 77.807144
101106, 105, 116.99533
101107, 110, 131.92068
101108, 109, 57.052795
101109, 114, 16.383675
101110, 117, 65.94902
101111, 106, 80.4478
101112, 105, 16.66325
101113, 112, 12.891233
101114, 104, 68.72576
101115, 115, 122.25118
101116, 114, 18.970585
101117, 116, 38.28281
101118, 113, 112.74876
101119, 115, 0.32764077
101120, 117, 28.90243
101121, 111, 148.94487
101122, 101, 138.7789
101123, 104, 40.883213
101124, 114, 89.99303
101125, 104, 36.85508
101126, 111, 111.92859
101127, 111, 19.744911
101128, 107, 95.37762
101129, 112, 3.463608
101130, 110, 0.9139806
101131, 109, 124.299
101132, 115, 136.92282
101133, 116, 15.580514
101134, 113, 100.64159
101135, 110, 75.47006
101136, 110, 47.718464
101137, 107, 123.757904
101138, 113, 67.82468
101139, 103, 10.763892
101140, 113, 81.03669
101141, 114, 130.20937
101142, 101, 49.27985
101143, 100, 133.29527
101144, 112, 22.193554
101145, 102, 134.06439
101146, 111, 20.083693
101147, 106, 135.28244
101148, 105, 41.296803
101149, 111, 47.84444
101150, 110, 114.75825
101151, 103, 138.4118
101152, 111, 82.96205
101153, 110, 77.7549
101154, 102, 7.9613504
101155, 101, 89.46776
101156, 116, 21.732054
101157, 106, 147.3135
101158, 110, 33.58976
101159, 108, 44.58137
101160, 118, 49.58361
101161, 119, 4.6646924
101162, 102, 42.59584
101163, 118, 95.73427
101164, 109, 119.576775
101165, 116, 23.109554
101166, 101, 71.900406
101167, 116, 141.7856
101168, 110, 105.07227
101169, 118, 120.57683
101170, 106, 143.89793
101171, 107, 105.01766
101172, 101, 82.04504
101173, 107, 128.89665
101174, 109, 120.1162
101175, 106, 0.22121966
101176, 100, 3.6173701
101177, 118, 104.78814
101178, 118, 136.99956
101179, 118, 25.69855
101180, 116, 82.16536
101181, 115, 101.8995
101182, 113, 55.67008
101183, 119, 22.699543
101184, 104, 74.121124
101185, 107, 88.26694
101186, 101, 103.99414
101187, 105, 100.21228
101188, 104, 105.80078
101189, 117, 138.4278
101190, 110, 46.539303
101191, 101, 100.20682
101192, 103, 90.34094
101193, 109, 60.351383
101194, 100, 87.907936
101195, 109, 40.745632
101196, 114, 85.04252
101197, 108, 66.335075
101198, 116, 75.45168
101199, 108, 138.30882
101200, 103, 125.2068
101201, 103, 82.876625
101202, 102, 138.29013
101203, 115, 28.404003
101204, 108, 105.969
101205, 102, 59.423088
101206, 112, 79.91289
101207, 113, 127.1931
101208, 117, 121.403366
101209, 117, 28.364244
101210, 111, 85.53293
101211, 116, 133.09514
101212, 100, 81.36287
101213, 119, 24.85538
101214, 102, 144.94597
101215, 112, 93.088394
101216, 100, 113.75359
101217, 106, 61.234634
101218, 111, 124.52427
101219, 118, 39.139427
101220, 102, 117.8525
101221, 106, 8.265334
101222, 101, 4.569009
101223, 108, 77.25939
101224, 102, 4.803443
101225, 118, 149.21207
101226, 109, 116.31685
101227, 109, 54.57962
101228, 101, 141.52486
101229, 114, 66.05951
101230, 111, 139.44589
101231, 112, 17.842287
101232, 111, 94.74996
101233, 109, 31.381998
101234, 106, 79.70846
101235, 102, 53.507835
101236, 101, 23.624584
101237, 107, 128.54573
101238, 119, 9.213585
101239, 110, 21.563038
101240, 116, 69.92586
101241, 109, 103.0341
101242, 118, 32.553024
101243, 119, 20.289963
101244, 110, 43.46852
101245, 106, 103.59811
101246, 115, 29.483288
101247, 100, 71.735916
101248, 100, 15.937016
101249, 118, 23.080578
101250, 106, 88.3457
101251, 108, 99.30459
101252, 111, 28.859425
101253, 113, 35.32157
101254, 114, 29.105482
101255, 108, 111.73833
101256, 104, 98.31788
101257, 108, 46.66459
101258, 101, 79.695755
101259, 106, 115.4386
101260, 117, 44.62881
101261, 119, 103.94257
101262, 104, 92.95703
101263, 105, 86.80953
101264, 112, 90.47804
101265, 101, 143.27985
101266, 101, 129.02979
101267, 110, 82.90578
101268, 105, 143.60742
101269, 113, 149.49573
101270, 117, 14.341727
101271, 106, 144.97249
101272, 112, 136.75098
101273, 109, 100.82677
101274, 119, 143.69281
101275, 102, 129.98524
101276, 113, 107.95512
101277, 113, 106.54059
101278, 118, 126.02714
101279, 109, 29.41076
101280, 108, 82.84738
101281, 119, 2.3221402
101282, 100, 31.036537
101283, 106, 132.83772
101284, 113, 80.36341
101285, 108, 135.0496
101286, 108, 138.9535
101287, 113, 84.67386
101288, 108, 133.78557
101289, 118, 115.10216
101290, 103, 11.020231
101291, 108, 145.76334
101292, 119, 59.613876
101293, 108, 6.4276547
101294, 112, 94.65521
101295, 107, 139.5513
101296, 116, 84.24412
101297, 112, 74.13117
101298, 110, 68.75455
101299, 114, 93.63551
101300, 111, 83.643974
101301, 112, 133.85657
101302, 110, 58.806072
101303, 110, 20.9095
101304, 112, 83.95372
101305, 114, 63.748608
101306, 109, 128.2019
101307, 112, 104.73598
101308, 101, 37.23749
101309, 118, 25.680166
101310, 117, 40.691658
101311, 117, 55.51823
101312, 100, 71.587616
101313, 105, 100.58144
101314, 106, 7.359865
101315, 108, 144.37845
101316, 106, 93.242035
101317, 112, 88.73617
101318, 108, 50.183792
101319, 103, 56.020447
101320, 103, 143.35695
101321, 103, 92.82949
101322, 101, 73.773964
101323, 105, 102.08542
101324, 115, 123.654655
101325, 107, 147.1453
101326, 119, 116.079094
101327, 113, 147.79599
101328, 114, 121.00254
101329, 106, 70.9164
101330, 109, 5.229351
101331, 106, 35.91247
101332, 111, 121.73631
101333, 104, 85.54901
101334, 105, 26.885792
101335, 103, 108.19307
101336, 104, 130.88458
101337, 112, 84.375656
101338, 116, 55.46707
101339, 112, 16.889423
101340, 103, 117.699104
101341, 111, 126.18774
101342, 114, 144.75502
101343, 100, 19.601995
101344, 107, 126.29847
101345, 102, 112.40805
101346, 104, 99.042595
101347, 100, 59.464573
101348, 118, 111.25435
101349, 106, 70.8964
101350, 113, 33.05634
101351, 117, 124.2596
101352, 108, 83.07541
101353, 109, 45.202168
101354, 105, 104.15705
101355, 100, 53.00737
101356, 114, 112.211235
101357, 101, 110.85982
101358, 112, 46.837082
101359, 114, 97.73363
101360, 116, 137.5006
101361, 106, 51.203808
101362, 108, 14.904222
101363, 118, 113.20849
101364, 118, 35.52155
101365, 103, 5.7701735
101366, 101, 107.18918
101367, 117, 126.06462
101368, 105, 123.36133
101369, 102, 39.767666
101370, 110, 59.311188
101371, 115, 36.60906
101372, 106, 115.98212
101373, 110, 90.62997
101374, 108, 37.84585
101375, 110, 141.2213
101376, 105, 14.632908
101377, 115, 122.826385
101378, 109, 53.843708
101379, 113, 135.95683
101380, 104, 107.55967
101381, 115, 4.220027
101382, 103, 77.60591
101383, 113, 109.584206
101384, 113, 27.362976
101385, 110, 72.09835
101386, 101, 119.38082
101387, 102, 3.949955
101388, 103, 12.186975
101389, 100, 107.41878
101390, 115, 34.09678
101391, 115, 8.324477
101392, 114, 146.06923
101393, 114, 139.66371
101394, 111, 113.08954
101395, 117, 100.8413
101396, 102, 148.692
101397, 108, 5.5281043
101398, 119, 61.083458
101399, 100, 32.682983
101400, 104, 18.68712
101401, 105, 119.453445
101402, 101, 29.272726
101403, 117, 116.99264
101404, 102, 15.431473
101405, 107, 110.81336
101406, 119, 144.19162
101407, 103, 143.88818
101408, 113, 131.36302
101409, 104, 90.25582
101410, 103, 48.182728
101411, 112, 93.95886
101412, 101, 57.64735
101413, 104, 72.70433
101414, 111, 66.107635
101415, 108, 38.607754
101416, 115, 112.88423
101417, 107, 46.108513
101418, 111, 78.738556
101419, 116, 87.06861
101420, 111, 29.732985
101421, 108, 104.60432
101422, 113, 44.705414
101423, 105, 82.273445
101424, 104, 21.687386
101425, 110, 142.54028
101426, 117, 131.64452
101427, 103, 74.90572
101428, 101, 96.11558
101429, 118, 57.450012
101430, 100, 57.743793
101431, 107, 79.10306
101432, 107, 46.106064
101433, 103, 5.374861
101434, 101, 121.69021
101435, 119, 41.972538
101436, 116, 50.83598
101437, 117, 128.73753
101438, 110, 43.017036
101439, 118, 74.444305
101440, 105, 107.94436
101441, 119, 74.33517
101442, 102, 75.42974
101443, 117, 62.17271
101444, 118, 49.18624
101445, 109, 45.79177
101446, 107, 121.48974
101447, 101, 19.560179
101448, 118, 20.550888
101449, 109, 28.730982
101450, 107, 71.98739
101451, 106, 132.78917
101452, 109, 54.351665
101453, 116, 50.992317
101454, 100, 26.738272
101455, 103, 47.46
101456, 108, 143.79796
101457, 113, 22.492352
101458, 109, 126.45678
101459, 101, 6.303236
101460, 119, 122.065506
101461, 103, 54.24292
101462, 112, 36.405613
101463, 102, 149.27911
101464, 104, 87.66906
101465, 111, 31.830114
101466, 115, 6.878731
101467, 114, 84.20564
101468, 109, 127.96079
101469, 105, 81.056305
101470, 112, 62.007442
101471, 116, 29.409054
101472, 100, 3.7673414
101473, 111, 35.91232
101474, 100, 67.4983
101475, 112, 19.367453
101476, 113, 15.777227
101477, 103, 89.2761
101478, 109, 12.962982
101479, 106, 102.27762
101480, 108, 39.65417
101481, 105, 85.534805
101482, 118, 57.96278
101483, 103, 69.768425
101484, 119, 67.41574
101485, 101, 80.4103
101486, 119, 124.59586
101487, 104, 122.73829
101488, 117, 90.41507
101489, 107, 117.66184
101490, 113, 23.066702
101491, 113, 83.98844
101492, 112, 28.120333
101493, 116, 60.811768
101494, 119, 84.878685
101495, 108, 77.78091
101496, 101, 133.35979
101497, 109, 51.5657
101498, 113, 33.908318
101499, 111, 102.222855
101500, 116, 31.263872
101501, 100, 73.883835
101502, 112, 145.28822
101503, 114, 108.3522
101504, 112, 32.033104
101505, 104, 96.80287
101506, 107, 15.301296
101507, 119, 46.214504
101508, 108, 99.21012
101509, 104, 95.97435
101510, 113, 29.238583
101511, 114, 144.93759
101512, 111, 40.865894
101513, 113, 5.1701903
101514, 118, 139.02904
101515, 105, 82.89379
101516, 102, 73.54285
101517, 104, 64.58773
101518, 111, 70.04461
101519, 106, 6.673381
101520, 109, 25.506582
101521, 107, 114.061066
101522, 114, 59.84089
101523, 116, 125.18568
101524, 113, 2.3833842
101525, 118, 76.36768
101526, 114, 102.20069
101527, 119, 55.076946
101528, 114, 13.344347
101529, 103, 87.91538
101530, 109, 110.60959
101531, 107, 20.483055
101532, 113, 138.0848
101533, 106, 91.94793
101534, 119, 36.58356
101535, 108, 98.12539
101536, 116, 93.89588
101537, 107, 104.09016
101538, 109, 45.495953
101539, 111, 140.86703
101540, 110, 14.220696
101541, 107, 97.959
101542, 114, 139.30634
101543, 105, 50.16125
101544, 111, 98.44927
101545, 109, 107.611496
101546, 115, 53.284176
101547, 117, 35.054092
101548, 115, 86.46615
101549, 103, 106.697815
101550, 100, 52.59886
101551, 109, 41.708824
101552, 115, 124.127304
101553, 104, 139.19827
101554, 111, 45.65526
101555, 109, 53.816208
101556, 105, 148.2928
101557, 119, 83.34066
101558, 111, 49.71293
101559, 106, 70.293686
101560, 114, 90.94708
101561, 106, 58.119526
101562, 108, 69.82967
101563, 109, 69.72942
101564, 108, 43.907127
101565, 102, 112.1133
101566, 104, 85.58949
101567, 107, 143.6046
101568, 104, 4.6267657
101569, 100, 17.28007
101570, 113, 43.589176
101571, 115, 30.22019
101572, 100, 84.319435
101573, 106, 67.71641
101574, 105, 148.44379
101575, 118, 101.045906
101576, 117, 29.702005
101577, 113, 119.14447
101578, 110, 24.186766
101579, 115, 99.43447
101580, 102, 76.16892
101581, 118, 129.67648
101582, 102, 43.535088
101583, 108, 130.83475
101584, 100, 94.518974
101585, 107, 140.20964
101586, 101, 7.1393433
101587, 116, 4.3269486
101588, 104, 26.120068
101589, 100, 44.619064
101590, 113, 138.86761
101591, 116, 107.13148
101592, 115, 135.12782
101593, 117, 73.49
101594, 112, 54.22157
101595, 112, 93.95088
101596, 107, 51.94929
101597, 103, 70.204506
101598, 102, 37.7609
101599, 108, 122.459854
101600, 107, 51.381584
101601, 102, 149.91257
101602, 108, 132.46307
101603, 104, 104.03512
101604, 105, 125.32459
101605, 109, 42.80794
101606, 101, 44.6317
101607, 109, 80.11025
101608, 111, 147.84631
101609, 100, 102.382126
101610, 101, 43.734814
101611, 117, 122.563614
101612, 103, 49.869606
101613, 107, 60.519085
101614, 105, 120.09893
101615, 119, 1.9083202
101616, 117, 124.441505
101617, 114, 131.53624
101618, 113, 144.4831
101619, 105, 34.2484
101620, 102, 48.613358
101621, 108, 31.10201
101622, 107, 86.27609
101623, 119, 34.43176
101624, 112, 125.89286
101625, 106, 118.702866
101626, 102, 92.91
101627, 109, 13.562483
101628, 110, 83.41129
101629, 115, 84.24059
101630, 104, 106.59599
101631, 114, 72.40223
101632, 107, 6.3254447
101633, 106, 149.44394
101634, 114, 13.691336
101635, 116, 106.78057
101636, 106, 86.37335
101637, 103, 84.6276
101638, 101, 72.410576
101639, 118, 42.56664
101640, 103, 52.999065
101641, 117, 53.116196
101642, 119, 119.06349
101643, 112, 46.631313
101644, 114, 44.47748
101645, 103, 91.60833
101646, 111, 56.918736
101647, 116, 75.67469
101648, 117, 44.95536
101649, 118, 82.63569
101650, 100, 2.9235363
101651, 100, 124.03964
101652, 109, 71.86481
101653, 112, 39.643227
101654, 118, 138.02695
101655, 118, 126.16571
101656, 105, 94.3934
101657, 111, 83.97194
101658, 114, 131.33904
101659, 101, 46.570473
101660, 106, 65.643196
101661, 118, 103.00022
101662, 119, 105.76834
101663, 106, 147.96567
101664, 103, 104.481804
101665, 116, 116.402145
101666, 106, 86.41744
101667, 100, 19.404585
101668, 113, 85.17227
101669, 103, 93.393
101670, 119, 77.987305
101671, 109, 43.40619
101672, 108, 35.362118
101673, 105, 115.99065
101674, 113, 9.301382
101675, 119, 48.124443
101676, 101, 128.98767
101677, 108, 85.46236
101678, 110, 142.84827
101679, 111, 22.916132
101680, 113, 12.201405
101681, 106, 4.3933153
101682, 119, 66.293816
101683, 111, 145.07158
101684, 105, 134.42361
101685, 101, 114.58886
101686, 103, 44.64063
101687, 115, 12.009287
101688, 116, 3.7652671
101689, 109, 85.2362
101690, 101, 128.77052
101691, 107, 34.360806
101692, 101, 3.5653262
101693, 103, 20.972067
101694, 104, 127.29196
101695, 119, 75.36484
101696, 107, 83.75001
101697, 110, 108.324394
101698, 107, 129.42496
101699, 102, 26.327429
101700, 112, 17.704842
101701, 109, 124.88857
101702, 117, 45.9182
101703, 101, 65.28221
101704, 101, 66.45428
101705, 107, 76.798874
101706, 102, 87.852066
101707, 119, 84.27066
101708, 115, 64.884926
101709, 106, 82.06553
101710, 100, 17.505857
101711, 100, 39.54843
101712, 118, 53.552895
101713, 114, 10.863858
101714, 109, 111.37139
101715, 103, 90.619
101716, 117, 90.212204
101717, 108, 75.08162
101718, 110, 60.895477
101719, 109, 130.92339
101720, 118, 0.4534006
101721, 118, 87.97766
101722, 113, 127.43364
101723, 111, 119.990746
101724, 111, 42.983643
101725, 108, 10.213217
101726, 102, 120.809906
101727, 110, 132.1844
101728, 107, 133.9503
101729, 119, 43.28971
101730, 111, 37.777187
101731, 112, 38.850178
101732, 101, 107.86713
101733, 114, 53.791363
101734, 113, 123.155975
101735, 104, 102.49566
101736, 103, 118.57062
101737, 102, 59.5458
101738, 103, 35.578938
101739, 104, 79.898415
101740, 108, 33.74707
101741, 102, 1.4168143
101742, 110, 140.66437
101743, 104, 52.33729
101744, 112, 68.109634
101745, 119, 113.86637
101746, 114, 29.775085
101747, 113, 21.393139
101748, 104, 64.92568
101749, 100, 110.15198
101750, 113, 90.13034
101751, 114, 136.28435
101752, 110, 17.17657
101753, 112, 105.96614
101754, 107, 101.24982
101755, 111, 58.88636
101756, 103, 140.7548
101757, 110, 146.00186
101758, 101, 94.15974
101759, 115, 16.08822
101760, 112, 45.982246
101761, 112, 115.616295
101762, 108, 132.2047
101763, 118, 50.853386
101764, 107, 99.71847
101765, 109, 49.67224
101766, 103, 114.87464
101767, 102, 116.39202
101768, 106, 139.10994
101769, 112, 2.2931547
101770, 117, 15.832785
101771, 118, 143.9688
101772, 106, 128.69951
101773, 101, 24.513987
101774, 104, 88.4223
101775, 110, 34.75417
101776, 117, 122.6453
101777, 112, 72.144005
101778, 118, 70.02452
101779, 111, 17.794598
101780, 102, 51.95193
101781, 100, 111.985954
101782, 101, 35.604492
101783, 102, 25.904783
101784, 110, 133.2338
101785, 106, 67.25488
101786, 101, 79.92772
101787, 107, 44.48586
101788, 110, 86.44778
101789, 113, 106.38502
101790, 101, 40.662827
101791, 119, 117.20003
101792, 113, 99.69536
101793, 109, 35.760757
101794, 114, 131.35603
101795, 101, 149.42653
101796, 106, 51.84113
101797, 111, 79.06938
101798, 104, 55.32261
101799, 116, 41.67203
101800, 105, 108.43657
101801, 109, 61.795906
101802, 104, 45.442055
101803, 104, 120.91762
101804, 108, 64.13821
101805, 110, 35.07945
101806, 117, 113.52911
101807, 104, 132.89783
101808, 113, 44.373615
101809, 109, 89.15587
101810, 110, 49.821407
101811, 102, 4.5158477
101812, 102, 100.85802
101813, 115, 103.92349
101814, 115, 9.723213
101815, 100, 132.30544
101816, 103, 49.65648
101817, 108, 73.72644
101818, 101, 27.335125
101819, 103, 88.150505
101820, 106, 141.92134
101821, 105, 13.329157
101822, 103, 47.934563
101823, 113, 86.00171
101824, 100, 85.44545
101825, 119, 116.8303
101826, 116, 36.244843
101827, 103, 96.32923
101828, 105, 8.766666
101829, 116, 9.554118
101830, 112, 1.2585014
101831, 115, 113.41414
101832, 115, 36.886696
101833, 118, 8.908492
101834, 119, 28.554483
101835, 112, 42.949265
101836, 106, 84.72032
101837, 109, 130.03789
101838, 118, 80.43381
101839, 119, 16.280598
101840, 119, 90.067795
101841, 103, 101.68709
101842, 119, 92.57916
101843, 108, 75.07393
101844, 102, 43.70125
101845, 100, 107.30362
101846, 108, 85.41496
101847, 105, 43.5933
101848, 118, 11.068127
101849, 110, 108.26762
101850, 101, 27.498945
101851, 119, 131.44154
101852, 101, 103.78861
101853, 109, 21.15486
101854, 100, 49.041286
101855, 103, 133.14432
101856, 110, 68.04217
101857, 112, 72.42311
101858, 111, 94.42863
101859, 104, 24.723574
101860, 117, 63.906178
101861, 109, 61.506073
101862, 108, 103.982834
101863, 114, 99.62131
101864, 104, 68.04661
101865, 110, 125.82754
101866, 104, 64.49111
101867, 101, 45.00556
101868, 113, 148.47112
101869, 105, 38.79862
101870, 112, 39.245735
101871, 105, 28.701746
101872, 119, 110.823395
101873, 114, 113.2582
101874, 101, 116.515526
101875, 113, 9.401599
101876, 100, 93.21492
101877, 115, 26.400957
101878, 106, 54.622982
101879, 119, 81.08502
101880, 109, 28.847149
101881, 107, 60.482643
101882, 100, 40.016403
101883, 119, 60.549286
101884, 117, 136.5554
101885, 110, 40.49515
101886, 109, 32.657192
101887, 109, 35.4354
101888, 101, 146.67567
101889, 114, 136.12119
101890, 106, 133.58331
101891, 108, 128.05832
101892, 112, 52.642517
101893, 114, 107.65015
101894, 106, 97.39327
101895, 100, 54.77181
101896, 104, 128.85347
101897, 117, 32.069134
101898, 119, 19.11336
101899, 102, 81.461624
101900, 101, 149.99954
101901, 106, 92.60834
101902, 112, 143.41618
101903, 116, 115.73568
101904, 104, 140.70299
101905, 115, 141.72119
101906, 112, 34.448208
101907, 101, 86.5392
101908, 112, 142.88847
101909, 111, 0.72356164
101910, 112, 118.232574
101911, 116, 68.13182
101912, 110, 8.812809
101913, 108, 132.16107
101914, 107, 89.63337
101915, 111, 58.020912
101916, 106, 54.6857
101917, 113, 83.588234
101918, 113, 124.760925
101919, 106, 16.440985
101920, 117, 42.832287
101921, 104, 116.6686
101922, 119, 100.03495
101923, 117, 66.81137
101924, 106, 20.087868
101925, 109, 66.681
101926, 105, 112.16963
101927, 116, 118.40494
101928, 116, 117.09859
101929, 110, 77.698944
101930, 110, 107.60531
101931, 109, 101.97955
101932, 106, 20.752653
101933, 117, 120.14885
101934, 109, 90.70577
101935, 108, 114.964424
101936, 101, 85.063576
101937, 109, 112.17842
101938, 105, 62.069115
101939, 116, 37.54973
101940, 115, 68.58065
101941, 105, 103.70569
101942, 109, 56.70695
101943, 108, 123.19636
101944, 116, 140.70135
101945, 114, 122.16785
101946, 117, 57.204403
101947, 105, 43.7372
101948, 108, 141.54025
101949, 113, 144.62747
101950, 111, 56.342484
101951, 119, 16.554085
101952, 107, 115.748924
101953, 116, 1.4619917
101954, 116, 75.81743
101955, 114, 105.42703
101956, 118, 63.211475
101957, 112, 48.378582
101958, 104, 123.37721
101959, 105, 112.31721
101960, 108, 122.64379
101961, 107, 132.49168
101962, 111, 0.33356845
101963, 107, 88.73967
101964, 106, 138.89638
101965, 106, 63.288483
101966, 115, 78.86073
