91976, 108, 140.98344
91977, 105, 29.661093
91978, 104, 122.37039
91979, 117, 83.822334
91980, 109, 118.81447
91981, 100, 78.60048
91982, 119, 85.66064
91983, 115, 38.990627
91984, 115, 47.168594
91985, 104, 20.89938
91986, 119, 32.715485
91987, 119, 23.762772
91988, 115, 146.09978
91989, 108, 4.6219735
91990, 101, 49.800854
91991, 114, 48.209167
91992, 112, 66.0608
91993, 108, 82.23556
91994, 113, 117.23976
91995, 100, 15.910667
91996, 108, 108.93912
91997, 103, 10.424307
91998, 102, 69.125786
91999, 119, 121.69859
92000, 106, 144.15959
92001, 108, 110.099434
92002, 118, 142.17062
92003, 101, 35.05311
92004, 118, 61.32659
92005, 100, 33.750896
92006, 118, 37.137108
92007, 119, 96.539345
92008, 116, 33.59811
92009, 103, 115.94503
92010, 105, 127.50154
92011, 114, 116.21722
92012, 112, 127.97347
92013, 100, 12.094143
92014, 107, 113.26877
92015, 117, 6.642249
92016, 113, 101.82001
92017, 109, 9.041182
92018, 113, 115.955574
92019, 113, 104.15858
92020, 119, 84.586235
92021, 118, 145.46027
92022, 107, 79.5448
92023, 105, 112.739586
92024, 104, 16.719585
92025, 116, 85.98104
92026, 118, 62.131863
92027, 119, 16.303612
92028, 108, 5.4601374
92029, 103, 139.46162
92030, 104, 13.268834
92031, 109, 28.294176
92032, 110, 87.45607
92033, 108, 11.064184
92034, 103, 138.77908
92035, 116, 16.022041
92036, 100, 135.01859
92037, 105, 21.968311
92038, 104, 36.215527
92039, 106, 127.06951
92040, 100, 57.74602
92041, 116, 94.97915
92042, 117, 142.44635
92043, 114, 88.33821
92044, 116, 117.3515
92045, 100, 97.50815
92046, 111, 130.22188
92047, 104, 109.54343
92048, 100, 104.721855
92049, 100, 50.965317
92050, 103, 23.698559
92051, 115, 115.62597
92052, 108, 100.49636
92053, 110, 9.060234
92054, 116, 51.902004
92055, 108, 9.11867
92056, 102, 77.06462
92057, 119, 25.289217
92058, 104, 75.41619
92059, 103, 117.213165
92060, 100, 40.052505
92061, 112, 68.81047
92062, 117, 119.13243
92063, 114, 116.17511
92064, 104, 70.30588
92065, 111, 32.625435
92066, 106, 32.56902
92067, 102, 55.79535
92068, 107, 123.501366
92069, 104, 92.21804
92070, 100, 144.73215
92071, 109, 112.40414
92072, 102, 99.924614
92073, 105, 15.873742
92074, 111, 57.008278
92075, 118, 116.339836
92076, 107, 37.806015
92077, 106, 108.16466
92078, 118, 10.500937
92079, 111, 57.74922
92080, 100, 45.40963
92081, 114, 37.976646
92082, 113, 121.663666
92083, 118, 93.85584
92084, 113, 148.5207
92085, 111, 43.435272
92086, 112, 64.288704
92087, 109, 2.891457
92088, 112, 49.02144
92089, 106, 81.02217
92090, 113, 99.436295
92091, 108, 120.18841
92092, 101, 142.68901
92093, 109, 139.68562
92094, 119, 101.60237
92095, 111, 62.954807
92096, 113, 41.240753
92097, 109, 50.52909
92098, 113, 86.45176
92099, 105, 142.55977
92100, 111, 96.22437
92101, 117, 147.43898
92102, 110, 84.12244
92103, 109, 106.56034
92104, 103, 13.378805
92105, 111, 40.938484
92106, 119, 116.555664
92107, 112, 63.048157
92108, 114, 13.4074955
92109, 108, 47.323017
92110, 110, 61.54409
92111, 106, 116.631905
92112, 105, 48.521538
92113, 100, 65.29115
92114, 103, 30.81809
92115, 110, 93.04827
92116, 110, 32.31809
92117, 107, 109.42241
92118, 109, 43.824516
92119, 100, 83.76449
92120, 106, 60.433826
92121, 113, 45.0639
92122, 115, 103.34174
92123, 107, 3.5254865
92124, 105, 29.713593
92125, 114, 78.378555
92126, 110, 61.625477
92127, 111, 116.49834
92128, 118, 64.11104
92129, 111, 98.91266
92130, 108, 113.23546
92131, 103, 71.52354
92132, 119, 37.48203
92133, 102, 104.15715
92134, 116, 126.089195
92135, 110, 85.80353
92136, 101, 138.52232
92137, 100, 46.721104
92138, 103, 97.514175
92139, 108, 84.59553
92140, 105, 123.67423
92141, 106, 136.77124
92142, 116, 141.7256
92143, 100, 15.171799
92144, 115, 54.674934
92145, 100, 133.30951
92146, 100, 122.34221
92147, 101, 2.0098062
92148, 107, 45.953133
92149, 109, 112.41619
92150, 119, 108.81191
92151, 106, 44.075775
92152, 106, 102.20136
92153, 116, 145.76909
92154, 101, 101.103874
92155, 110, 84.02506
92156, 119, 104.78168
92157, 116, 40.64168
92158, 116, 2.2012978
92159, 107, 100.078186
92160, 109, 69.80359
92161, 113, 9.924353
92162, 109, 131.11292
92163, 106, 1.8429637
92164, 117, 145.09196
92165, 109, 97.28562
92166, 101, 107.282646
92167, 103, 0.66295266
92168, 100, 91.39386
92169, 119, 32.0516
92170, 117, 13.529688
92171, 110, 37.98372
92172, 112, 94.449005
92173, 118, 32.087936
92174, 106, 101.60605
92175, 115, 62.936024
92176, 118, 46.55891
92177, 107, 95.76487
92178, 113, 112.20182
92179, 107, 105.793434
92180, 107, 111.530365
92181, 110, 140.57962
92182, 119, 126.05719
92183, 107, 36.214104
92184, 112, 61.27807
92185, 112, 139.69963
92186, 101, 65.486336
92187, 115, 70.86743
92188, 101, 37.84267
92189, 106, 50.06596
92190, 103, 26.451578
92191, 112, 40.907997
92192, 116, 107.9779
92193, 104, 24.92635
92194, 110, 91.59612
92195, 104, 9.207165
92196, 110, 144.6555
92197, 112, 45.03293
92198, 119, 112.14553
92199, 112, 58.52376
92200, 115, 112.13321
92201, 117, 71.51872
92202, 108, 140.67816
92203, 105, 12.191579
92204, 118, 11.482975
92205, 118, 122.66991
92206, 118, 148.40051
92207, 107, 118.71029
92208, 115, 57.25811
92209, 104, 43.12925
92210, 114, 89.612686
92211, 114, 52.31644
92212, 104, 71.15337
92213, 105, 43.042027
92214, 109, 48.126186
92215, 114, 67.3411
92216, 117, 104.33882
92217, 112, 98.8625
92218, 110, 62.809315
92219, 109, 19.72382
92220, 109, 71.65071
92221, 106, 61.68412
92222, 116, 44.570553
92223, 114, 139.00348
92224, 113, 54.89005
92225, 110, 16.563356
92226, 107, 73.935745
92227, 112, 37.270966
92228, 110, 72.427246
92229, 110, 74.20472
92230, 117, 102.78499
92231, 109, 87.60012
92232, 115, 78.15961
92233, 115, 114.35597
92234, 118, 117.4861
92235, 103, 61.688705
92236, 107, 66.73326
92237, 117, 60.143806
92238, 108, 130.28413
92239, 115, 131.6421
92240, 106, 130.73665
92241, 110, 111.31787
92242, 111, 3.0862927
92243, 112, 15.455836
92244, 104, 28.27523
92245, 105, 131.69109
92246, 112, 33.33865
92247, 103, 41.09198
92248, 112, 34.043
92249, 102, 55.82309
92250, 100, 95.03671
92251, 117, 63.623257
92252, 115, 114.74657
92253, 113, 10.8442335
92254, 116, 104.542625
92255, 113, 57.757153
92256, 112, 101.02107
92257, 116, 86.272316
92258, 108, 138.7068
92259, 113, 52.4661
92260, 117, 44.415485
92261, 113, 67.20075
92262, 114, 20.88056
92263, 109, 35.577168
92264, 101, 76.35143
92265, 104, 90.94704
92266, 102, 71.88558
92267, 107, 68.434525
92268, 107, 4.031682
92269, 104, 141.47766
92270, 103, 81.697334
92271, 112, 22.934586
92272, 119, 29.996252
92273, 107, 109.26644
92274, 108, 77.044975
92275, 118, 41.119446
92276, 101, 43.28276
92277, 117, 46.059814
92278, 110, 1.1127144
92279, 111, 69.78085
92280, 116, 32.959576
92281, 100, 27.16713
92282, 112, 32.23064
92283, 118, 27.783438
92284, 106, 90.38535
92285, 110, 39.736774
92286, 100, 99.774895
92287, 117, 127.95745
92288, 112, 53.389576
92289, 101, 127.91616
92290, 100, 14.750147
92291, 112, 63.567486
92292, 103, 59.53414
92293, 103, 121.75335
92294, 111, 17.40615
92295, 119, 90.676125
92296, 105, 21.796337
92297, 114, 87.736694
92298, 108, 16.30817
92299, 112, 113.54364
92300, 107, 132.77948
92301, 103, 119.55166
92302, 112, 123.316345
92303, 113, 30.21876
92304, 114, 129.55888
92305, 104, 72.39256
92306, 110, 100.15406
92307, 104, 62.88146
92308, 105, 99.206314
92309, 104, 45.949047
92310, 108, 124.25996
92311, 105, 2.6967912
92312, 109, 102.00441
92313, 103, 28.187424
92314, 100, 113.269516
92315, 103, 136.05745
92316, 113, 95.4637
92317, 111, 117.69724
92318, 117, 113.36403
92319, 104, 27.850904
92320, 102, 104.637474
92321, 102, 4.434514
92322, 113, 15.403935
92323, 102, 6.973296
92324, 112, 122.45967
92325, 104, 14.584976
92326, 118, 144.95657
92327, 107, 141.86192
92328, 107, 147.84792
92329, 118, 27.03318
92330, 106, 5.405116
92331, 116, 24.234777
92332, 109, 21.563557
92333, 102, 114.535736
92334, 116, 44.102936
92335, 104, 119.70371
92336, 102, 1.0973185
92337, 101, 90.716255
92338, 100, 54.80501
92339, 112, 99.78959
92340, 102, 22.281128
92341, 110, 20.576468
92342, 109, 81.7032
92343, 112, 22.972254
92344, 116, 39.989002
92345, 109, 103.516914
92346, 114, 121.25169
92347, 108, 113.93597
92348, 104, 26.089373
92349, 117, 80.10353
92350, 103, 116.352234
92351, 100, 93.36502
92352, 114, 52.731327
92353, 105, 149.27248
92354, 106, 104.44835
92355, 112, 108.87898
92356, 110, 148.90451
92357, 112, 105.48301
92358, 119, 52.937874
92359, 109, 30.757696
92360, 116, 33.56857
92361, 100, 39.821514
92362, 109, 146.92189
92363, 118, 60.47066
92364, 115, 43.23264
92365, 103, 17.709785
92366, 119, 66.03111
92367, 112, 92.084625
92368, 104, 88.19343
92369, 112, 121.803116
92370, 118, 126.51037
92371, 109, 13.698801
92372, 103, 19.088245
92373, 116, 86.69045
92374, 108, 84.69899
92375, 114, 109.804726
92376, 115, 54.956192
92377, 119, 88.83185
92378, 117, 78.23196
92379, 107, 131.00677
92380, 113, 39.034885
92381, 105, 36.767193
92382, 102, 50.262337
92383, 115, 141.68211
92384, 106, 36.076756
92385, 111, 2.7576237
92386, 112, 117.67272
92387, 114, 5.202055
92388, 103, 143.59177
92389, 112, 23.190693
92390, 103, 40.082188
92391, 100, 27.92328
92392, 100, 13.41649
92393, 116, 135.16672
92394, 106, 141.11443
92395, 108, 43.06745
92396, 113, 141.37251
92397, 111, 85.61114
92398, 119, 67.43671
92399, 109, 38.44628
92400, 118, 27.21186
92401, 116, 69.0317
92402, 114, 141.75798
92403, 108, 12.59636
92404, 117, 35.238235
92405, 110, 54.49453
92406, 102, 107.41962
92407, 104, 53.90675
92408, 110, 103.30634
92409, 110, 135.25829
92410, 103, 73.11754
92411, 105, 120.72484
92412, 100, 93.49736
92413, 112, 68.39042
92414, 118, 36.794453
92415, 113, 125.273605
92416, 100, 120.072174
92417, 108, 30.029396
92418, 105, 34.241688
92419, 100, 53.185272
92420, 102, 97.944824
92421, 116, 87.89587
92422, 101, 144.16177
92423, 106, 65.83481
92424, 103, 120.898026
92425, 110, 10.134691
92426, 110, 124.16474
92427, 115, 86.433426
92428, 110, 84.559456
92429, 119, 146.55989
92430, 100, 19.973337
92431, 107, 64.82465
92432, 100, 99.94443
92433, 109, 94.663086
92434, 104, 62.944347
92435, 110, 55.91369
92436, 117, 51.706203
92437, 106, 15.546924
92438, 113, 113.0399
92439, 102, 90.00113
92440, 107, 138.84235
92441, 106, 126.96897
92442, 112, 25.371874
92443, 102, 122.22861
92444, 101, 10.293916
92445, 113, 131.95822
92446, 109, 42.09297
92447, 102, 34.00357
92448, 106, 9.799281
92449, 104, 126.6251
92450, 112, 110.52928
92451, 118, 72.2467
92452, 117, 6.9584994
92453, 114, 58.428947
92454, 111, 104.30838
92455, 119, 36.11271
92456, 118, 20.23505
92457, 115, 131.98503
92458, 115, 31.728539
92459, 103, 38.85357
92460, 116, 97.61433
92461, 110, 53.843094
92462, 105, 24.989908
92463, 111, 131.33374
92464, 117, 46.623703
92465, 113, 120.939095
92466, 102, 55.540977
92467, 113, 51.4597
92468, 106, 82.20254
92469, 114, 21.967918
92470, 106, 141.79056
92471, 105, 116.83082
92472, 111, 77.81495
92473, 117, 111.04583
92474, 107, 95.71673
92475, 100, 51.821556
92476, 118, 86.75698
92477, 105, 27.016058
92478, 108, 81.79776
92479, 119, 37.286602
92480, 105, 61.11743
92481, 102, 11.173359
92482, 100, 102.04216
92483, 106, 14.115581
92484, 118, 66.46493
92485, 113, 58.75907
92486, 105, 71.20225
92487, 117, 75.41764
92488, 114, 2.7640967
92489, 111, 25.3756
92490, 101, 32.82846
92491, 111, 126.38343
92492, 105, 52.98603
92493, 102, 41.73995
92494, 109, 133.85233
92495, 109, 129.83147
92496, 109, 77.83567
92497, 113, 14.1989975
92498, 100, 114.726135
92499, 102, 63.63229
92500, 117, 135.69801
92501, 118, 97.857765
92502, 108, 115.70695
92503, 119, 4.789996
92504, 103, 135.8449
92505, 105, 76.02721
92506, 114, 129.67232
92507, 101, 139.67924
92508, 104, 91.89205
92509, 111, 36.409164
92510, 117, 18.26899
92511, 100, 103.87813
92512, 107, 127.15469
92513, 107, 107.03763
92514, 111, 142.95984
92515, 119, 76.65243
92516, 103, 41.310318
92517, 115, 74.64363
92518, 114, 11.212966
92519, 103, 76.29557
92520, 115, 94.24003
92521, 115, 81.05454
92522, 105, 74.33963
92523, 116, 83.982925
92524, 119, 111.079216
92525, 102, 44.42138
92526, 108, 117.93559
92527, 104, 55.857594
92528, 101, 57.176746
92529, 118, 103.364914
92530, 107, 114.2837
92531, 115, 22.721153
92532, 116, 117.954666
92533, 105, 92.64261
92534, 103, 67.36938
92535, 118, 37.24121
92536, 115, 77.58897
92537, 110, 80.48723
92538, 117, 116.28124
92539, 111, 33.978287
92540, 113, 12.789247
92541, 113, 137.5109
92542, 106, 12.350419
92543, 103, 130.37495
92544, 118, 39.503567
92545, 119, 119.20839
92546, 111, 42.260437
92547, 101, 42.9115
92548, 118, 127.558495
92549, 102, 95.77249
92550, 100, 94.8158
92551, 102, 23.262056
92552, 101, 15.764085
92553, 117, 39.90449
92554, 119, 37.48675
92555, 102, 36.88986
92556, 116, 36.510845
92557, 118, 8.71085
92558, 118, 15.236217
92559, 109, 25.532404
92560, 108, 44.01421
92561, 110, 88.745804
92562, 109, 111.1441
92563, 106, 5.7428064
92564, 111, 111.01264
92565, 116, 55.495308
92566, 107, 119.28745
92567, 111, 57.16586
92568, 113, 36.490936
92569, 101, 21.682709
92570, 104, 15.540388
92571, 118, 43.59153
92572, 104, 102.514046
92573, 116, 31.68404
92574, 117, 148.7406
92575, 119, 87.280655
92576, 117, 112.434105
92577, 113, 21.486782
92578, 119, 60.042213
92579, 110, 145.59981
92580, 102, 4.8531175
92581, 101, 147.1074
92582, 112, 123.20684
92583, 106, 110.43227
92584, 119, 137.31903
92585, 105, 40.14986
92586, 109, 111.60025
92587, 103, 43.04807
92588, 116, 54.00704
92589, 104, 136.71843
92590, 113, 31.370438
92591, 105, 101.442894
92592, 104, 19.214746
92593, 118, 68.71659
92594, 112, 140.93901
92595, 108, 74.93821
92596, 103, 87.77126
92597, 101, 29.299664
92598, 100, 110.937325
92599, 106, 49.628727
92600, 115, 126.76474
92601, 115, 43.800716
92602, 114, 113.268715
92603, 107, 56.99948
92604, 114, 67.43998
92605, 118, 90.55428
92606, 112, 113.11464
92607, 106, 139.6542
92608, 116, 82.1326
92609, 100, 18.575504
92610, 100, 0.71879625
92611, 105, 88.63887
92612, 116, 112.39892
92613, 104, 37.29786
92614, 112, 54.91673
92615, 115, 135.19403
92616, 101, 149.03899
92617, 117, 139.99184
92618, 118, 50.004593
92619, 104, 135.88759
92620, 118, 30.002779
92621, 101, 100.06901
92622, 110, 35.46409
92623, 112, 8.70519
92624, 112, 15.531474
92625, 113, 32.36188
92626, 119, 99.99305
92627, 105, 146.97227
92628, 119, 46.334087
92629, 117, 17.189259
92630, 113, 0.5990535
92631, 102, 30.062511
92632, 110, 142.44781
92633, 119, 83.43574
92634, 116, 84.51123
92635, 105, 3.1431198
92636, 108, 60.127457
92637, 108, 23.006523
92638, 102, 46.183018
92639, 118, 73.04712
92640, 102, 14.56292
92641, 114, 94.7603
92642, 108, 45.659718
92643, 115, 54.021755
92644, 108, 116.01281
92645, 105, 36.242546
92646, 104, 6.596822
92647, 116, 58.86866
92648, 114, 126.0641
92649, 108, 36.82173
92650, 103, 25.982962
92651, 114, 37.236626
92652, 111, 21.486399
92653, 100, 129.33043
92654, 118, 25.535774
92655, 113, 21.549511
92656, 103, 16.378695
92657, 112, 36.27059
92658, 111, 132.27821
92659, 111, 102.588264
92660, 116, 77.41337
92661, 101, 26.42988
92662, 116, 137.46497
92663, 101, 58.387177
92664, 102, 95.27785
92665, 110, 17.839123
92666, 102, 77.39701
92667, 111, 20.089834
92668, 111, 98.56933
92669, 102, 120.86829
92670, 109, 119.21119
92671, 111, 31.039444
92672, 103, 51.220627
92673, 107, 3.8487105
92674, 109, 61.7653
92675, 102, 18.903824
92676, 111, 121.99816
92677, 110, 55.918587
92678, 119, 11.948437
92679, 119, 128.06363
92680, 103, 26.702
92681, 105, 140.83736
92682, 105, 124.14398
92683, 109, 23.614311
92684, 111, 114.66657
92685, 106, 53.50013
92686, 107, 46.574413
92687, 110, 16.525751
92688, 117, 77.56695
92689, 104, 117.84872
92690, 102, 35.498203
92691, 112, 16.513485
92692, 107, 123.12166
92693, 117, 80.4039
92694, 103, 143.92125
92695, 114, 20.732653
92696, 114, 134.81311
92697, 114, 117.287125
92698, 115, 84.567505
92699, 108, 90.28245
92700, 105, 48.59806
92701, 105, 10.245019
92702, 119, 92.87151
92703, 114, 124.149086
92704, 116, 101.5648
92705, 115, 70.01484
92706, 115, 80.22935
92707, 112, 89.24624
92708, 115, 0.3276229
92709, 101, 38.044838
92710, 113, 66.15469
92711, 104, 86.09308
92712, 119, 63.366814
92713, 107, 101.57258
92714, 117, 2.432567
92715, 101, 123.28859
92716, 117, 10.2539425
92717, 112, 34.64696
92718, 116, 77.71065
92719, 113, 31.710424
92720, 116, 54.947403
92721, 101, 125.436966
92722, 119, 69.04725
92723, 109, 139.28288
92724, 101, 37.600388
92725, 106, 36.79754
92726, 100, 83.55987
92727, 100, 51.679657
92728, 101, 19.008028
92729, 101, 113.04037
92730, 108, 89.93066
92731, 114, 11.019695
92732, 107, 23.229637
92733, 117, 139.21233
92734, 116, 97.56456
92735, 103, 61.61525
92736, 101, 67.0127
92737, 101, 124.46274
92738, 101, 23.399342
92739, 102, 5.8743057
92740, 117, 35.262627
92741, 119, 95.67892
92742, 112, 68.72889
92743, 109, 107.32115
92744, 100, 129.93086
92745, 109, 34.38279
92746, 107, 16.787169
92747, 110, 5.4635077
92748, 107, 122.96429
92749, 118, 100.20754
92750, 118, 31.24422
92751, 114, 88.74084
92752, 119, 124.25665
92753, 113, 132.30966
92754, 104, 5.9926987
92755, 107, 53.128345
92756, 112, 8.337548
92757, 118, 82.330025
92758, 108, 74.89591
92759, 111, 33.336952
92760, 108, 23.850998
92761, 119, 23.978073
92762, 119, 65.03481
92763, 111, 103.91434
92764, 114, 68.744545
92765, 106, 1.5294939
92766, 119, 92.357346
92767, 102, 33.111145
92768, 107, 74.49176
92769, 109, 7.0158095
92770, 113, 60.509377
92771, 110, 142.10458
92772, 109, 80.956856
92773, 104, 93.690994
92774, 114, 114.90621
92775, 119, 1.6993761
92776, 102, 124.68654
92777, 111, 11.102003
92778, 109, 105.41051
92779, 117, 75.519104
92780, 111, 96.84545
92781, 117, 76.86035
92782, 114, 106.733185
92783, 106, 43.624897
92784, 117, 48.920677
92785, 102, 32.810898
92786, 115, 29.90174
92787, 105, 20.101664
92788, 102, 6.859213
92789, 110, 139.06429
92790, 102, 3.1276255
92791, 115, 115.03122
92792, 106, 78.526695
92793, 118, 142.60933
92794, 108, 48.621494
92795, 112, 126.57892
92796, 103, 102.16854
92797, 117, 13.613918
92798, 103, 132.10547
92799, 101, 91.63815
92800, 117, 83.10784
92801, 100, 3.2667696
92802, 109, 91.948265
92803, 102, 66.31564
92804, 107, 124.64961
92805, 114, 7.6061635
92806, 108, 139.31429
92807, 102, 10.4648
92808, 115, 97.560974
92809, 107, 135.5187
92810, 117, 49.032032
92811, 116, 112.98435
92812, 118, 42.7513
92813, 119, 131.16714
92814, 117, 118.86312
92815, 110, 2.744311
92816, 100, 98.468864
92817, 115, 93.40942
92818, 104, 68.254326
92819, 110, 140.71762
92820, 117, 124.467415
92821, 114, 6.311613
92822, 115, 128.84021
92823, 108, 32.70744
92824, 102, 149.5767
92825, 116, 12.825242
92826, 118, 36.01884
92827, 112, 52.82093
92828, 117, 97.082306
92829, 107, 24.058638
92830, 108, 60.984394
92831, 105, 45.41933
92832, 113, 98.58504
92833, 107, 69.391335
92834, 107, 18.532606
92835, 110, 23.341782
92836, 113, 35.607452
92837, 116, 127.28591
92838, 101, 141.24442
92839, 111, 96.27991
92840, 118, 93.62913
92841, 113, 19.214952
92842, 105, 108.03629
92843, 109, 93.27325
92844, 101, 60.912502
92845, 102, 61.01383
92846, 105, 145.067
92847, 106, 146.55634
92848, 101, 68.546844
92849, 107, 18.975172
92850, 112, 46.243973
92851, 117, 80.62846
92852, 118, 135.49687
92853, 107, 61.57178
92854, 106, 108.05517
92855, 105, 20.363491
92856, 102, 55.19623
92857, 106, 32.020794
92858, 107, 104.2572
92859, 100, 69.9701
92860, 119, 82.71713
92861, 111, 146.39435
92862, 112, 52.755913
92863, 110, 12.0482235
92864, 111, 129.82425
92865, 100, 8.932087
92866, 102, 117.26584
92867, 102, 125.26491
92868, 103, 23.08933
92869, 107, 142.86894
92870, 119, 61.07769
92871, 102, 68.68097
92872, 100, 103.95275
92873, 117, 35.7197
92874, 111, 42.589
92875, 106, 146.3454
92876, 115, 10.583049
92877, 100, 66.95048
92878, 105, 96.20731
92879, 107, 135.9631
92880, 109, 65.69015
92881, 100, 62.99489
92882, 112, 22.311956
92883, 116, 90.90876
92884, 107, 47.978657
92885, 110, 11.142307
92886, 108, 130.18811
92887, 117, 50.039703
92888, 111, 121.800804
92889, 110, 53.798954
92890, 107, 88.88739
92891, 105, 36.59354
92892, 106, 124.76909
92893, 114, 36.62079
92894, 115, 10.811475
92895, 101, 37.03354
92896, 116, 129.31833
92897, 105, 114.08952
92898, 118, 44.139076
92899, 113, 116.20313
92900, 117, 25.004526
92901, 110, 122.967186
92902, 116, 62.371777
92903, 106, 133.4027
92904, 106, 105.451614
92905, 113, 134.09166
92906, 119, 136.76982
92907, 117, 18.5876
92908, 103, 94.86435
92909, 100, 35.28733
92910, 104, 59.637005
92911, 115, 97.569954
92912, 103, 1.205492
92913, 105, 99.18013
92914, 108, 18.678001
92915, 100, 147.14471
92916, 101, 139.05952
92917, 103, 15.241787
92918, 109, 7.279587
92919, 104, 29.291529
92920, 106, 78.98412
92921, 112, 53.214867
92922, 119, 132.47064
92923, 103, 54.760006
92924, 107, 37.920856
92925, 103, 83.018036
92926, 104, 94.10877
92927, 107, 1.1721611
92928, 107, 98.0143
92929, 106, 134.04686
92930, 113, 48.016693
92931, 101, 4.4809966
92932, 105, 37.01014
92933, 106, 127.91378
92934, 117, 20.650747
92935, 104, 92.92286
92936, 107, 4.7858386
92937, 113, 61.55818
92938, 102, 91.21422
92939, 119, 116.21519
92940, 119, 37.134666
92941, 106, 4.9592166
92942, 117, 63.96389
92943, 109, 19.663998
92944, 100, 57.437496
92945, 114, 101.55315
92946, 104, 128.77844
92947, 111, 69.5501
92948, 100, 94.82998
92949, 117, 69.114815
92950, 107, 78.83965
92951, 108, 52.6652
92952, 116, 37.909744
92953, 104, 36.90912
92954, 113, 3.737381
92955, 117, 29.745314
92956, 114, 118.4309
92957, 108, 80.70681
92958, 103, 123.644135
92959, 109, 29.83295
92960, 103, 104.134544
92961, 107, 110.55277
92962, 113, 34.061615
92963, 102, 127.61113
92964, 107, 8.6878
92965, 107, 24.841198
92966, 117, 49.023968
92967, 112, 93.20015
92968, 109, 65.43077
92969, 109, 54.73321
92970, 112, 109.27426
92971, 100, 53.27849
92972, 105, 29.069004
92973, 101, 72.41987
92974, 112, 116.70126
92975, 115, 133.25568
92976, 117, 45.253525
92977, 118, 28.595942
92978, 112, 129.99455
92979, 111, 29.86942
92980, 118, 138.33934
92981, 115, 145.0816
92982, 104, 54.97747
92983, 107, 116.50815
92984, 116, 85.8093
92985, 108, 40.976383
92986, 113, 51.79238
92987, 114, 147.36967
92988, 100, 26.901564
92989, 111, 5.5866838
92990, 119, 119.235275
92991, 118, 84.447
92992, 115, 122.82524
92993, 113, 122.25749
92994, 108, 38.3208
92995, 117, 29.154959
92996, 102, 138.3269
92997, 107, 33.692013
92998, 105, 97.441124
92999, 105, 41.81739
93000, 109, 22.63156
93001, 101, 149.42996
93002, 111, 56.96014
93003, 111, 65.10698
93004, 118, 62.235386
93005, 117, 137.41602
93006, 111, 139.01463
93007, 115, 99.92758
93008, 116, 45.113037
93009, 109, 50.43606
93010, 118, 76.62135
93011, 117, 27.69878
93012, 119, 91.33307
93013, 100, 131.51283
93014, 109, 130.17624
93015, 112, 134.93742
93016, 101, 48.86047
93017, 114, 94.90532
93018, 116, 118.277466
93019, 103, 39.831688
93020, 108, 81.09263
93021, 113, 29.996279
93022, 110, 139.59142
93023, 105, 59.5902
93024, 113, 146.12756
93025, 118, 66.48529
93026, 119, 133.41951
93027, 119, 141.38435
93028, 117, 141.59436
93029, 101, 8.800954
93030, 107, 89.57484
93031, 119, 95.12119
93032, 108, 48.33861
93033, 116, 57.286495
93034, 113, 125.644226
93035, 119, 13.484753
93036, 102, 50.955364
93037, 109, 85.2062
93038, 116, 117.4339
93039, 113, 113.34141
93040, 116, 82.24818
93041, 108, 132.52539
93042, 104, 74.89258
93043, 114, 67.32272
93044, 108, 73.513824
93045, 114, 148.69283
93046, 103, 43.440628
93047, 107, 22.427988
93048, 116, 117.327126
93049, 117, 6.0306253
93050, 116, 78.42548
93051, 113, 19.659733
93052, 117, 21.29309
93053, 102, 72.58665
93054, 106, 148.72643
93055, 112, 67.85349
93056, 112, 119.59133
93057, 111, 37.616657
93058, 112, 148.46057
93059, 102, 5.8839264
93060, 100, 136.76364
93061, 108, 39.614708
93062, 106, 76.191765
93063, 110, 11.263919
93064, 114, 15.0397005
93065, 116, 75.33057
93066, 118, 138.28918
93067, 108, 84.905464
93068, 102, 98.187
93069, 104, 138.7454
93070, 108, 140.79642
93071, 102, 38.167423
93072, 103, 117.08344
93073, 102, 96.46585
93074, 112, 23.555132
93075, 108, 18.820238
93076, 100, 111.06948
93077, 104, 41.03568
93078, 107, 1.0927856
93079, 111, 20.272753
93080, 117, 53.11869
93081, 110, 21.229576
93082, 108, 59.526684
93083, 115, 116.86058
93084, 108, 18.598848
93085, 112, 11.439764
93086, 119, 67.36912
93087, 108, 56.14204
93088, 100, 128.16779
93089, 109, 72.93427
93090, 117, 148.3861
93091, 108, 96.78789
93092, 107, 113.87355
93093, 102, 73.5931
93094, 111, 118.40773
93095, 100, 92.14871
93096, 111, 58.79944
93097, 112, 8.443541
93098, 112, 78.48325
93099, 116, 86.32986
93100, 112, 122.134735
93101, 106, 28.192314
93102, 116, 0.38308203
93103, 113, 2.3350863
93104, 104, 139.65611
93105, 100, 68.47896
93106, 114, 29.13384
93107, 114, 93.39258
93108, 100, 76.50423
93109, 106, 80.78737
93110, 115, 99.09943
93111, 118, 36.596336
93112, 105, 113.8758
93113, 117, 1.2504458
93114, 113, 54.981583
93115, 113, 121.81502
93116, 112, 16.630205
93117, 111, 81.151474
93118, 119, 81.6491
93119, 109, 52.438965
93120, 100, 31.519604
93121, 100, 121.28198
93122, 119, 138.69518
93123, 119, 67.64442
93124, 115, 25.484097
93125, 111, 104.58719
93126, 109, 11.999202
93127, 117, 116.12102
93128, 111, 104.164536
93129, 100, 96.04668
93130, 100, 66.648834
93131, 115, 133.95193
93132, 117, 2.0065875
93133, 112, 51.20255
93134, 112, 9.978739
93135, 109, 62.590904
93136, 102, 105.39661
93137, 117, 65.97365
93138, 108, 126.99533
93139, 115, 141.67279
93140, 114, 94.842476
93141, 104, 117.51097
93142, 100, 61.326786
93143, 119, 48.894997
93144, 118, 37.51433
93145, 103, 139.014
93146, 105, 38.62278
93147, 113, 33.429855
93148, 119, 61.488953
93149, 114, 49.98673
93150, 113, 36.658142
93151, 112, 130.96327
93152, 107, 12.819099
93153, 107, 77.82736
93154, 109, 120.24867
93155, 115, 145.76755
93156, 100, 147.94864
93157, 119, 99.434685
93158, 108, 6.607273
93159, 117, 54.26548
93160, 102, 143.55794
93161, 118, 63.61732
93162, 106, 76.556625
93163, 105, 87.98486
93164, 102, 44.175686
93165, 119, 0.6559342
93166, 119, 22.77858
93167, 114, 56.35264
93168, 109, 122.43567
93169, 102, 149.18118
93170, 106, 5.367976
93171, 104, 121.383804
93172, 100, 40.01704
93173, 100, 147.20503
93174, 100, 142.08975
93175, 117, 52.37283
93176, 103, 89.43416
93177, 109, 108.55303
93178, 103, 88.056465
93179, 108, 84.780556
93180, 117, 17.606396
93181, 118, 129.0375
93182, 103, 58.334766
93183, 100, 103.63646
93184, 100, 145.00903
93185, 112, 85.985085
93186, 112, 94.59727
93187, 117, 94.776115
93188, 105, 126.25643
93189, 110, 76.43894
93190, 102, 149.31367
93191, 114, 131.90082
93192, 118, 83.820564
93193, 110, 41.526577
93194, 118, 137.16452
93195, 117, 29.280111
93196, 101, 46.070873
93197, 119, 149.05913
93198, 104, 102.707825
93199, 113, 141.58781
93200, 108, 61.834423
93201, 115, 85.82886
93202, 105, 60.095207
93203, 111, 106.863686
93204, 115, 98.33821
93205, 109, 90.192795
93206, 100, 2.5781484
93207, 107, 147.14166
93208, 115, 31.786001
93209, 106, 60.197067
93210, 106, 118.097466
93211, 119, 147.939
93212, 104, 99.49116
93213, 101, 36.467655
93214, 105, 56.814034
93215, 102, 67.47882
93216, 107, 90.31348
93217, 110, 26.838953
93218, 100, 76.74719
93219, 105, 88.73888
93220, 111, 140.50414
93221, 114, 86.6385
93222, 114, 38.984386
93223, 115, 90.75228
93224, 112, 8.09277
93225, 115, 141.28911
93226, 115, 36.68594
93227, 104, 51.041435
93228, 111, 38.15671
93229, 112, 78.2132
93230, 104, 5.393019
93231, 100, 68.0201
93232, 102, 93.46156
93233, 111, 85.086
93234, 108, 45.587334
93235, 111, 80.2316
93236, 103, 32.66268
93237, 100, 70.13603
93238, 113, 11.358333
93239, 115, 15.662491
93240, 104, 85.15341
93241, 108, 91.42696
93242, 119, 91.47061
93243, 108, 135.60893
93244, 103, 98.29828
93245, 106, 47.83573
93246, 117, 84.647675
93247, 107, 143.0631
93248, 112, 31.581608
93249, 118, 71.42078
93250, 116, 40.075825
93251, 101, 93.143036
93252, 106, 43.970615
93253, 112, 51.708958
93254, 102, 131.73279
93255, 118, 108.69252
93256, 103, 94.6618
93257, 115, 117.62772
93258, 119, 12.0261755
93259, 100, 38.67191
93260, 116, 32.474113
93261, 103, 147.85574
93262, 110, 98.05845
93263, 105, 5.4429173
93264, 114, 20.121056
93265, 116, 54.88321
93266, 116, 68.473145
93267, 102, 112.05211
93268, 103, 33.075134
93269, 108, 130.7196
93270, 104, 126.66544
93271, 103, 37.026154
93272, 100, 67.95198
93273, 115, 25.529972
93274, 112, 142.96988
93275, 119, 43.935673
93276, 102, 69.345505
93277, 109, 129.77223
93278, 117, 47.89127
93279, 100, 96.35898
93280, 109, 133.7172
93281, 110, 124.55312
93282, 113, 109.42745
93283, 105, 17.361609
93284, 105, 130.19296
93285, 106, 89.389435
93286, 112, 76.78787
93287, 104, 129.66112
93288, 101, 101.492256
93289, 102, 23.76193
93290, 107, 56.077168
93291, 118, 43.51351
93292, 100, 149.01517
93293, 105, 134.91692
93294, 116, 36.874607
93295, 116, 45.5678
93296, 118, 133.19525
93297, 118, 53.32179
93298, 112, 118.55953
93299, 118, 17.184242
93300, 113, 36.770092
93301, 114, 98.783
93302, 108, 149.0087
93303, 100, 36.70687
93304, 107, 102.12733
93305, 101, 30.93287
93306, 112, 60.627792
93307, 100, 89.183395
93308, 105, 43.344944
93309, 113, 125.04326
93310, 102, 144.19196
93311, 109, 50.018494
93312, 115, 63.47149
93313, 114, 90.07953
93314, 107, 6.8272142
93315, 108, 29.810465
93316, 105, 79.791626
93317, 104, 19.150131
93318, 110, 114.567566
93319, 100, 100.810905
93320, 101, 18.69403
93321, 118, 114.65363
93322, 102, 61.93748
93323, 108, 142.64267
93324, 112, 115.5888
93325, 113, 14.465878
93326, 111, 124.76447
93327, 117, 103.27808
93328, 102, 62.7253
93329, 119, 112.82163
93330, 117, 15.685755
93331, 101, 82.737724
93332, 119, 27.019527
93333, 114, 11.892262
93334, 103, 27.842484
