68006, 104, 138.30904
68007, 106, 148.16162
68008, 112, 33.796932
68009, 112, 82.95145
68010, 104, 120.480965
68011, 107, 19.828445
68012, 118, 112.91048
68013, 111, 138.61426
68014, 117, 63.06434
68015, 113, 92.74932
68016, 105, 99.49373
68017, 117, 32.41563
68018, 116, 63.636642
68019, 107, 110.29329
68020, 101, 141.60359
68021, 114, 78.86884
68022, 112, 27.423182
68023, 118, 91.25836
68024, 119, 113.371605
68025, 108, 75.38046
68026, 110, 41.105522
68027, 114, 92.60293
68028, 112, 89.485794
68029, 106, 69.9915
68030, 108, 2.1497817
68031, 105, 108.053055
68032, 115, 25.456944
68033, 110, 76.78164
68034, 101, 96.77965
68035, 108, 137.89343
68036, 115, 8.983522
68037, 116, 123.82041
68038, 113, 5.5272284
68039, 110, 113.81889
68040, 103, 149.51964
68041, 114, 66.39633
68042, 104, 59.46089
68043, 105, 25.789646
68044, 116, 106.45424
68045, 107, 104.45253
68046, 112, 34.741867
68047, 101, 14.924142
68048, 101, 98.54649
68049, 116, 51.626347
68050, 112, 51.102608
68051, 105, 35.72765
68052, 105, 49.902515
68053, 103, 105.85739
68054, 116, 96.9315
68055, 118, 76.63866
68056, 111, 52.92712
68057, 103, 12.677863
68058, 119, 116.27724
68059, 117, 62.926437
68060, 104, 142.30228
68061, 101, 33.882496
68062, 118, 13.394156
68063, 109, 122.40917
68064, 103, 82.660324
68065, 106, 138.10904
68066, 112, 106.377686
68067, 102, 28.234158
68068, 114, 78.92612
68069, 103, 83.32244
68070, 114, 1.1116594
68071, 107, 101.02569
68072, 112, 33.010876
68073, 111, 79.313805
68074, 119, 75.54279
68075, 103, 78.94607
68076, 109, 116.97866
68077, 118, 141.43408
68078, 107, 118.000015
68079, 109, 121.8482
68080, 107, 47.53581
68081, 119, 82.131744
68082, 116, 26.712353
68083, 109, 54.449387
68084, 101, 6.760821
68085, 107, 60.39253
68086, 110, 88.60504
68087, 108, 59.53905
68088, 115, 70.15587
68089, 100, 133.8636
68090, 100, 124.38018
68091, 111, 48.906845
68092, 108, 113.6917
68093, 106, 35.962273
68094, 110, 15.970982
68095, 109, 58.80772
68096, 107, 34.115402
68097, 111, 18.995888
68098, 113, 59.85705
68099, 109, 24.993538
68100, 103, 114.04143
68101, 104, 133.07104
68102, 110, 112.57284
68103, 112, 65.29197
68104, 106, 92.663185
68105, 100, 71.75046
68106, 100, 114.43753
68107, 105, 67.01266
68108, 106, 134.17726
68109, 109, 127.17831
68110, 108, 140.86307
68111, 103, 140.4288
68112, 109, 147.59703
68113, 112, 4.924455
68114, 113, 9.217894
68115, 102, 21.824715
68116, 115, 106.37185
68117, 106, 121.86902
68118, 108, 102.440636
68119, 100, 111.10544
68120, 104, 19.668612
68121, 110, 124.27673
68122, 102, 126.3057
68123, 101, 96.68326
68124, 119, 135.12067
68125, 110, 45.19109
68126, 119, 108.831795
68127, 117, 122.591805
68128, 111, 33.615215
68129, 108, 131.76016
68130, 114, 28.318539
68131, 110, 63.705013
68132, 117, 37.902744
68133, 115, 83.68415
68134, 113, 132.81993
68135, 104, 22.922096
68136, 116, 68.760475
68137, 115, 120.49923
68138, 104, 115.34309
68139, 103, 48.928787
68140, 103, 101.17704
68141, 111, 107.11051
68142, 108, 108.96402
68143, 108, 132.39302
68144, 118, 97.92797
68145, 116, 131.76027
68146, 102, 108.17103
68147, 106, 102.23818
68148, 116, 17.372587
68149, 117, 63.668606
68150, 118, 89.79748
68151, 101, 6.9054723
68152, 117, 8.395216
68153, 101, 11.967793
68154, 115, 148.01575
68155, 109, 76.54145
68156, 103, 45.339336
68157, 114, 104.84905
68158, 114, 148.57845
68159, 110, 145.65276
68160, 100, 55.481117
68161, 105, 58.267586
68162, 111, 92.815025
68163, 108, 83.87899
68164, 102, 35.77996
68165, 108, 117.54126
68166, 102, 33.090725
68167, 115, 26.669794
68168, 106, 144.15167
68169, 119, 41.8259
68170, 113, 68.63913
68171, 107, 10.536486
68172, 104, 128.7964
68173, 114, 115.76078
68174, 105, 27.732405
68175, 113, 143.568
68176, 119, 63.527737
68177, 115, 83.03915
68178, 119, 140.29462
68179, 111, 38.659027
68180, 114, 46.283993
68181, 112, 55.939857
68182, 111, 132.95332
68183, 118, 48.16272
68184, 102, 75.728645
68185, 104, 45.366974
68186, 113, 140.93965
68187, 105, 75.34763
68188, 115, 136.26802
68189, 111, 51.18454
68190, 111, 96.68859
68191, 100, 124.009705
68192, 102, 14.002919
68193, 100, 34.869907
68194, 106, 143.42355
68195, 106, 84.76235
68196, 115, 112.37465
68197, 104, 93.44533
68198, 118, 102.228836
68199, 113, 145.52586
68200, 111, 149.49529
68201, 118, 132.5163
68202, 112, 64.84632
68203, 108, 27.976513
68204, 117, 138.10944
68205, 100, 16.42355
68206, 116, 75.17714
68207, 111, 92.12727
68208, 116, 75.58983
68209, 110, 84.22198
68210, 119, 108.26178
68211, 105, 129.46675
68212, 108, 68.08864
68213, 116, 34.363667
68214, 115, 101.39764
68215, 119, 139.59547
68216, 102, 26.99275
68217, 114, 79.63123
68218, 116, 124.91687
68219, 112, 114.86004
68220, 101, 112.80889
68221, 112, 71.137794
68222, 119, 50.97176
68223, 102, 6.0361505
68224, 116, 81.60916
68225, 107, 2.5396943
68226, 112, 42.146114
68227, 112, 90.67098
68228, 119, 48.22887
68229, 108, 19.420624
68230, 117, 0.6763369
68231, 118, 20.055994
68232, 106, 86.905594
68233, 110, 127.863174
68234, 116, 71.01825
68235, 114, 145.18855
68236, 100, 65.746864
68237, 101, 43.425983
68238, 106, 116.61187
68239, 101, 128.92642
68240, 106, 87.72407
68241, 110, 96.81051
68242, 114, 46.92658
68243, 105, 25.05565
68244, 101, 125.38915
68245, 109, 101.11851
68246, 116, 9.364745
68247, 112, 129.37659
68248, 117, 88.323204
68249, 113, 135.98674
68250, 116, 115.05952
68251, 103, 99.64542
68252, 109, 31.137434
68253, 114, 80.50317
68254, 100, 41.88493
68255, 113, 53.912777
68256, 101, 60.525513
68257, 116, 128.0759
68258, 109, 54.67692
68259, 110, 144.72292
68260, 115, 16.351488
68261, 116, 144.62814
68262, 109, 3.3752918
68263, 104, 11.62903
68264, 100, 91.46754
68265, 107, 22.300083
68266, 113, 80.54564
68267, 105, 133.01413
68268, 108, 85.419785
68269, 119, 91.068924
68270, 110, 144.39091
68271, 102, 88.50547
68272, 107, 17.822876
68273, 103, 140.39911
68274, 107, 0.44295788
68275, 113, 2.5491714
68276, 109, 1.639983
68277, 105, 6.647542
68278, 115, 105.83699
68279, 116, 83.71654
68280, 115, 77.30328
68281, 101, 130.4501
68282, 110, 132.83911
68283, 116, 77.66945
68284, 113, 91.24079
68285, 114, 45.184788
68286, 101, 21.13443
68287, 107, 95.60506
68288, 112, 30.318966
68289, 118, 78.20538
68290, 118, 85.2137
68291, 100, 89.31546
68292, 100, 59.338554
68293, 117, 119.08349
68294, 116, 88.280365
68295, 118, 2.3512602
68296, 106, 44.472706
68297, 104, 89.50147
68298, 118, 42.58485
68299, 109, 51.83763
68300, 105, 56.361153
68301, 105, 78.65613
68302, 104, 62.475952
68303, 103, 54.639057
68304, 105, 81.224014
68305, 108, 114.5059
68306, 113, 74.36303
68307, 119, 41.35447
68308, 111, 113.19204
68309, 113, 27.370235
68310, 108, 87.26572
68311, 102, 61.74801
68312, 108, 62.246883
68313, 108, 92.23251
68314, 113, 28.567188
68315, 102, 38.225628
68316, 107, 56.27313
68317, 112, 109.32075
68318, 105, 14.211461
68319, 113, 142.41882
68320, 101, 144.26337
68321, 119, 118.78264
68322, 111, 27.47621
68323, 110, 83.86981
68324, 118, 148.56636
68325, 109, 4.9298286
68326, 102, 123.9093
68327, 102, 77.26589
68328, 110, 7.1368933
68329, 100, 65.554634
68330, 102, 119.6717
68331, 101, 39.139526
68332, 113, 74.06537
68333, 112, 90.70326
68334, 108, 32.037144
68335, 114, 121.42459
68336, 118, 139.85945
68337, 105, 93.853325
68338, 112, 132.75215
68339, 109, 19.078705
68340, 114, 78.48539
68341, 102, 111.5273
68342, 106, 62.870487
68343, 103, 9.422681
68344, 107, 21.39473
68345, 107, 89.1952
68346, 106, 10.904056
68347, 106, 61.348736
68348, 117, 91.820114
68349, 107, 123.38623
68350, 105, 26.550793
68351, 114, 46.99837
68352, 112, 92.92474
68353, 117, 35.24149
68354, 119, 21.459888
68355, 109, 116.02492
68356, 113, 61.269432
68357, 116, 57.147808
68358, 111, 145.57414
68359, 113, 44.452866
68360, 115, 135.29214
68361, 115, 51.231964
68362, 115, 45.821945
68363, 108, 78.40897
68364, 114, 102.0788
68365, 116, 114.300316
68366, 101, 119.02588
68367, 106, 117.5281
68368, 113, 0.58034956
68369, 100, 117.4725
68370, 117, 116.433014
68371, 115, 76.554054
68372, 111, 85.681274
68373, 117, 105.36915
68374, 116, 79.62293
68375, 119, 60.362495
68376, 106, 61.0457
68377, 108, 20.426908
68378, 106, 61.245705
68379, 108, 57.702755
68380, 114, 125.447754
68381, 102, 6.6851645
68382, 115, 101.69682
68383, 112, 7.6796293
68384, 105, 101.819954
68385, 101, 45.040207
68386, 115, 93.45126
68387, 117, 63.182186
68388, 107, 87.23067
68389, 112, 74.313705
68390, 113, 23.206688
68391, 106, 4.4270663
68392, 101, 25.694641
68393, 101, 80.77207
68394, 115, 53.452618
68395, 104, 141.03905
68396, 114, 123.093185
68397, 114, 78.76983
68398, 104, 115.779686
68399, 113, 135.81352
68400, 104, 23.213205
68401, 113, 84.690506
68402, 118, 146.35509
68403, 118, 117.91497
68404, 105, 85.044754
68405, 117, 38.074432
68406, 106, 28.99857
68407, 101, 45.411987
68408, 119, 5.7397485
68409, 110, 134.4658
68410, 108, 65.05478
68411, 100, 5.8819504
68412, 117, 39.9133
68413, 115, 49.414837
68414, 106, 16.552216
68415, 119, 140.12822
68416, 115, 29.09662
68417, 119, 97.68019
68418, 112, 96.674
68419, 101, 93.17203
68420, 103, 144.63225
68421, 109, 7.618493
68422, 116, 86.58058
68423, 109, 22.23949
68424, 114, 56.486965
68425, 108, 58.66445
68426, 115, 35.836235
68427, 114, 64.66672
68428, 104, 48.911743
68429, 106, 34.925125
68430, 107, 33.436947
68431, 106, 77.31523
68432, 106, 100.45973
68433, 108, 28.35323
68434, 119, 95.2574
68435, 109, 45.498703
68436, 101, 69.3396
68437, 112, 132.14784
68438, 112, 10.118071
68439, 107, 84.16453
68440, 101, 96.11117
68441, 115, 6.348932
68442, 112, 59.85393
68443, 111, 91.54281
68444, 119, 90.92923
68445, 111, 110.2994
68446, 114, 90.25449
68447, 110, 71.5048
68448, 114, 32.718273
68449, 119, 124.829834
68450, 108, 83.23444
68451, 105, 83.248085
68452, 103, 64.377594
68453, 114, 93.9732
68454, 105, 9.683212
68455, 102, 75.08114
68456, 104, 144.20364
68457, 114, 131.1973
68458, 105, 16.868654
68459, 116, 131.53998
68460, 104, 29.074144
68461, 114, 33.55009
68462, 102, 80.86191
68463, 111, 61.908825
68464, 103, 48.57687
68465, 101, 140.8072
68466, 113, 36.39687
68467, 117, 2.6130705
68468, 100, 107.81531
68469, 103, 139.52036
68470, 111, 62.859196
68471, 108, 149.44604
68472, 106, 143.65903
68473, 112, 88.519966
68474, 114, 10.1066
68475, 117, 137.36902
68476, 112, 98.07315
68477, 102, 24.552261
68478, 106, 117.46379
68479, 117, 83.90085
68480, 110, 12.690112
68481, 107, 122.30634
68482, 106, 145.05164
68483, 101, 40.645794
68484, 116, 131.36035
68485, 111, 68.81895
68486, 110, 76.24616
68487, 102, 24.79747
68488, 104, 86.51186
68489, 103, 71.439575
68490, 112, 142.29814
68491, 102, 52.441208
68492, 101, 29.491817
68493, 102, 8.5295315
68494, 103, 140.9204
68495, 110, 132.22632
68496, 118, 83.0256
68497, 105, 101.4217
68498, 109, 73.993065
68499, 101, 51.25207
68500, 102, 51.374863
68501, 113, 5.1482677
68502, 119, 5.3896756
68503, 114, 16.270308
68504, 110, 89.84122
68505, 106, 140.1091
68506, 119, 113.52302
68507, 102, 3.8490863
68508, 115, 92.145134
68509, 113, 20.248568
68510, 109, 84.29937
68511, 114, 39.85059
68512, 112, 88.76652
68513, 106, 41.06918
68514, 112, 45.749313
68515, 110, 131.78319
68516, 109, 105.164536
68517, 102, 143.81288
68518, 112, 35.163517
68519, 103, 149.50453
68520, 117, 96.63342
68521, 116, 130.8981
68522, 102, 114.55641
68523, 116, 80.63745
68524, 109, 63.9383
68525, 100, 129.18874
68526, 117, 113.466995
68527, 118, 84.5215
68528, 113, 45.703636
68529, 104, 140.32536
68530, 118, 0.4222244
68531, 109, 100.00722
68532, 108, 118.29576
68533, 104, 42.79638
68534, 117, 122.340034
68535, 102, 138.64053
68536, 111, 149.26491
68537, 101, 44.92703
68538, 115, 49.059685
68539, 110, 16.800455
68540, 104, 119.1463
68541, 103, 74.36492
68542, 114, 60.609592
68543, 111, 24.416042
68544, 118, 58.469814
68545, 115, 120.49604
68546, 111, 41.623245
68547, 111, 92.80613
68548, 100, 104.52153
68549, 107, 68.42983
68550, 115, 18.884558
68551, 108, 87.47054
68552, 106, 92.074356
68553, 110, 149.60939
68554, 119, 136.56021
68555, 113, 38.487713
68556, 101, 131.95625
68557, 112, 132.4808
68558, 108, 52.818535
68559, 118, 71.6503
68560, 118, 139.25978
68561, 112, 64.471085
68562, 111, 49.324787
68563, 115, 36.917477
68564, 108, 125.918915
68565, 119, 126.34196
68566, 107, 36.905167
68567, 105, 49.764652
68568, 115, 2.0029128
68569, 102, 115.28066
68570, 103, 139.34009
68571, 101, 20.965057
68572, 108, 65.03536
68573, 112, 82.39959
68574, 109, 38.49684
68575, 116, 3.9368212
68576, 116, 84.921265
68577, 106, 147.44777
68578, 100, 31.391403
68579, 118, 91.766106
68580, 115, 64.2365
68581, 114, 22.502813
68582, 117, 34.40677
68583, 106, 142.11723
68584, 107, 56.66103
68585, 102, 73.74993
68586, 117, 100.60978
68587, 119, 120.35633
68588, 115, 51.67056
68589, 118, 90.37807
68590, 111, 81.56586
68591, 102, 100.91025
68592, 105, 19.085554
68593, 116, 105.860565
68594, 113, 65.43705
68595, 108, 71.58271
68596, 119, 59.162582
68597, 101, 97.45868
68598, 113, 104.647514
68599, 101, 132.56093
68600, 106, 14.361459
68601, 100, 114.51889
68602, 104, 94.42233
68603, 106, 26.455397
68604, 116, 124.2843
68605, 113, 98.41259
68606, 112, 14.423954
68607, 103, 137.81876
68608, 118, 73.26848
68609, 119, 14.649645
68610, 108, 106.847046
68611, 111, 119.57982
68612, 107, 36.8962
68613, 110, 102.86184
68614, 110, 128.109
68615, 109, 62.61211
68616, 101, 95.75345
68617, 118, 101.18523
68618, 100, 147.86415
68619, 112, 72.57274
68620, 102, 14.628098
68621, 112, 50.102036
68622, 107, 137.55754
68623, 107, 106.06632
68624, 119, 71.760925
68625, 104, 148.3695
68626, 105, 29.516352
68627, 113, 91.653114
68628, 111, 5.3831844
68629, 108, 13.864079
68630, 119, 63.71464
68631, 108, 78.654366
68632, 116, 77.11353
68633, 111, 50.200108
68634, 116, 102.92499
68635, 104, 122.5763
68636, 109, 30.553526
68637, 100, 82.30854
68638, 109, 1.8663794
68639, 109, 54.325085
68640, 106, 31.089548
68641, 100, 116.696465
68642, 118, 72.16136
68643, 115, 71.498566
68644, 106, 51.505726
68645, 105, 93.81899
68646, 111, 27.117168
68647, 118, 135.57797
68648, 116, 51.14294
68649, 108, 80.36363
68650, 116, 89.70942
68651, 106, 130.84204
68652, 104, 39.34932
68653, 117, 3.8071275
68654, 100, 115.91369
68655, 114, 13.142824
68656, 102, 87.444214
68657, 110, 86.38693
68658, 106, 46.323467
68659, 109, 103.33303
68660, 100, 115.83352
68661, 103, 56.907635
68662, 119, 25.980743
68663, 104, 65.28823
68664, 115, 149.87857
68665, 115, 90.32924
68666, 102, 138.12445
68667, 105, 126.38729
68668, 102, 21.734056
68669, 119, 30.018085
68670, 105, 19.199224
68671, 104, 64.45009
68672, 103, 64.372406
68673, 111, 8.562157
68674, 115, 88.23917
68675, 103, 13.949132
68676, 112, 117.19631
68677, 112, 140.14417
68678, 114, 105.608765
68679, 104, 69.11694
68680, 107, 52.06174
68681, 113, 45.35476
68682, 113, 20.779762
68683, 104, 52.911427
68684, 117, 88.39904
68685, 105, 96.094444
68686, 104, 105.367165
68687, 118, 120.51088
68688, 115, 92.49911
68689, 108, 78.64675
68690, 115, 10.708362
68691, 104, 65.42072
68692, 118, 56.186306
68693, 106, 118.27519
68694, 107, 77.93079
68695, 100, 139.29877
68696, 104, 140.36151
68697, 111, 20.312422
68698, 117, 92.51518
68699, 113, 71.630806
68700, 113, 146.3258
68701, 115, 94.053925
68702, 112, 148.75032
68703, 117, 129.75156
68704, 103, 71.191315
68705, 108, 6.790021
68706, 114, 47.55436
68707, 104, 34.166603
68708, 109, 108.47634
68709, 111, 7.1008353
68710, 101, 17.801268
68711, 115, 124.78228
68712, 113, 82.70504
68713, 103, 16.39309
68714, 118, 77.04043
68715, 118, 82.726074
68716, 115, 33.964043
68717, 102, 147.57315
68718, 118, 16.755125
68719, 101, 139.18774
68720, 109, 13.627937
68721, 112, 31.83226
68722, 106, 29.585043
68723, 111, 65.92071
68724, 105, 49.82643
68725, 105, 19.10457
68726, 104, 33.001686
68727, 100, 14.283434
68728, 119, 31.70886
68729, 108, 112.374985
68730, 115, 122.91107
68731, 110, 0.70407987
68732, 112, 89.31639
68733, 103, 123.05595
68734, 114, 79.81597
68735, 102, 5.967441
68736, 107, 97.16793
68737, 112, 42.9083
68738, 111, 139.32332
68739, 112, 30.215014
68740, 118, 23.582312
68741, 115, 62.493084
68742, 110, 109.9839
68743, 107, 51.102932
68744, 112, 92.066376
68745, 111, 56.656498
68746, 117, 84.47588
68747, 109, 32.669304
68748, 108, 133.74554
68749, 118, 77.118416
68750, 119, 149.37619
68751, 116, 41.385162
68752, 102, 116.72214
68753, 114, 62.500225
68754, 106, 131.19423
68755, 102, 54.395164
68756, 117, 23.351053
68757, 101, 133.75276
68758, 117, 61.599113
68759, 113, 84.13854
68760, 112, 142.97398
68761, 116, 63.775043
68762, 119, 54.56921
68763, 110, 143.28107
68764, 109, 57.995804
68765, 109, 138.55623
68766, 103, 21.131273
68767, 104, 20.719858
68768, 100, 4.4425607
68769, 116, 115.19544
68770, 113, 93.03622
68771, 113, 3.6057382
68772, 118, 52.174713
68773, 112, 114.90503
68774, 114, 92.00037
68775, 117, 133.4492
68776, 103, 87.50355
68777, 106, 36.12317
68778, 113, 144.21986
68779, 110, 118.04756
68780, 107, 32.684334
68781, 102, 43.61871
68782, 109, 36.355312
68783, 106, 83.84181
68784, 105, 12.940184
68785, 112, 55.844368
68786, 116, 98.84021
68787, 106, 90.117325
68788, 105, 120.290886
68789, 101, 30.793968
68790, 119, 117.65934
68791, 102, 44.59725
68792, 109, 47.059116
68793, 114, 72.90328
68794, 114, 106.65888
68795, 116, 41.161198
68796, 116, 7.913947
68797, 112, 11.921024
68798, 110, 122.17196
68799, 108, 149.40752
68800, 110, 9.109881
68801, 106, 142.19957
68802, 107, 31.429768
68803, 114, 120.59517
68804, 113, 38.302544
68805, 109, 145.98164
68806, 113, 39.296722
68807, 119, 100.29038
68808, 104, 100.704994
68809, 103, 23.232035
68810, 111, 7.4629602
68811, 107, 53.536633
68812, 109, 87.07123
68813, 118, 108.1628
68814, 100, 115.07138
68815, 113, 10.642701
68816, 107, 16.507647
68817, 116, 30.93827
68818, 114, 32.137657
68819, 111, 39.47044
68820, 107, 119.00751
68821, 118, 77.83789
68822, 103, 116.71867
68823, 101, 47.00543
68824, 101, 24.64427
68825, 114, 53.038315
68826, 117, 48.491146
68827, 111, 140.75966
68828, 114, 46.217644
68829, 104, 72.16588
68830, 102, 91.50056
68831, 117, 65.57666
68832, 115, 139.94904
68833, 101, 27.379757
68834, 112, 84.02127
68835, 114, 68.73062
68836, 119, 102.58919
68837, 103, 131.22603
68838, 101, 9.989574
68839, 117, 76.1878
68840, 115, 89.297165
68841, 114, 49.712868
68842, 109, 54.81299
68843, 112, 75.72437
68844, 110, 12.159928
68845, 106, 70.74351
68846, 114, 9.357664
68847, 111, 123.47991
68848, 119, 66.43255
68849, 107, 55.924934
68850, 104, 80.73634
68851, 106, 96.28121
68852, 118, 137.88469
68853, 112, 15.511465
68854, 112, 42.554356
68855, 105, 145.14018
68856, 114, 82.48483
68857, 107, 4.9217997
68858, 103, 133.76134
68859, 107, 105.5827
68860, 102, 138.09747
68861, 115, 47.563747
68862, 112, 135.11145
68863, 114, 104.12771
68864, 106, 141.81915
68865, 111, 45.555138
68866, 116, 0.17580986
68867, 104, 119.58009
68868, 112, 129.88338
68869, 108, 91.26329
68870, 111, 112.12946
68871, 102, 106.01695
68872, 101, 79.413734
68873, 108, 27.308937
68874, 115, 100.26783
68875, 112, 111.24288
68876, 103, 149.34756
68877, 104, 9.226012
68878, 108, 29.404842
68879, 110, 114.522835
68880, 101, 126.92163
68881, 102, 86.99466
68882, 118, 49.114655
68883, 108, 29.240236
68884, 108, 128.70758
68885, 100, 72.63517
68886, 100, 62.348663
68887, 108, 78.223816
68888, 110, 24.750809
68889, 110, 75.917656
68890, 100, 142.89532
68891, 100, 27.250036
68892, 116, 146.6478
68893, 106, 102.86299
68894, 108, 13.415811
68895, 107, 44.67261
68896, 100, 49.912056
68897, 118, 35.083973
68898, 106, 122.05597
68899, 102, 27.324522
68900, 114, 130.40396
68901, 101, 138.30423
68902, 108, 75.71253
68903, 111, 13.410007
68904, 108, 137.77045
68905, 110, 113.39795
68906, 113, 48.469734
68907, 102, 145.1871
68908, 100, 79.53779
68909, 109, 62.75393
68910, 107, 64.29763
68911, 119, 43.242985
68912, 102, 28.321257
68913, 108, 81.02372
68914, 119, 54.210682
68915, 108, 28.095861
68916, 112, 38.977577
68917, 100, 106.07248
68918, 112, 70.56873
68919, 114, 21.447721
68920, 112, 7.65008
68921, 112, 104.74773
68922, 117, 88.13638
68923, 119, 119.59253
68924, 106, 113.26112
68925, 113, 91.656815
68926, 114, 73.98626
68927, 117, 90.90292
68928, 115, 141.34389
68929, 103, 116.39345
68930, 102, 74.52078
68931, 106, 36.179863
68932, 107, 100.21184
68933, 107, 43.02131
68934, 105, 67.89739
68935, 118, 49.873352
68936, 108, 136.07591
68937, 109, 60.933136
68938, 104, 29.36056
68939, 103, 33.651085
68940, 100, 99.84205
68941, 107, 35.5969
68942, 117, 50.907497
68943, 119, 67.88327
68944, 111, 137.06119
68945, 107, 140.49503
68946, 104, 52.412117
68947, 109, 2.200538
68948, 102, 131.76074
68949, 110, 104.08545
68950, 108, 6.2078924
68951, 105, 2.606213
68952, 100, 59.449036
68953, 112, 137.51256
68954, 116, 13.481704
68955, 102, 7.150072
68956, 107, 18.842009
68957, 103, 82.723495
68958, 103, 95.795364
68959, 116, 8.218959
68960, 103, 70.09203
68961, 101, 32.554523
68962, 112, 74.25806
68963, 102, 63.695107
68964, 105, 38.016502
68965, 110, 23.446217
68966, 101, 15.063474
68967, 110, 130.18062
68968, 118, 9.916386
68969, 114, 40.52295
68970, 116, 52.678524
68971, 105, 89.60577
68972, 119, 90.37422
68973, 101, 81.64578
68974, 108, 47.668407
68975, 111, 122.33288
68976, 111, 117.05066
68977, 114, 138.16849
68978, 111, 54.606754
68979, 112, 29.169363
68980, 110, 84.03972
68981, 104, 76.29542
68982, 114, 39.029278
68983, 114, 33.678566
68984, 102, 119.60927
68985, 118, 72.15533
68986, 112, 4.826376
68987, 106, 67.13431
68988, 113, 74.8443
68989, 115, 77.33746
68990, 106, 7.3892536
68991, 106, 94.58372
68992, 105, 129.84254
68993, 100, 106.74243
68994, 111, 117.58986
68995, 115, 47.498356
68996, 114, 76.75411
68997, 107, 10.851386
68998, 119, 54.091717
68999, 115, 6.0744433
69000, 110, 69.72608
69001, 105, 13.046416
69002, 107, 24.389246
69003, 116, 34.61
69004, 114, 149.39197
69005, 115, 140.58495
69006, 113, 22.528383
69007, 108, 127.84517
69008, 117, 36.44395
69009, 113, 104.68988
69010, 101, 107.92739
69011, 107, 57.597435
69012, 100, 60.42933
69013, 102, 35.558025
69014, 100, 140.55829
69015, 103, 55.77159
69016, 112, 16.29779
69017, 110, 50.53315
69018, 100, 59.463028
69019, 117, 88.49324
69020, 101, 52.59775
69021, 104, 2.7517586
69022, 106, 87.35282
69023, 112, 50.808666
69024, 100, 125.320915
69025, 117, 147.8885
69026, 100, 42.03214
69027, 118, 29.048958
69028, 115, 88.83373
69029, 114, 149.75313
69030, 116, 138.53647
69031, 102, 1.8678099
69032, 102, 13.820296
69033, 106, 139.60222
69034, 106, 102.44578
69035, 118, 58.448185
69036, 100, 130.40958
69037, 113, 99.61161
69038, 109, 27.931112
69039, 108, 9.853273
69040, 106, 138.27185
69041, 112, 148.51822
69042, 110, 65.065155
69043, 113, 40.710022
69044, 109, 79.02056
69045, 106, 36.987877
69046, 112, 112.86422
69047, 106, 87.61371
69048, 111, 86.94364
69049, 111, 51.673847
69050, 105, 26.782877
69051, 119, 92.811134
69052, 104, 64.91126
69053, 116, 134.1033
69054, 109, 21.402597
69055, 101, 78.142586
69056, 102, 95.44845
69057, 102, 145.53131
69058, 116, 52.222538
69059, 104, 5.186489
69060, 105, 97.661995
69061, 116, 143.23413
69062, 104, 39.01959
69063, 109, 93.55518
69064, 108, 80.54956
69065, 104, 112.85341
69066, 118, 56.742622
69067, 118, 110.97892
69068, 110, 57.6589
69069, 113, 5.82169
69070, 103, 126.49826
69071, 106, 61.33513
69072, 117, 82.70557
69073, 106, 44.25717
69074, 104, 3.7860723
69075, 102, 144.92566
69076, 119, 30.320522
69077, 111, 34.566093
69078, 113, 109.98755
69079, 117, 142.33455
69080, 100, 35.102177
69081, 118, 134.60794
69082, 119, 85.794235
69083, 102, 143.58972
69084, 117, 37.789936
69085, 107, 126.49655
69086, 119, 84.65872
69087, 110, 37.17335
69088, 100, 124.942764
69089, 101, 132.84035
69090, 104, 148.12271
69091, 111, 129.95303
69092, 108, 122.27721
69093, 103, 20.084122
69094, 100, 36.336334
69095, 117, 67.48852
69096, 106, 63.570545
69097, 112, 123.28388
69098, 117, 33.517708
69099, 102, 111.076324
69100, 106, 84.43297
69101, 100, 30.781773
69102, 115, 36.209072
69103, 101, 75.230316
69104, 108, 24.326277
69105, 114, 17.334616
69106, 102, 147.60089
69107, 104, 106.8499
69108, 117, 36.562576
69109, 111, 76.03089
69110, 108, 44.239784
69111, 110, 95.37756
69112, 101, 23.892582
69113, 117, 62.357407
69114, 114, 139.2576
69115, 113, 126.77578
69116, 112, 145.04385
69117, 117, 96.8044
69118, 111, 65.33074
69119, 106, 16.966465
69120, 113, 120.367
69121, 106, 29.670918
69122, 114, 142.83424
69123, 119, 48.390198
69124, 104, 60.663727
69125, 117, 26.927832
69126, 116, 40.361156
69127, 106, 77.66818
69128, 118, 38.120697
69129, 107, 41.638557
69130, 104, 2.7934492
69131, 109, 144.5839
69132, 102, 125.62694
69133, 117, 136.01204
69134, 115, 90.971634
69135, 105, 101.65074
69136, 105, 66.94832
69137, 109, 148.56635
69138, 109, 145.39375
69139, 104, 11.902678
69140, 113, 103.06274
69141, 105, 62.428917
69142, 103, 140.97554
69143, 105, 83.40752
69144, 104, 111.59859
69145, 114, 62.77503
69146, 117, 83.280266
69147, 115, 102.55011
69148, 111, 112.515976
69149, 109, 54.401352
69150, 117, 9.928787
69151, 101, 30.623514
69152, 109, 75.87745
69153, 102, 70.67311
69154, 119, 148.91135
69155, 104, 110.76894
69156, 105, 26.377228
69157, 112, 136.61258
69158, 100, 61.174107
69159, 118, 139.07759
69160, 114, 128.55782
69161, 103, 100.53
69162, 111, 97.046715
69163, 116, 33.47235
69164, 106, 64.790054
69165, 109, 124.34018
69166, 114, 19.595861
69167, 109, 92.51498
69168, 108, 67.09002
69169, 108, 2.8339326
69170, 112, 145.36761
69171, 119, 146.9035
69172, 101, 23.052746
69173, 113, 130.382
69174, 112, 11.7567835
69175, 102, 21.46884
69176, 106, 107.16918
69177, 100, 108.88876
69178, 108, 91.51648
69179, 105, 31.22187
69180, 118, 98.50053
69181, 117, 14.459467
69182, 101, 78.4829
69183, 113, 63.23499
69184, 119, 0.36797225
69185, 119, 71.85403
69186, 119, 115.82502
69187, 119, 36.056347
69188, 116, 114.344986
69189, 100, 80.604225
69190, 108, 1.530531
69191, 109, 142.68326
69192, 103, 4.056761
69193, 105, 78.056625
69194, 108, 39.322643
69195, 109, 19.776768
69196, 119, 100.29872
69197, 102, 46.11159
69198, 112, 99.34476
69199, 107, 91.10381
69200, 112, 32.0354
69201, 118, 68.23391
69202, 114, 101.0193
69203, 107, 88.695
69204, 102, 85.88527
69205, 110, 104.74878
69206, 115, 119.69741
69207, 100, 67.476555
69208, 112, 84.38338
69209, 110, 113.81042
69210, 118, 62.720356
69211, 103, 137.2035
69212, 105, 134.67067
69213, 109, 109.709984
69214, 109, 132.9194
69215, 119, 25.682384
69216, 117, 142.49202
69217, 108, 71.61909
69218, 114, 120.37948
69219, 112, 149.54352
69220, 106, 93.703896
69221, 108, 64.90486
69222, 110, 97.89344
69223, 117, 34.427734
69224, 103, 25.464348
69225, 119, 111.148415
69226, 108, 5.8575335
69227, 109, 99.15841
69228, 106, 123.90081
69229, 117, 60.07991
69230, 101, 118.31173
69231, 117, 18.303251
69232, 105, 95.21007
69233, 109, 76.840614
69234, 103, 101.139725
69235, 115, 138.05188
69236, 106, 32.548374
69237, 119, 122.57965
69238, 102, 94.33224
69239, 119, 15.782645
69240, 119, 132.07617
69241, 111, 56.442993
69242, 103, 57.448914
69243, 114, 6.888771
69244, 102, 22.2612
69245, 103, 134.94833
69246, 108, 51.953808
69247, 112, 42.440308
69248, 116, 22.8932
69249, 103, 125.004326
69250, 114, 27.454243
69251, 106, 41.81395
69252, 109, 119.75824
69253, 108, 106.204544
69254, 116, 52.28836
69255, 102, 89.989426
69256, 119, 85.12886
69257, 102, 7.5939775
69258, 117, 118.17485
69259, 100, 139.7427
69260, 117, 39.506004
69261, 105, 56.14279
69262, 117, 117.68284
69263, 104, 28.098705
69264, 116, 131.65419
69265, 105, 2.014625
69266, 103, 111.00073
69267, 114, 30.622297
69268, 110, 142.89066
69269, 109, 59.68557
69270, 117, 117.20206
69271, 109, 99.793335
69272, 104, 20.747763
69273, 119, 65.51311
69274, 117, 68.558365
69275, 113, 107.65034
69276, 119, 43.852215
69277, 101, 127.15803
69278, 111, 20.805655
69279, 110, 78.73691
69280, 116, 130.91927
69281, 104, 74.76777
69282, 102, 67.98002
69283, 105, 100.31369
69284, 105, 124.82803
69285, 106, 124.66009
69286, 118, 32.410545
69287, 100, 32.383614
69288, 105, 33.995667
69289, 104, 22.470518
69290, 112, 38.169907
69291, 108, 56.48032
69292, 102, 113.597145
69293, 101, 61.860893
69294, 115, 55.308697
69295, 117, 143.86726
69296, 114, 17.296896
69297, 103, 17.502298
69298, 103, 29.350965
69299, 103, 110.70152
69300, 101, 0.55514574
69301, 113, 2.867219
69302, 103, 105.640015
69303, 109, 44.68206
69304, 108, 13.58361
69305, 115, 74.79754
69306, 114, 57.60691
69307, 102, 111.33979
69308, 114, 126.04147
69309, 118, 143.28227
69310, 119, 35.43876
69311, 112, 51.562645
69312, 100, 1.2915283
69313, 117, 138.22514
69314, 114, 12.454221
69315, 119, 95.9241
69316, 110, 17.156115
69317, 109, 63.759087
69318, 118, 94.881546
69319, 107, 20.331646
69320, 116, 80.947044
69321, 101, 75.916626
69322, 101, 30.739698
69323, 104, 62.79789
69324, 111, 48.987724
69325, 109, 5.651486
69326, 101, 77.97963
69327, 112, 26.9271
69328, 108, 23.856657
69329, 109, 2.791518
69330, 106, 148.77448
69331, 115, 7.3217335
69332, 111, 143.81366
69333, 107, 35.1684
69334, 110, 24.2556
69335, 119, 44.032513
69336, 117, 9.062666
69337, 102, 144.89369
69338, 109, 130.934
69339, 114, 122.1454
69340, 117, 27.403494
69341, 105, 105.17269
69342, 112, 106.7583
69343, 114, 103.4793
69344, 102, 109.232185
69345, 102, 77.52337
69346, 113, 92.64403
69347, 111, 96.64802
69348, 103, 15.752355
69349, 109, 96.532776
69350, 102, 27.71126
69351, 112, 93.955574
69352, 101, 52.866356
69353, 111, 44.90301
69354, 100, 136.53517
69355, 109, 67.01237
69356, 106, 45.157948
69357, 111, 72.20112
69358, 110, 44.580086
69359, 115, 88.04065
69360, 102, 31.299368
69361, 118, 33.69971
69362, 119, 134.28708
69363, 103, 50.47169
69364, 101, 141.75383
69365, 104, 41.888596
69366, 100, 115.71071
69367, 101, 129.48474
69368, 112, 97.33815
69369, 101, 131.93234
69370, 103, 103.86185
69371, 115, 103.868744
69372, 114, 36.565224
69373, 119, 93.30711
69374, 112, 36.607254
69375, 107, 47.413193
69376, 116, 8.8382635
69377, 104, 16.648499
69378, 116, 97.5785
69379, 102, 29.44818
69380, 113, 112.36573
69381, 107, 80.78769
69382, 113, 118.04912
69383, 111, 20.661467
69384, 107, 73.88832
69385, 107, 134.53181
69386, 118, 22.408087
69387, 100, 4.427809
69388, 115, 93.513626
69389, 102, 2.0018578
69390, 115, 40.498306
69391, 102, 138.23032
69392, 100, 114.58661
69393, 114, 99.145935
69394, 106, 13.662574
69395, 101, 43.289253
69396, 105, 23.35133
69397, 109, 96.474464
69398, 116, 138.25551
69399, 106, 33.741608
69400, 115, 8.7451725
69401, 109, 70.19121
69402, 103, 23.628859
69403, 111, 84.174126
69404, 107, 103.20611
69405, 116, 37.26863
69406, 110, 47.332237
69407, 118, 98.66843
69408, 116, 50.621357
69409, 103, 9.141907
69410, 102, 30.704052
69411, 104, 3.0896902
69412, 107, 146.84474
69413, 103, 10.687995
69414, 108, 35.889404
69415, 101, 5.741832
69416, 101, 111.85429
69417, 111, 37.411602
69418, 103, 105.16494
69419, 104, 128.56154
69420, 100, 62.10807
69421, 107, 15.438742
69422, 115, 123.12162
69423, 101, 109.92113
69424, 105, 103.55489
69425, 111, 17.793264
69426, 108, 14.798239
69427, 105, 59.477787
69428, 100, 55.44296
69429, 116, 80.18337
69430, 107, 89.44269
69431, 107, 50.982624
69432, 113, 120.288246
69433, 113, 12.839627
69434, 114, 49.50259
69435, 109, 81.55813
69436, 109, 63.545616
69437, 111, 29.995464
69438, 110, 138.12335
69439, 114, 66.57857
69440, 113, 137.8688
69441, 116, 1.1768639
69442, 119, 89.60983
69443, 116, 91.07203
69444, 117, 145.87004
69445, 105, 2.1841586
69446, 104, 36.74418
69447, 109, 104.57946
69448, 112, 122.99685
69449, 113, 144.97794
69450, 110, 15.254098
69451, 107, 83.43004
69452, 113, 90.7303
69453, 113, 61.99193
69454, 112, 38.23371
69455, 101, 2.6601613
69456, 115, 40.645283
69457, 116, 36.707756
69458, 119, 83.32006
69459, 111, 46.239655
69460, 109, 113.17224
69461, 100, 17.5639
69462, 106, 9.01486
69463, 114, 88.07095
69464, 108, 47.781433
69465, 112, 5.3114085
69466, 105, 135.36539
69467, 104, 93.4728
69468, 116, 38.110714
69469, 110, 82.7692
69470, 107, 95.541985
69471, 107, 53.985527
69472, 118, 98.78217
69473, 114, 116.65367
69474, 105, 131.63719
69475, 103, 88.036255
69476, 102, 55.334686
69477, 106, 135.08775
69478, 105, 3.7050247
69479, 105, 3.2843292
69480, 100, 145.8374
69481, 109, 69.797806
69482, 118, 84.93278
69483, 112, 40.80929
69484, 105, 36.044838
69485, 118, 137.62254
69486, 110, 91.897415
69487, 103, 62.455692
69488, 114, 125.75954
69489, 103, 82.67997
69490, 109, 54.008415
69491, 114, 84.170166
69492, 105, 74.91571
69493, 109, 35.807213
69494, 113, 49.033783
69495, 108, 87.6044
69496, 117, 145.88359
69497, 109, 84.22252
69498, 104, 120.0399
69499, 100, 50.222824
69500, 119, 118.40672
69501, 109, 27.682722
69502, 112, 146.71101
69503, 105, 5.1409454
69504, 116, 149.75327
69505, 110, 55.776714
69506, 117, 10.590845
69507, 114, 33.68114
69508, 113, 148.73213
69509, 117, 66.9706
69510, 115, 52.096268
69511, 105, 121.75057
69512, 119, 96.04757
69513, 108, 69.20442
69514, 100, 146.40099
69515, 115, 103.422966
69516, 110, 142.23906
69517, 112, 4.3215127
69518, 101, 63.28773
69519, 104, 94.869125
69520, 107, 101.66162
69521, 114, 21.501902
69522, 106, 45.360313
69523, 104, 94.6224
69524, 115, 147.05109
69525, 108, 85.79845
69526, 118, 2.6888518
69527, 117, 146.05736
69528, 115, 54.17279
69529, 106, 39.70348
69530, 114, 36.544846
69531, 112, 15.184754
69532, 109, 15.343791
69533, 106, 64.36028
69534, 102, 60.596806
69535, 116, 24.82253
69536, 103, 107.61357
69537, 116, 126.51647
69538, 118, 38.104282
69539, 119, 141.76576
69540, 103, 59.166195
69541, 113, 36.959286
69542, 112, 18.580235
69543, 100, 15.334645
69544, 115, 26.981236
69545, 102, 123.97578
69546, 109, 64.56746
69547, 111, 41.80287
69548, 111, 102.46202
69549, 108, 119.468094
69550, 113, 49.185642
69551, 116, 16.151154
69552, 115, 120.361824
69553, 113, 76.32981
69554, 107, 51.954426
69555, 113, 148.7833
69556, 105, 64.68464
69557, 110, 61.266964
69558, 109, 85.467606
69559, 107, 23.678488
69560, 112, 73.07491
69561, 106, 133.67772
69562, 104, 57.67614
69563, 102, 58.932255
69564, 106, 89.48208
69565, 103, 27.942797
69566, 110, 58.55678
69567, 113, 1.3235629
69568, 110, 26.287374
69569, 102, 47.783176
69570, 109, 19.73194
69571, 115, 130.96167
69572, 102, 65.205666
69573, 108, 109.81327
69574, 116, 89.32342
69575, 113, 41.796173
69576, 117, 142.2018
69577, 115, 124.79605
69578, 105, 78.443825
69579, 104, 15.659049
69580, 108, 40.415703
69581, 110, 2.9849231
69582, 106, 76.88639
69583, 102, 120.94557
69584, 119, 103.0863
69585, 116, 133.65694
69586, 114, 132.13728
69587, 117, 56.775562
69588, 108, 76.02867
69589, 116, 42.246635
69590, 101, 23.796452
69591, 112, 132.95213
69592, 117, 127.96932
69593, 119, 146.38582
69594, 117, 115.19335
69595, 115, 37.16424
69596, 118, 16.35037
69597, 109, 75.555305
69598, 113, 43.433064
69599, 106, 121.59714
69600, 106, 128.5307
69601, 101, 63.719986
69602, 109, 9.51604
69603, 113, 37.572563
69604, 101, 106.966606
69605, 119, 104.88668
69606, 119, 12.863132
69607, 103, 143.65723
69608, 100, 124.39968
69609, 105, 143.98921
69610, 111, 63.789062
69611, 113, 82.23871
69612, 111, 138.48546
69613, 115, 22.79824
69614, 109, 3.6204457
69615, 105, 73.76294
69616, 108, 30.053455
69617, 105, 118.0229
69618, 118, 24.475103
69619, 103, 111.652596
69620, 117, 105.000885
69621, 110, 49.421017
69622, 114, 133.69524
69623, 117, 78.00375
69624, 115, 63.792686
69625, 119, 124.97035
69626, 111, 33.79123
69627, 114, 100.92002
69628, 110, 108.251
69629, 105, 57.96091
69630, 109, 121.28572
69631, 106, 98.59938
69632, 104, 19.92117
69633, 115, 59.98814
69634, 115, 19.315697
69635, 119, 129.37828
69636, 109, 55.707363
69637, 111, 81.80482
69638, 112, 41.64919
69639, 100, 75.808784
69640, 103, 11.570459
69641, 116, 39.21951
69642, 103, 139.29903
69643, 113, 55.305603
69644, 100, 94.77935
69645, 101, 61.04556
69646, 111, 80.59984
69647, 104, 146.91843
69648, 111, 89.81368
69649, 111, 46.9156
69650, 119, 96.96533
69651, 100, 32.424347
69652, 119, 8.977371
69653, 113, 49.24518
69654, 105, 0.6704539
69655, 115, 0.73474646
69656, 113, 92.64418
69657, 106, 114.72124
69658, 110, 146.13585
69659, 106, 4.4804516
69660, 103, 31.469948
69661, 100, 74.06963
69662, 117, 47.47923
69663, 119, 50.683594
69664, 117, 138.31667
69665, 115, 99.958275
69666, 102, 50.11264
69667, 117, 84.95155
69668, 106, 109.66697
69669, 112, 75.27165
69670, 113, 66.09221
69671, 102, 58.859985
69672, 112, 91.14635
69673, 108, 81.51583
69674, 101, 21.744267
69675, 102, 31.363947
69676, 100, 41.48923
69677, 107, 15.753812
69678, 106, 36.713524
69679, 101, 4.892099
69680, 114, 92.70257
69681, 107, 19.58499
69682, 111, 114.49568
69683, 104, 85.85387
69684, 111, 101.09858
69685, 105, 137.16516
69686, 109, 11.823455
69687, 108, 134.99995
69688, 114, 138.34665
69689, 112, 139.25146
69690, 107, 140.05576
69691, 117, 7.804182
69692, 110, 89.56124
69693, 119, 107.64308
69694, 101, 2.7349682
69695, 110, 6.565681
69696, 103, 74.56127
69697, 100, 145.10623
69698, 111, 106.00297
69699, 101, 71.234314
69700, 116, 140.7698
69701, 104, 104.077614
69702, 117, 52.818455
69703, 109, 75.97978
69704, 102, 44.736717
69705, 104, 0.761801
69706, 110, 110.27263
69707, 102, 11.4296255
69708, 108, 134.06393
69709, 103, 66.46139
69710, 118, 37.322197
69711, 112, 20.125803
69712, 103, 29.01873
69713, 100, 103.040764
69714, 101, 123.51555
69715, 108, 72.88618
69716, 111, 4.7527313
69717, 110, 136.40656
69718, 111, 31.781656
69719, 102, 41.84316
69720, 101, 116.174385
69721, 106, 121.62036
69722, 110, 118.32289
69723, 100, 63.48448
69724, 102, 119.92705
69725, 105, 95.9622
69726, 109, 114.937965
69727, 119, 99.2341
69728, 100, 60.836365
69729, 109, 7.0355773
69730, 100, 95.03943
69731, 111, 108.72395
69732, 116, 138.93318
69733, 115, 83.192986
69734, 118, 32.086426
69735, 103, 131.24025
69736, 109, 85.878044
69737, 114, 134.07141
69738, 116, 26.647837
69739, 101, 66.13678
69740, 111, 134.5715
69741, 113, 107.4438
69742, 119, 4.5138626
69743, 115, 147.21371
69744, 101, 126.9386
69745, 101, 65.8514
69746, 118, 140.84988
69747, 103, 107.96383
69748, 113, 119.9144
69749, 112, 14.168912
69750, 118, 47.35649
69751, 115, 101.62066
69752, 103, 51.85648
69753, 118, 99.353065
69754, 117, 47.411407
69755, 113, 101.255066
69756, 100, 50.9609
69757, 104, 94.58429
69758, 105, 88.92942
