47193, 116, 5.9315352
47194, 112, 79.02565
47195, 104, 89.199745
47196, 112, 137.91545
47197, 116, 5.4557204
47198, 110, 69.112755
47199, 105, 13.8633995
47200, 102, 94.53557
47201, 116, 94.61937
47202, 100, 109.88668
47203, 118, 118.91705
47204, 117, 69.59351
47205, 109, 7.717073
47206, 111, 87.30249
47207, 117, 79.87066
47208, 114, 101.96871
47209, 106, 18.78258
47210, 101, 62.397785
47211, 103, 32.478405
47212, 107, 143.95488
47213, 110, 144.07582
47214, 106, 77.6615
47215, 115, 97.865265
47216, 104, 50.47025
47217, 117, 36.727177
47218, 119, 22.130621
47219, 115, 131.74416
47220, 104, 58.95608
47221, 115, 136.18895
47222, 115, 16.895163
47223, 114, 0.114530325
47224, 111, 146.59221
47225, 102, 26.077438
47226, 104, 129.49232
47227, 116, 69.97057
47228, 117, 138.76958
47229, 105, 25.90304
47230, 116, 107.861916
47231, 105, 95.01665
47232, 112, 122.30564
47233, 111, 35.059986
47234, 110, 98.71975
47235, 117, 34.277397
47236, 111, 110.01278
47237, 115, 21.754557
47238, 107, 60.256264
47239, 114, 126.67495
47240, 110, 105.7145
47241, 114, 28.62398
47242, 104, 76.61176
47243, 103, 120.63052
47244, 100, 87.44732
47245, 116, 108.44422
47246, 118, 138.85341
47247, 113, 126.56121
47248, 109, 99.66716
47249, 114, 18.604044
47250, 114, 109.741615
47251, 109, 93.79498
47252, 118, 79.1901
47253, 118, 45.785362
47254, 115, 127.25903
47255, 107, 107.12291
47256, 106, 80.098694
47257, 102, 39.001877
47258, 102, 78.05726
47259, 114, 147.62642
47260, 100, 76.477806
47261, 111, 2.3993702
47262, 111, 40.249283
47263, 112, 118.487144
47264, 112, 39.04243
47265, 117, 78.20282
47266, 119, 142.828
47267, 111, 120.21259
47268, 109, 56.85271
47269, 117, 47.77826
47270, 118, 131.41463
47271, 104, 52.53313
47272, 104, 117.105576
47273, 110, 82.2719
47274, 104, 148.09528
47275, 114, 123.686874
47276, 119, 37.099056
47277, 117, 99.829666
47278, 118, 59.501347
47279, 113, 92.9134
47280, 119, 91.96686
47281, 105, 66.21352
47282, 117, 140.11377
47283, 113, 146.37195
47284, 109, 142.45883
47285, 106, 105.87556
47286, 119, 123.865845
47287, 111, 102.48539
47288, 117, 73.29489
47289, 118, 39.11613
47290, 100, 107.296585
47291, 101, 4.046729
47292, 103, 27.250242
47293, 101, 68.631035
47294, 108, 104.40792
47295, 118, 26.666683
47296, 112, 15.871739
47297, 106, 56.305405
47298, 103, 79.89787
47299, 102, 1.1319101
47300, 113, 136.84608
47301, 102, 12.571049
47302, 105, 23.654839
47303, 103, 79.503716
47304, 103, 45.500885
47305, 116, 24.317345
47306, 117, 110.72586
47307, 111, 145.55751
47308, 104, 90.3072
47309, 104, 45.62349
47310, 102, 67.17087
47311, 109, 112.919334
47312, 100, 78.92621
47313, 111, 2.1738946
47314, 107, 105.22344
47315, 119, 82.560265
47316, 109, 84.146545
47317, 102, 3.7041755
47318, 105, 41.399834
47319, 111, 1.6247839
47320, 106, 134.38716
47321, 102, 101.71958
47322, 115, 127.20805
47323, 101, 29.723686
47324, 107, 123.65788
47325, 117, 33.852955
47326, 117, 66.03655
47327, 102, 18.617329
47328, 106, 96.702
47329, 112, 2.895534
47330, 115, 13.617611
47331, 119, 133.08209
47332, 109, 73.108
47333, 100, 74.928276
47334, 102, 27.079163
47335, 104, 107.97064
47336, 116, 0.9553939
47337, 109, 85.298744
47338, 100, 29.74381
47339, 118, 49.69537
47340, 107, 44.731853
47341, 111, 132.66023
47342, 112, 13.9916
47343, 106, 45.660423
47344, 108, 6.1879187
47345, 109, 57.901634
47346, 107, 125.089935
47347, 110, 12.257838
47348, 100, 114.96213
47349, 110, 30.70119
47350, 112, 44.78739
47351, 116, 90.65727
47352, 115, 4.4314117
47353, 108, 47.269363
47354, 113, 21.275568
47355, 106, 31.51507
47356, 102, 44.318756
47357, 104, 123.2749
47358, 100, 45.707962
47359, 109, 21.13434
47360, 110, 36.328484
47361, 102, 124.13581
47362, 111, 38.748283
47363, 115, 60.221092
47364, 111, 41.376488
47365, 109, 49.561455
47366, 111, 130.82451
47367, 104, 100.955666
47368, 101, 144.99132
47369, 113, 130.2661
47370, 110, 4.650378
47371, 102, 5.956811
47372, 116, 31.767208
47373, 106, 146.50055
47374, 112, 89.83837
47375, 116, 85.3943
47376, 100, 21.139097
47377, 109, 72.98241
47378, 104, 34.210655
47379, 116, 56.402172
47380, 115, 111.61565
47381, 113, 69.20393
47382, 113, 34.310844
47383, 105, 42.644127
47384, 104, 127.17833
47385, 106, 75.919205
47386, 114, 81.30711
47387, 116, 125.11324
47388, 117, 42.54351
47389, 109, 109.09902
47390, 110, 109.832794
47391, 117, 123.65981
47392, 105, 46.792763
47393, 108, 0.80581605
47394, 105, 59.87901
47395, 114, 14.948255
47396, 104, 26.524347
47397, 106, 147.65414
47398, 103, 85.20693
47399, 103, 103.21165
47400, 105, 101.575905
47401, 110, 71.91531
47402, 101, 26.335876
47403, 115, 140.52826
47404, 113, 9.123588
47405, 118, 71.53218
47406, 108, 8.816994
47407, 116, 121.39274
47408, 116, 96.48564
47409, 100, 1.622048
47410, 114, 80.277664
47411, 102, 103.16328
47412, 111, 10.6677265
47413, 108, 124.24451
47414, 103, 53.160534
47415, 111, 127.8558
47416, 114, 44.03276
47417, 113, 89.95378
47418, 106, 146.8838
47419, 113, 5.097145
47420, 119, 140.64359
47421, 100, 135.05168
47422, 109, 10.097069
47423, 102, 39.182068
47424, 102, 98.98006
47425, 113, 96.76559
47426, 112, 46.394768
47427, 110, 117.679855
47428, 107, 61.99953
47429, 111, 81.54848
47430, 107, 82.152916
47431, 107, 105.10789
47432, 119, 36.794437
47433, 104, 15.944445
47434, 113, 86.88152
47435, 111, 2.7657866
47436, 107, 108.03961
47437, 112, 103.13876
47438, 106, 31.760073
47439, 110, 53.692398
47440, 117, 99.29033
47441, 115, 35.55799
47442, 115, 80.26258
47443, 116, 114.255875
47444, 119, 25.087183
47445, 100, 97.865776
47446, 105, 89.325836
47447, 118, 7.8898163
47448, 101, 126.80723
47449, 111, 84.41989
47450, 105, 82.16971
47451, 104, 97.687225
47452, 106, 28.891405
47453, 104, 18.544632
47454, 104, 127.39759
47455, 110, 109.33124
47456, 103, 113.61606
47457, 107, 64.83109
47458, 101, 137.00037
47459, 119, 4.701099
47460, 107, 39.18246
47461, 105, 74.33514
47462, 115, 74.861305
47463, 100, 104.49483
47464, 106, 67.712524
47465, 117, 24.996016
47466, 117, 3.810659
47467, 100, 62.67766
47468, 107, 26.073584
47469, 117, 20.113108
47470, 105, 144.77419
47471, 110, 126.8681
47472, 119, 13.366405
47473, 112, 21.614117
47474, 110, 128.16432
47475, 106, 37.55593
47476, 110, 60.01584
47477, 115, 92.794525
47478, 118, 19.658482
47479, 108, 144.68819
47480, 104, 55.685993
47481, 118, 27.33204
47482, 117, 95.305664
47483, 103, 126.97377
47484, 100, 13.447157
47485, 119, 84.94139
47486, 110, 73.38898
47487, 105, 103.118225
47488, 105, 97.62616
47489, 113, 5.087936
47490, 107, 147.12633
47491, 106, 77.47616
47492, 102, 1.9680709
47493, 103, 61.053513
47494, 109, 132.85602
47495, 115, 40.098194
47496, 109, 127.243965
47497, 118, 63.554703
47498, 102, 124.37274
47499, 110, 116.01569
47500, 113, 141.39758
47501, 112, 120.33306
47502, 105, 22.756397
47503, 106, 2.3158998
47504, 101, 107.38606
47505, 102, 129.21666
47506, 118, 50.875416
47507, 105, 126.94889
47508, 112, 90.90521
47509, 105, 12.266663
47510, 110, 17.754194
47511, 115, 18.753819
47512, 119, 51.43959
47513, 101, 19.563925
47514, 119, 67.421425
47515, 116, 53.155937
47516, 100, 134.42918
47517, 112, 38.356983
47518, 117, 41.575195
47519, 102, 16.147364
47520, 104, 109.17757
47521, 116, 142.86905
47522, 106, 3.9988785
47523, 105, 117.3684
47524, 110, 133.783
47525, 107, 43.681274
47526, 111, 134.51085
47527, 112, 118.29104
47528, 113, 101.22573
47529, 117, 118.64599
47530, 107, 45.48304
47531, 111, 130.7761
47532, 114, 105.604095
47533, 105, 137.60242
47534, 103, 103.56742
47535, 117, 148.96223
47536, 105, 32.51111
47537, 102, 14.326509
47538, 102, 18.455814
47539, 112, 113.89924
47540, 116, 135.14168
47541, 119, 110.1436
47542, 104, 15.156421
47543, 102, 56.504185
47544, 104, 127.17563
47545, 101, 15.52054
47546, 101, 76.27612
47547, 114, 144.69254
47548, 109, 19.089067
47549, 119, 64.62106
47550, 102, 50.982
47551, 101, 107.90501
47552, 111, 53.05624
47553, 102, 72.05864
47554, 112, 117.55739
47555, 111, 101.75997
47556, 105, 78.42104
47557, 103, 117.62372
47558, 102, 0.6522238
47559, 108, 114.425606
47560, 116, 11.653617
47561, 103, 143.92374
47562, 114, 136.63129
47563, 119, 8.726353
47564, 105, 54.70097
47565, 101, 139.73444
47566, 105, 55.796295
47567, 106, 79.26142
47568, 100, 122.54546
47569, 118, 37.734783
47570, 107, 40.288578
47571, 115, 147.24657
47572, 109, 60.693687
47573, 106, 78.92531
47574, 106, 145.84592
47575, 107, 40.625443
47576, 115, 60.85974
47577, 105, 144.63968
47578, 101, 16.753506
47579, 119, 81.18752
47580, 104, 6.9865108
47581, 106, 81.79976
47582, 112, 137.47914
47583, 110, 29.10634
47584, 115, 13.062546
47585, 115, 103.14003
47586, 112, 30.618168
47587, 112, 44.429417
47588, 116, 102.18747
47589, 114, 80.42252
47590, 108, 111.663925
47591, 115, 82.02896
47592, 109, 54.850952
47593, 104, 27.07436
47594, 107, 92.08909
47595, 100, 46.13766
47596, 109, 113.803314
47597, 117, 105.15395
47598, 109, 148.52383
47599, 110, 115.68496
47600, 119, 4.550144
47601, 116, 95.0175
47602, 105, 37.72231
47603, 106, 28.374123
47604, 119, 28.926579
47605, 116, 65.10388
47606, 112, 42.839207
47607, 119, 31.881264
47608, 105, 132.88136
47609, 101, 5.558279
47610, 111, 43.59535
47611, 117, 17.299345
47612, 107, 145.68622
47613, 115, 44.95729
47614, 113, 131.95845
47615, 116, 101.70747
47616, 108, 143.91438
47617, 119, 125.50095
47618, 103, 11.185232
47619, 101, 92.429085
47620, 119, 8.908653
47621, 105, 33.5624
47622, 117, 126.42986
47623, 102, 105.4692
47624, 117, 43.82583
47625, 113, 56.67978
47626, 107, 121.649536
47627, 106, 91.622284
47628, 103, 45.672485
47629, 101, 104.38957
47630, 113, 6.1015964
47631, 103, 98.99634
47632, 104, 18.010864
47633, 102, 121.52501
47634, 111, 132.75865
47635, 118, 62.90987
47636, 101, 56.436726
47637, 103, 129.63222
47638, 117, 64.38271
47639, 111, 50.8428
47640, 112, 92.24163
47641, 105, 120.51175
47642, 106, 71.15447
47643, 101, 131.63626
47644, 112, 30.16111
47645, 105, 88.18941
47646, 103, 60.824696
47647, 100, 96.5525
47648, 115, 35.41627
47649, 110, 135.06285
47650, 105, 45.91123
47651, 108, 142.31659
47652, 117, 147.30826
47653, 112, 17.062695
47654, 117, 38.40582
47655, 110, 64.15336
47656, 110, 139.89082
47657, 104, 56.16341
47658, 117, 18.20239
47659, 115, 67.71871
47660, 113, 59.26701
47661, 105, 124.5136
47662, 114, 56.073635
47663, 116, 5.544117
47664, 105, 112.740135
47665, 113, 11.534187
47666, 104, 53.771988
47667, 114, 128.2463
47668, 113, 142.29367
47669, 106, 95.51354
47670, 108, 101.62048
47671, 105, 76.28265
47672, 102, 132.62259
47673, 108, 2.727878
47674, 115, 93.90383
47675, 104, 89.92242
47676, 108, 148.67274
47677, 111, 63.22622
47678, 101, 92.329094
47679, 107, 136.48524
47680, 106, 37.479435
47681, 101, 29.096996
47682, 117, 63.85831
47683, 116, 115.37827
47684, 110, 58.471577
47685, 105, 33.46544
47686, 117, 92.34578
47687, 109, 128.54837
47688, 108, 83.89541
47689, 106, 70.177
47690, 106, 89.22131
47691, 111, 133.01831
47692, 113, 67.18117
47693, 100, 68.25522
47694, 114, 70.52302
47695, 109, 80.32323
47696, 105, 85.78359
47697, 117, 73.96193
47698, 114, 130.7883
47699, 108, 125.07546
47700, 107, 34.724316
47701, 111, 3.740725
47702, 119, 52.288475
47703, 107, 79.138855
47704, 103, 106.44782
47705, 102, 43.152256
47706, 117, 3.4172149
47707, 110, 20.129692
47708, 106, 125.86143
47709, 101, 31.92864
47710, 117, 4.8870296
47711, 106, 31.573355
47712, 100, 21.134466
47713, 108, 114.90273
47714, 101, 75.16155
47715, 114, 55.637123
47716, 115, 95.777885
47717, 104, 26.22572
47718, 101, 18.32242
47719, 100, 60.01042
47720, 107, 105.90296
47721, 119, 62.341843
47722, 112, 123.60372
47723, 100, 15.16672
47724, 109, 147.21928
47725, 119, 129.49747
47726, 114, 87.312645
47727, 100, 12.703854
47728, 102, 53.512375
47729, 104, 95.58882
47730, 119, 61.70798
47731, 105, 83.72801
47732, 101, 122.04491
47733, 104, 14.747456
47734, 112, 134.83186
47735, 119, 123.173706
47736, 103, 90.89364
47737, 119, 148.12773
47738, 115, 88.8989
47739, 103, 125.58878
47740, 113, 35.714947
47741, 101, 136.06236
47742, 119, 82.47959
47743, 117, 39.668404
47744, 106, 0.5365312
47745, 116, 49.858456
47746, 110, 96.10102
47747, 109, 29.583622
47748, 115, 117.766205
47749, 105, 62.092728
47750, 118, 121.97678
47751, 117, 116.97604
47752, 103, 69.57962
47753, 102, 12.2146015
47754, 115, 72.30201
47755, 104, 148.87453
47756, 103, 107.95234
47757, 119, 40.044853
47758, 114, 0.03939271
47759, 118, 61.709072
47760, 111, 64.4696
47761, 104, 78.023834
47762, 113, 43.962112
47763, 109, 136.37392
47764, 101, 69.82092
47765, 118, 69.663635
47766, 107, 48.234657
47767, 118, 64.3375
47768, 110, 122.633965
47769, 108, 56.55462
47770, 116, 141.14241
47771, 114, 107.916466
47772, 100, 55.885292
47773, 118, 31.412905
47774, 116, 14.982668
47775, 112, 61.000164
47776, 116, 23.922523
47777, 119, 83.67176
47778, 100, 132.74608
47779, 100, 64.40137
47780, 106, 143.60454
47781, 102, 15.265632
47782, 111, 98.29043
47783, 102, 147.78949
47784, 106, 112.44418
47785, 102, 50.994446
47786, 108, 143.54703
47787, 101, 3.4705281
47788, 100, 12.599328
47789, 119, 98.28338
47790, 106, 105.36366
47791, 115, 1.2485683
47792, 107, 73.6881
47793, 101, 13.768906
47794, 119, 119.38043
47795, 119, 31.670486
47796, 116, 19.008137
47797, 111, 30.806763
47798, 102, 118.983795
47799, 110, 61.754913
47800, 103, 18.492275
47801, 107, 28.071445
47802, 102, 40.080856
47803, 108, 116.25508
47804, 107, 93.20077
47805, 114, 119.596794
47806, 102, 99.534004
47807, 111, 126.494316
47808, 110, 40.813263
47809, 116, 138.59465
47810, 117, 102.53426
47811, 116, 28.3496
47812, 111, 132.5883
47813, 114, 137.61699
47814, 112, 72.36937
47815, 114, 137.73695
47816, 110, 66.284836
47817, 111, 89.5722
47818, 107, 46.795303
47819, 107, 124.27518
47820, 119, 3.9119482
47821, 106, 33.457436
47822, 106, 124.025116
47823, 103, 35.59199
47824, 101, 115.54729
47825, 109, 96.429115
47826, 118, 35.79038
47827, 110, 97.2867
47828, 102, 78.80141
47829, 106, 69.731606
47830, 117, 13.140544
47831, 106, 15.531304
47832, 100, 68.379364
47833, 100, 92.52405
47834, 118, 115.52243
47835, 112, 49.81411
47836, 111, 100.96926
47837, 110, 73.773285
47838, 111, 25.45149
47839, 111, 19.525677
47840, 109, 52.860474
47841, 100, 9.750107
47842, 119, 13.709575
47843, 105, 47.468456
47844, 110, 96.6905
47845, 100, 111.18968
47846, 114, 43.177834
47847, 112, 96.19425
47848, 101, 31.789497
47849, 102, 68.68677
47850, 112, 134.7859
47851, 103, 60.49279
47852, 108, 65.67631
47853, 119, 27.09876
47854, 103, 6.7328634
47855, 111, 53.82276
47856, 101, 29.591284
47857, 101, 40.830948
47858, 108, 18.782848
47859, 107, 35.941208
47860, 101, 109.968735
47861, 103, 1.3402998
47862, 103, 39.904137
47863, 114, 105.30142
47864, 107, 26.053896
47865, 119, 18.973392
47866, 108, 93.17431
47867, 103, 78.556206
47868, 106, 66.95512
47869, 110, 69.0842
47870, 107, 83.611244
47871, 106, 18.652859
47872, 109, 22.380192
47873, 102, 49.465763
47874, 100, 136.17459
47875, 116, 14.85419
47876, 117, 30.897545
47877, 116, 56.03191
47878, 111, 125.31775
47879, 119, 128.88025
47880, 113, 19.660252
47881, 111, 115.33175
47882, 114, 27.571419
47883, 103, 107.88948
47884, 115, 8.494798
47885, 112, 104.94171
47886, 100, 41.654823
47887, 101, 37.73036
47888, 100, 42.98361
47889, 103, 138.92369
47890, 116, 74.84445
47891, 114, 96.690285
47892, 114, 55.7463
47893, 111, 3.1068115
47894, 102, 20.553436
47895, 109, 120.45014
47896, 118, 66.82963
47897, 112, 18.955538
47898, 105, 87.58871
47899, 118, 7.5992165
47900, 110, 51.61582
47901, 102, 141.03441
47902, 101, 130.91501
47903, 115, 33.936283
47904, 111, 92.11384
47905, 116, 132.79626
47906, 119, 56.303787
47907, 118, 81.33122
47908, 119, 19.191439
47909, 118, 134.48685
47910, 107, 97.03954
47911, 119, 45.48572
47912, 104, 113.611885
47913, 100, 142.23776
47914, 116, 39.547653
47915, 116, 123.6539
47916, 110, 91.240875
47917, 118, 51.74852
47918, 108, 38.526714
47919, 110, 93.31095
47920, 117, 81.951706
47921, 101, 84.08428
47922, 103, 21.946548
47923, 118, 72.97703
47924, 116, 8.816448
47925, 110, 45.85434
47926, 110, 14.696368
47927, 100, 1.3195843
47928, 113, 37.35245
47929, 115, 72.02239
47930, 116, 86.84666
47931, 111, 129.36716
47932, 104, 105.308334
47933, 102, 74.99554
47934, 112, 35.982433
47935, 107, 108.96326
47936, 107, 14.525771
47937, 114, 137.40924
47938, 118, 87.78809
47939, 111, 56.14359
47940, 119, 42.60682
47941, 105, 73.126175
47942, 103, 141.75179
47943, 112, 57.435493
47944, 116, 20.715675
47945, 119, 142.22395
47946, 108, 94.47598
47947, 108, 144.98495
47948, 110, 125.04661
47949, 115, 61.37849
47950, 118, 125.64953
47951, 104, 139.91985
47952, 118, 28.889805
47953, 100, 40.871197
47954, 115, 104.88491
47955, 117, 122.22363
47956, 115, 131.23581
47957, 109, 61.445107
47958, 108, 80.376236
47959, 111, 146.2829
47960, 104, 36.61563
47961, 112, 19.916708
47962, 114, 131.98111
47963, 103, 120.5843
47964, 107, 119.98348
47965, 117, 147.96211
47966, 117, 109.00487
47967, 110, 53.439922
47968, 100, 15.618271
47969, 108, 73.54285
47970, 116, 105.7101
47971, 111, 95.85436
47972, 114, 100.9269
47973, 111, 48.2601
47974, 112, 74.24818
47975, 106, 137.89438
47976, 119, 142.14178
47977, 101, 55.752567
47978, 102, 25.766981
47979, 111, 7.9639254
47980, 109, 10.915312
47981, 109, 1.042378
47982, 113, 7.9461603
47983, 109, 110.79557
47984, 113, 73.719604
47985, 116, 7.337907
47986, 119, 91.227234
47987, 112, 41.32644
47988, 105, 43.836327
47989, 101, 17.18704
47990, 100, 31.93607
47991, 107, 27.192656
47992, 116, 77.504196
47993, 119, 139.22798
47994, 108, 128.94452
47995, 104, 147.9007
47996, 108, 79.78777
47997, 116, 66.362656
47998, 104, 7.792515
47999, 114, 140.15123
48000, 112, 121.813675
48001, 118, 30.239538
48002, 105, 111.061874
48003, 100, 129.20744
48004, 115, 101.559975
48005, 101, 59.481293
48006, 100, 48.455956
48007, 115, 120.33402
48008, 107, 14.0654955
48009, 114, 55.960976
48010, 102, 1.5366018
48011, 105, 91.86523
48012, 114, 134.70183
48013, 118, 108.420296
48014, 110, 0.043711066
48015, 102, 7.17068
48016, 106, 90.19638
48017, 119, 126.854675
48018, 100, 61.264183
48019, 102, 118.574036
48020, 114, 135.19789
48021, 107, 113.820854
48022, 100, 141.97711
48023, 111, 149.21556
48024, 102, 24.3049
48025, 108, 46.943058
48026, 113, 60.04747
48027, 103, 47.09039
48028, 116, 76.000946
48029, 109, 27.279354
48030, 113, 80.339195
48031, 100, 57.835033
48032, 115, 29.09496
48033, 118, 19.752771
48034, 103, 14.853448
48035, 118, 109.22366
48036, 103, 67.0845
48037, 113, 102.772514
48038, 102, 5.976963
48039, 113, 5.8192225
48040, 108, 30.46681
48041, 114, 43.962612
48042, 100, 116.428215
48043, 103, 131.476
48044, 101, 127.075035
48045, 100, 76.93412
48046, 114, 64.68459
48047, 105, 102.3419
48048, 114, 2.093348
48049, 108, 36.253853
48050, 101, 42.276337
48051, 115, 28.831493
48052, 119, 123.76966
48053, 110, 91.49685
48054, 112, 149.73875
48055, 112, 48.24891
48056, 100, 146.08952
48057, 119, 19.596523
48058, 106, 91.204216
48059, 108, 62.928253
48060, 113, 31.50335
48061, 114, 131.89816
48062, 105, 77.84579
48063, 118, 114.73502
48064, 116, 144.08607
48065, 112, 77.72298
48066, 106, 21.081188
48067, 107, 144.34224
48068, 112, 139.25066
48069, 106, 131.499
48070, 112, 115.94284
48071, 107, 135.58711
48072, 103, 142.33344
48073, 102, 33.97108
48074, 118, 56.06408
48075, 100, 15.034694
48076, 111, 111.8648
48077, 114, 111.43105
48078, 116, 107.152214
48079, 115, 8.770108
48080, 106, 74.57915
48081, 111, 84.17005
48082, 104, 78.09289
48083, 111, 95.5501
48084, 111, 112.76082
48085, 104, 104.788414
48086, 116, 90.67975
48087, 106, 39.006775
48088, 108, 63.725048
48089, 105, 110.654175
48090, 117, 77.95915
48091, 105, 78.28866
48092, 104, 84.852394
48093, 113, 19.276598
48094, 108, 9.050703
48095, 105, 9.810376
48096, 114, 47.110237
48097, 109, 49.483395
48098, 108, 107.927315
48099, 102, 81.17064
48100, 103, 145.9053
48101, 118, 105.02725
48102, 104, 24.673363
48103, 107, 146.31506
48104, 113, 91.54733
48105, 109, 80.01723
48106, 104, 127.27935
48107, 101, 60.123817
48108, 110, 65.6042
48109, 110, 25.989729
48110, 118, 41.57914
48111, 105, 99.501015
48112, 117, 57.9979
48113, 111, 3.5907893
48114, 102, 58.807594
48115, 102, 55.040913
48116, 102, 43.44309
48117, 118, 4.5383244
48118, 115, 146.01227
48119, 115, 0.14961362
48120, 100, 91.58749
48121, 116, 15.832034
48122, 104, 2.916679
48123, 102, 88.18364
48124, 113, 55.406097
48125, 112, 53.629436
48126, 101, 125.312805
48127, 119, 76.34704
48128, 118, 91.459145
48129, 118, 27.750921
48130, 104, 121.95594
48131, 110, 140.16321
48132, 115, 149.41612
48133, 118, 124.47925
48134, 105, 53.554504
48135, 103, 41.1768
48136, 114, 33.085407
48137, 117, 87.92836
48138, 103, 30.069307
48139, 103, 24.503534
48140, 111, 127.17976
48141, 103, 71.0535
48142, 113, 15.686578
48143, 119, 24.991608
48144, 100, 144.64755
48145, 118, 0.3218025
48146, 104, 20.332129
48147, 110, 139.24562
48148, 111, 69.17709
48149, 106, 45.954502
48150, 103, 110.986626
48151, 106, 1.8641889
48152, 112, 23.444063
48153, 102, 15.6798
48154, 114, 27.359577
48155, 105, 104.6278
48156, 114, 8.765557
48157, 103, 67.21735
48158, 112, 43.449383
48159, 115, 87.53913
48160, 113, 36.717297
48161, 112, 6.754822
48162, 102, 109.44052
48163, 106, 45.001175
48164, 118, 80.64876
48165, 107, 71.304016
48166, 117, 113.47107
48167, 102, 112.12436
48168, 106, 104.3646
48169, 110, 76.931145
48170, 116, 89.83427
48171, 113, 98.726974
48172, 114, 121.46919
48173, 114, 124.208145
48174, 119, 117.47325
48175, 119, 87.86348
48176, 113, 52.842567
48177, 108, 148.2821
48178, 107, 134.39932
48179, 106, 14.138683
48180, 117, 133.43658
48181, 103, 121.11788
48182, 108, 35.719307
48183, 114, 98.89244
48184, 107, 114.57067
48185, 103, 102.77902
48186, 108, 22.890642
48187, 113, 28.849277
48188, 109, 2.0490737
48189, 101, 127.271194
48190, 106, 46.480698
48191, 118, 83.91372
48192, 113, 12.733537
48193, 110, 19.231117
48194, 104, 27.12966
48195, 109, 37.812218
48196, 115, 20.586508
48197, 113, 129.40593
48198, 100, 32.973488
48199, 119, 36.96422
48200, 119, 46.28994
48201, 112, 82.43237
48202, 114, 68.54222
48203, 115, 109.06629
48204, 104, 93.208984
48205, 106, 87.95346
48206, 112, 124.25657
48207, 117, 148.52306
48208, 104, 132.73259
48209, 111, 35.963757
48210, 101, 60.10892
48211, 114, 34.792088
48212, 115, 89.81639
48213, 112, 38.063095
48214, 105, 15.03481
48215, 100, 118.2933
48216, 101, 97.08046
48217, 102, 93.70588
48218, 109, 42.62723
48219, 111, 140.09114
48220, 110, 126.461334
48221, 118, 73.96139
48222, 109, 33.393288
48223, 110, 46.69623
48224, 104, 2.991888
48225, 112, 77.52021
48226, 114, 26.169365
48227, 115, 129.94698
48228, 111, 125.64077
48229, 107, 102.60893
48230, 110, 140.70335
48231, 108, 85.78609
48232, 118, 75.015335
48233, 100, 130.77849
48234, 103, 149.04346
48235, 103, 33.811916
48236, 108, 54.97519
48237, 100, 139.70819
48238, 105, 136.80124
48239, 104, 53.92973
48240, 110, 106.89613
48241, 113, 23.941835
48242, 107, 59.17095
48243, 101, 93.839554
48244, 100, 50.077057
48245, 115, 29.756971
48246, 107, 91.42039
48247, 110, 146.46721
48248, 100, 56.7705
48249, 114, 129.58092
48250, 118, 14.746615
48251, 101, 69.99289
48252, 119, 85.067276
48253, 107, 86.055466
48254, 119, 98.283714
48255, 113, 6.705022
48256, 103, 115.41648
48257, 119, 87.6132
48258, 115, 141.15967
48259, 102, 12.514668
48260, 114, 80.028534
48261, 116, 146.20505
48262, 117, 140.14302
48263, 116, 139.5188
48264, 103, 109.43548
48265, 106, 64.42623
48266, 111, 17.427645
48267, 109, 100.88107
48268, 103, 70.34662
48269, 119, 45.037685
48270, 118, 37.02582
48271, 104, 14.752087
48272, 113, 25.58848
48273, 101, 36.20395
48274, 102, 98.53879
48275, 113, 146.74252
48276, 118, 37.113262
48277, 104, 36.113308
48278, 100, 130.72398
48279, 108, 93.36463
48280, 112, 41.985012
48281, 110, 0.25316477
48282, 100, 60.606186
48283, 118, 62.33013
48284, 113, 113.45111
48285, 119, 93.57815
48286, 105, 143.2321
48287, 108, 50.232258
48288, 118, 136.04858
48289, 116, 53.82453
48290, 111, 118.529175
48291, 103, 3.6334724
48292, 105, 94.2177
48293, 114, 40.050217
48294, 116, 77.555016
48295, 100, 24.183279
48296, 104, 127.81977
48297, 118, 123.62381
48298, 110, 84.20388
48299, 114, 73.781845
48300, 109, 89.755974
48301, 108, 104.50787
48302, 117, 62.661
48303, 112, 69.82135
48304, 115, 29.22694
48305, 105, 23.867638
48306, 114, 109.12482
48307, 112, 149.85242
48308, 109, 131.23201
48309, 104, 28.397423
48310, 111, 34.620495
48311, 104, 65.84828
48312, 116, 19.523594
48313, 115, 123.59562
48314, 108, 146.87744
48315, 109, 69.989716
48316, 107, 129.52939
48317, 117, 57.29659
48318, 115, 92.54082
48319, 115, 114.474464
48320, 114, 54.293873
48321, 115, 114.96582
48322, 105, 135.17809
48323, 111, 144.8994
48324, 113, 63.369183
48325, 112, 139.96968
48326, 114, 74.4619
48327, 116, 40.356598
48328, 106, 52.252186
48329, 113, 53.947342
48330, 100, 9.736723
48331, 103, 39.17361
48332, 116, 116.38702
48333, 106, 79.51622
48334, 104, 25.956327
48335, 107, 59.29555
48336, 116, 142.30522
48337, 111, 99.01892
48338, 111, 53.135677
48339, 106, 13.898868
48340, 119, 72.49026
48341, 109, 7.659692
48342, 117, 2.375114
48343, 115, 77.66341
48344, 101, 137.07133
48345, 109, 95.43435
48346, 103, 25.009256
48347, 117, 102.97024
48348, 110, 3.3199847
48349, 103, 72.34969
48350, 115, 18.40403
48351, 113, 10.62566
48352, 113, 138.11029
48353, 115, 111.28432
48354, 100, 26.128641
48355, 100, 5.5318413
48356, 113, 104.843475
48357, 109, 55.30008
48358, 101, 57.543343
48359, 115, 19.569307
48360, 108, 41.48864
48361, 104, 31.461222
48362, 110, 44.635303
48363, 111, 113.61943
48364, 111, 88.89558
48365, 114, 62.078888
48366, 113, 141.67047
48367, 118, 48.669773
48368, 111, 133.62541
48369, 119, 71.8011
48370, 112, 53.378902
48371, 106, 123.23532
48372, 102, 54.915592
48373, 114, 141.18515
48374, 105, 9.114817
48375, 110, 130.52995
48376, 117, 131.9423
48377, 111, 101.185455
48378, 104, 123.98382
48379, 106, 104.06208
48380, 101, 128.85132
48381, 104, 43.708607
48382, 103, 113.36831
48383, 103, 25.776342
48384, 119, 103.52629
48385, 114, 94.93503
48386, 102, 90.866554
48387, 103, 142.83286
48388, 117, 36.938015
48389, 102, 109.52499
48390, 101, 43.599674
48391, 109, 96.847984
48392, 104, 101.52948
48393, 105, 24.726114
48394, 111, 120.8673
48395, 105, 109.096535
48396, 118, 77.38866
48397, 119, 23.64994
48398, 109, 115.05229
48399, 108, 115.19318
48400, 100, 116.827354
48401, 113, 56.979675
48402, 115, 134.46083
48403, 114, 147.01422
48404, 115, 115.43236
48405, 117, 44.741936
48406, 103, 88.485916
48407, 119, 76.41507
48408, 103, 60.963337
48409, 117, 117.77053
48410, 114, 27.32791
48411, 101, 12.023788
48412, 109, 120.67343
48413, 110, 101.38884
48414, 101, 119.23851
48415, 100, 146.8238
48416, 104, 122.392075
48417, 106, 111.064735
48418, 101, 49.24237
48419, 102, 84.67924
48420, 104, 22.395103
48421, 114, 120.84175
48422, 118, 126.610664
48423, 101, 24.369013
48424, 100, 125.80096
48425, 106, 13.016304
48426, 106, 113.14296
48427, 108, 6.5248847
48428, 112, 42.27252
48429, 112, 88.19067
48430, 112, 126.13147
48431, 111, 1.5011787
48432, 108, 5.6886616
48433, 107, 64.25069
48434, 102, 53.243298
48435, 108, 62.136635
48436, 112, 5.411258
48437, 100, 79.382545
48438, 111, 123.86622
48439, 113, 107.21095
48440, 102, 129.88898
48441, 101, 112.002426
48442, 109, 19.852415
48443, 109, 145.46465
48444, 119, 126.31541
48445, 107, 91.56429
48446, 104, 29.201014
48447, 108, 135.97934
48448, 115, 37.207542
48449, 118, 47.7559
48450, 103, 51.480255
48451, 114, 5.570519
48452, 114, 120.17193
48453, 115, 78.02713
48454, 119, 81.80166
48455, 118, 138.91394
48456, 114, 39.839046
48457, 108, 59.992165
48458, 107, 110.447136
48459, 101, 77.451385
48460, 105, 98.736404
48461, 103, 135.96303
48462, 116, 15.788341
48463, 102, 21.546291
48464, 101, 47.313683
48465, 112, 12.072023
48466, 107, 30.155602
48467, 113, 11.420998
48468, 114, 14.466843
48469, 117, 114.742775
48470, 101, 12.661618
48471, 110, 91.43637
48472, 113, 119.13257
48473, 116, 144.36824
48474, 106, 127.62359
48475, 117, 65.71182
48476, 103, 132.8381
48477, 103, 149.48059
48478, 108, 127.77136
48479, 108, 41.488766
48480, 116, 95.92734
48481, 116, 12.621448
48482, 109, 128.04164
48483, 106, 57.674038
48484, 106, 81.61873
48485, 102, 3.9508045
48486, 118, 63.873966
48487, 104, 107.391304
48488, 113, 108.703415
48489, 113, 51.330505
48490, 104, 24.230692
48491, 102, 72.97898
48492, 103, 117.104485
48493, 102, 91.08876
48494, 109, 35.119022
48495, 118, 115.54616
48496, 116, 141.56705
48497, 114, 38.115467
48498, 104, 7.0201545
48499, 103, 143.53023
48500, 117, 119.659874
48501, 104, 113.823715
48502, 103, 39.76764
48503, 112, 2.1875114
48504, 104, 29.248104
48505, 102, 23.67552
48506, 101, 142.72954
48507, 100, 85.7819
48508, 115, 91.121284
48509, 111, 123.7443
48510, 117, 130.6029
48511, 116, 36.28857
48512, 118, 95.974464
48513, 119, 48.089905
48514, 100, 104.81654
48515, 109, 84.57596
48516, 100, 120.1711
48517, 115, 6.085789
48518, 110, 14.410848
48519, 100, 50.798347
48520, 111, 45.231514
48521, 104, 75.779495
48522, 108, 76.05076
48523, 116, 10.104454
48524, 110, 27.609274
48525, 114, 0.48666
48526, 115, 120.16106
48527, 102, 55.308537
48528, 112, 86.71281
48529, 116, 59.558872
48530, 104, 37.285164
48531, 104, 123.237076
48532, 108, 32.3894
48533, 102, 144.16077
48534, 103, 48.17469
48535, 102, 32.18895
48536, 108, 23.25992
48537, 109, 97.13943
48538, 116, 69.52311
48539, 100, 18.615326
48540, 117, 5.1784782
48541, 102, 22.586712
48542, 110, 82.1126
48543, 119, 43.89901
48544, 105, 84.774025
48545, 106, 90.76201
48546, 110, 103.43816
48547, 118, 64.06543
48548, 119, 92.53577
48549, 115, 84.866196
48550, 101, 56.579975
48551, 101, 21.171856
48552, 103, 136.23781
48553, 111, 126.87791
48554, 116, 12.592274
48555, 116, 101.6276
48556, 116, 139.26082
48557, 113, 55.837406
48558, 113, 0.10380149
48559, 114, 43.892036
48560, 105, 110.45286
48561, 112, 70.958145
48562, 103, 138.44884
48563, 103, 103.80121
48564, 114, 27.64635
48565, 117, 90.16118
48566, 115, 109.758736
48567, 110, 40.538506
48568, 110, 41.445877
48569, 110, 70.807465
48570, 107, 126.962944
48571, 102, 128.62378
48572, 109, 116.854126
48573, 112, 144.50551
48574, 113, 90.63639
48575, 101, 43.13465
48576, 114, 144.39043
48577, 109, 30.278984
48578, 105, 89.88881
48579, 118, 68.94211
48580, 110, 111.380135
48581, 103, 134.03203
48582, 114, 103.899345
48583, 116, 21.791277
48584, 108, 97.156136
48585, 104, 63.473377
48586, 115, 43.50938
48587, 102, 71.26919
48588, 104, 53.03208
48589, 104, 134.70584
48590, 100, 85.51497
48591, 111, 124.18098
48592, 105, 136.27164
48593, 103, 25.917345
48594, 104, 66.36321
48595, 106, 79.163155
48596, 112, 53.51268
48597, 112, 36.56891
48598, 112, 61.729145
48599, 108, 114.336235
48600, 113, 112.43358
48601, 109, 61.758415
48602, 103, 102.76363
48603, 106, 55.726086
48604, 101, 101.03174
48605, 109, 64.13075
48606, 100, 135.79712
48607, 112, 33.105255
48608, 104, 47.45922
48609, 102, 23.697298
48610, 119, 35.182858
48611, 100, 112.76031
48612, 109, 130.93869
48613, 100, 56.740345
48614, 112, 148.00398
48615, 101, 90.85484
48616, 118, 41.23114
48617, 118, 128.35458
48618, 112, 44.70697
48619, 118, 136.86238
48620, 114, 53.04014
48621, 115, 60.385868
48622, 114, 145.04051
48623, 105, 73.59887
48624, 119, 124.87101
48625, 103, 16.153559
48626, 102, 21.78702
48627, 103, 32.069572
48628, 112, 64.12622
48629, 110, 67.75507
48630, 112, 40.13787
48631, 108, 80.37369
48632, 118, 101.10635
48633, 108, 63.573853
48634, 104, 40.273216
48635, 101, 12.986156
48636, 112, 106.57631
48637, 102, 40.285984
48638, 100, 12.201056
48639, 112, 101.412766
48640, 109, 143.05956
48641, 113, 69.1065
48642, 109, 99.71606
48643, 114, 119.75585
48644, 115, 45.123024
48645, 117, 120.40687
48646, 107, 134.74597
48647, 117, 95.176674
48648, 114, 64.91116
48649, 113, 65.407555
48650, 112, 33.339687
48651, 119, 61.50561
48652, 110, 29.24004
48653, 110, 66.83449
48654, 108, 125.144356
48655, 102, 129.02287
48656, 118, 29.800924
48657, 107, 13.075036
48658, 119, 67.57193
48659, 105, 118.880684
48660, 100, 147.9283
48661, 111, 8.569926
48662, 112, 49.02734
48663, 113, 132.57997
48664, 100, 60.928272
48665, 105, 44.96421
48666, 113, 68.139305
48667, 111, 36.29704
48668, 115, 71.30127
48669, 116, 71.64636
48670, 109, 149.72879
48671, 104, 80.67418
48672, 115, 4.4219074
48673, 107, 78.80402
48674, 106, 112.043625
48675, 100, 34.46029
48676, 100, 132.64651
48677, 103, 111.76461
48678, 105, 43.05414
48679, 102, 75.564995
48680, 108, 50.00343
48681, 117, 65.58369
48682, 117, 48.68574
48683, 114, 32.733135
48684, 103, 110.79998
48685, 112, 35.78793
48686, 119, 111.721596
48687, 101, 107.30268
48688, 103, 35.58901
48689, 116, 143.0583
48690, 106, 57.057068
48691, 114, 20.859978
48692, 115, 125.437546
48693, 106, 135.59953
48694, 103, 21.296293
48695, 101, 52.6713
48696, 118, 43.716038
48697, 118, 69.467445
48698, 109, 69.3755
48699, 118, 26.278576
48700, 116, 21.208593
48701, 100, 147.06842
48702, 114, 35.770565
48703, 102, 39.573357
48704, 119, 9.027251
48705, 100, 93.96056
48706, 105, 80.830185
48707, 110, 77.86662
48708, 106, 58.066025
48709, 109, 30.374918
48710, 104, 111.02566
48711, 115, 31.416527
48712, 109, 83.53721
48713, 102, 38.841347
48714, 118, 147.52362
48715, 115, 50.14427
48716, 108, 16.127829
48717, 102, 37.502827
48718, 107, 51.45878
48719, 111, 11.043387
48720, 116, 146.93909
48721, 105, 109.13262
48722, 108, 81.92357
48723, 107, 144.3658
48724, 108, 39.17425
48725, 112, 90.553825
48726, 101, 34.571682
48727, 101, 52.959896
48728, 117, 1.753664
48729, 107, 28.404406
48730, 108, 73.06732
48731, 111, 141.15761
48732, 112, 36.640556
48733, 111, 88.2831
48734, 115, 85.1249
48735, 116, 134.4743
48736, 111, 14.8162
48737, 108, 69.1023
48738, 100, 69.434235
48739, 109, 131.10184
48740, 111, 143.97165
48741, 111, 97.47973
48742, 118, 146.04703
48743, 100, 4.7674747
48744, 105, 19.840569
48745, 105, 136.39218
48746, 100, 74.68658
48747, 117, 19.973177
48748, 117, 57.65679
48749, 101, 40.614895
48750, 107, 85.49598
48751, 110, 137.17737
48752, 109, 65.01601
48753, 113, 98.07083
48754, 111, 64.08292
48755, 114, 35.293087
48756, 108, 100.031456
48757, 103, 46.193398
48758, 102, 31.715307
48759, 119, 121.51866
48760, 111, 116.10397
48761, 117, 136.08485
48762, 113, 118.94873
48763, 108, 105.81918
48764, 111, 101.57921
48765, 114, 140.41649
48766, 109, 39.06913
48767, 114, 114.541824
48768, 111, 40.470367
48769, 118, 52.732937
48770, 114, 79.43532
48771, 110, 55.702194
48772, 104, 92.29258
48773, 117, 80.78092
48774, 118, 78.68605
48775, 103, 116.81838
48776, 104, 12.820271
48777, 112, 20.850859
48778, 106, 22.650156
48779, 112, 81.19515
48780, 113, 123.485115
48781, 103, 8.90336
48782, 119, 79.887924
48783, 111, 40.362186
48784, 108, 9.09377
48785, 110, 105.98711
48786, 117, 43.182045
48787, 105, 102.07848
48788, 102, 40.107162
48789, 101, 41.290684
48790, 108, 132.36371
48791, 111, 69.307014
48792, 100, 130.40065
48793, 113, 133.03342
48794, 106, 11.493095
48795, 110, 47.51097
48796, 109, 77.187996
48797, 109, 109.21918
48798, 114, 60.75699
48799, 106, 39.775364
48800, 108, 30.051443
48801, 115, 81.17298
48802, 100, 19.348892
48803, 107, 2.9925942
48804, 101, 81.14434
48805, 104, 122.49685
48806, 103, 116.48651
48807, 112, 17.88329
48808, 108, 106.30262
48809, 118, 126.46434
48810, 111, 50.268574
48811, 115, 31.550735
48812, 103, 102.44916
48813, 103, 57.36949
48814, 117, 2.0462394
48815, 109, 19.961554
48816, 111, 47.96664
48817, 112, 101.41258
48818, 117, 68.099205
48819, 107, 97.08635
48820, 107, 123.34292
48821, 103, 55.88784
48822, 114, 49.050602
48823, 116, 63.401665
48824, 109, 96.50293
48825, 107, 98.40789
48826, 109, 41.172455
48827, 118, 71.07521
48828, 119, 6.4374804
48829, 119, 47.358387
48830, 118, 105.30771
48831, 112, 4.918447
48832, 111, 148.74408
48833, 116, 1.6532958
48834, 104, 68.79099
48835, 101, 79.16306
48836, 114, 26.600477
48837, 102, 20.97043
48838, 119, 90.69417
48839, 115, 71.774345
48840, 106, 99.616974
48841, 114, 103.16518
48842, 103, 141.41011
48843, 102, 0.29313862
48844, 118, 12.545809
48845, 100, 21.046034
48846, 107, 138.65388
48847, 114, 84.89671
48848, 112, 84.44498
48849, 115, 101.781624
48850, 112, 3.7301393
48851, 104, 62.28652
48852, 101, 72.241684
48853, 101, 92.41416
48854, 116, 146.9712
48855, 116, 35.659397
48856, 102, 102.05961
48857, 112, 73.78217
48858, 118, 85.72763
48859, 113, 127.80693
48860, 119, 98.49978
48861, 107, 25.745916
48862, 110, 26.37585
48863, 117, 112.18846
48864, 105, 147.3806
48865, 109, 75.6875
48866, 111, 57.366405
48867, 107, 6.220946
48868, 117, 97.83128
48869, 102, 134.24638
48870, 110, 91.694084
48871, 115, 17.943201
48872, 109, 111.73445
48873, 100, 58.165123
48874, 110, 143.81659
48875, 100, 71.657524
48876, 106, 89.81317
48877, 110, 23.064745
48878, 112, 53.832767
48879, 118, 8.3222065
48880, 117, 55.763958
48881, 100, 22.12319
48882, 117, 57.214664
48883, 106, 75.9128
48884, 117, 139.5693
48885, 117, 30.556753
48886, 107, 134.19899
48887, 114, 68.902725
48888, 106, 41.688465
48889, 100, 63.408054
48890, 106, 23.984974
48891, 108, 15.669643
48892, 109, 19.94166
48893, 106, 67.61771
48894, 118, 59.66802
48895, 117, 24.477715
48896, 109, 44.730457
48897, 109, 90.604416
48898, 105, 73.74381
48899, 115, 95.993195
48900, 100, 121.54407
48901, 115, 148.1517
48902, 100, 98.962746
48903, 105, 82.93119
48904, 107, 90.809425
48905, 113, 123.27779
48906, 108, 74.10962
48907, 109, 65.47928
48908, 108, 149.54152
48909, 109, 57.46453
48910, 118, 124.54117
48911, 103, 23.288574
48912, 109, 66.522156
48913, 118, 52.864113
48914, 113, 94.651054
48915, 115, 2.7957559
48916, 117, 9.329769
48917, 106, 95.732155
48918, 110, 120.44149
48919, 115, 24.835869
48920, 112, 103.53999
48921, 105, 14.996615
48922, 116, 125.41031
48923, 101, 122.89436
48924, 115, 146.42673
48925, 102, 102.38838
48926, 110, 147.50899
48927, 110, 132.58476
48928, 114, 124.33785
48929, 119, 43.830086
48930, 105, 22.605667
48931, 115, 76.90739
48932, 110, 56.65419
48933, 107, 89.25147
48934, 114, 42.69483
48935, 102, 107.78873
48936, 103, 97.364204
48937, 110, 72.97167
48938, 105, 22.255272
48939, 105, 139.02736
48940, 112, 105.1646
48941, 114, 84.37167
48942, 105, 51.002605
48943, 101, 117.14344
48944, 114, 114.19456
48945, 119, 47.3253
48946, 115, 148.39519
48947, 106, 135.78246
48948, 108, 61.88484
48949, 119, 83.714714
48950, 104, 56.196068
48951, 105, 132.06433
48952, 116, 65.66413
48953, 109, 6.7891893
48954, 114, 22.737211
48955, 118, 55.326595
48956, 119, 33.226604
48957, 114, 29.518328
48958, 105, 113.04313
48959, 104, 29.1969
48960, 118, 21.41474
48961, 110, 67.227005
48962, 112, 25.814026
48963, 117, 61.3359
48964, 107, 110.16045
48965, 106, 55.75676
48966, 103, 76.47212
48967, 112, 72.718864
48968, 104, 96.40696
48969, 107, 81.927284
48970, 106, 124.33656
48971, 101, 96.165115
48972, 110, 86.33552
48973, 117, 125.32124
48974, 102, 36.71479
48975, 105, 79.96373
48976, 114, 57.664143
48977, 114, 45.168266
48978, 104, 118.70533
48979, 113, 20.79971
48980, 101, 92.35002
48981, 114, 76.6686
48982, 101, 94.94651
48983, 101, 26.503014
48984, 100, 44.835262
48985, 108, 30.03383
48986, 111, 139.12093
48987, 110, 146.15475
48988, 116, 129.6399
48989, 109, 135.58447
48990, 108, 42.805176
48991, 102, 140.41226
48992, 117, 90.6811
48993, 110, 8.610508
48994, 115, 114.00223
48995, 107, 24.745667
48996, 115, 1.385504
48997, 116, 53.08428
48998, 117, 121.467804
48999, 101, 35.876854
49000, 111, 135.99197
49001, 112, 14.155706
49002, 103, 71.70048
49003, 107, 50.436043
49004, 114, 59.01026
49005, 115, 95.94083
49006, 102, 35.86953
49007, 109, 47.83288
49008, 101, 113.59488
49009, 112, 130.76955
49010, 105, 29.899227
49011, 106, 85.00276
49012, 103, 123.169235
49013, 117, 8.899498
49014, 105, 87.71808
49015, 102, 64.4001
49016, 109, 58.256042
49017, 109, 53.185917
49018, 112, 43.966038
49019, 106, 90.33465
49020, 100, 146.25523
49021, 119, 111.11877
49022, 119, 61.16412
49023, 105, 20.889902
49024, 118, 140.78401
49025, 116, 139.69608
49026, 112, 49.28528
49027, 117, 110.69835
49028, 109, 7.3457212
49029, 112, 43.119576
49030, 110, 136.02617
49031, 111, 17.13614
49032, 110, 78.54225
49033, 112, 24.447208
49034, 101, 124.37289
49035, 118, 143.21371
49036, 103, 97.00731
49037, 119, 141.2378
49038, 107, 46.394806
49039, 115, 12.264713
49040, 102, 121.998405
49041, 110, 79.08974
49042, 118, 13.952914
49043, 118, 8.708507
49044, 117, 50.812
49045, 110, 118.50343
49046, 109, 50.646294
49047, 112, 144.8465
49048, 101, 106.88172
49049, 101, 38.188057
49050, 114, 19.169373
49051, 108, 99.83993
49052, 114, 11.954016
49053, 102, 59.676647
49054, 111, 20.795425
49055, 112, 12.77824
49056, 111, 94.80225
49057, 119, 28.473831
49058, 102, 149.13518
49059, 116, 60.09717
49060, 110, 104.568184
49061, 104, 98.22325
49062, 117, 32.890606
49063, 111, 66.56747
49064, 111, 23.764301
49065, 118, 28.637257
49066, 110, 145.44824
49067, 105, 63.20816
49068, 114, 0.82392097
49069, 119, 16.07759
49070, 105, 48.45079
49071, 101, 145.67496
49072, 104, 117.89554
49073, 116, 84.16226
49074, 105, 18.88698
49075, 102, 143.19182
