105716, 118, 54.564804
105717, 101, 41.885017
105718, 103, 116.16527
105719, 101, 59.74277
105720, 104, 64.59106
105721, 117, 134.01128
105722, 113, 127.17901
105723, 101, 114.530876
105724, 104, 146.82758
105725, 109, 59.92181
105726, 119, 45.84977
105727, 118, 114.2715
105728, 105, 120.062096
105729, 117, 149.0144
105730, 107, 13.589323
105731, 116, 129.5224
105732, 110, 108.89364
105733, 108, 98.24005
105734, 106, 86.42476
105735, 102, 0.6158352
105736, 104, 119.40069
105737, 114, 121.88606
105738, 105, 77.33375
105739, 118, 137.05028
105740, 103, 19.196499
105741, 100, 38.199394
105742, 108, 36.29473
105743, 106, 138.45705
105744, 106, 82.4706
105745, 110, 51.46736
105746, 108, 81.04135
105747, 109, 122.539505
105748, 118, 21.36131
105749, 118, 0.6204128
105750, 106, 145.00478
105751, 107, 118.40688
105752, 112, 96.26001
105753, 110, 71.79906
105754, 100, 86.8409
105755, 114, 148.85957
105756, 116, 41.09431
105757, 107, 132.27084
105758, 117, 1.2829542
105759, 101, 63.75314
105760, 108, 52.597977
105761, 113, 35.456802
105762, 105, 19.086233
105763, 110, 19.701307
105764, 118, 100.02469
105765, 106, 149.79956
105766, 119, 54.04904
105767, 100, 93.305176
105768, 112, 82.50654
105769, 102, 48.975376
105770, 109, 119.506874
105771, 105, 1.4077753
105772, 112, 135.11917
105773, 105, 42.51421
105774, 117, 121.37486
105775, 114, 47.84401
105776, 113, 104.02354
105777, 105, 84.59062
105778, 102, 148.0981
105779, 102, 85.88748
105780, 117, 18.658983
105781, 118, 95.00371
105782, 110, 91.81968
105783, 103, 52.671566
105784, 107, 74.03089
105785, 111, 51.142876
105786, 102, 22.686419
105787, 112, 82.19553
105788, 118, 37.934723
105789, 114, 66.339775
105790, 102, 12.699329
105791, 118, 29.472193
105792, 105, 29.393711
105793, 107, 10.584506
105794, 112, 82.09122
105795, 114, 145.66179
105796, 108, 91.391106
105797, 113, 102.19623
105798, 100, 5.787501
105799, 100, 111.59169
105800, 115, 44.91967
105801, 111, 52.518948
105802, 116, 41.51753
105803, 113, 28.549397
105804, 106, 111.49954
105805, 119, 99.12186
105806, 112, 65.5449
105807, 115, 110.811
105808, 110, 6.1513243
105809, 117, 3.3243477
105810, 116, 46.042995
105811, 114, 149.84128
105812, 107, 87.33595
105813, 106, 40.866627
105814, 101, 39.75116
105815, 100, 133.64163
105816, 112, 60.9947
105817, 118, 85.49766
105818, 113, 1.2116611
105819, 104, 82.09554
105820, 106, 48.218884
105821, 113, 59.899063
105822, 115, 86.34188
105823, 119, 110.26733
105824, 119, 79.22807
105825, 110, 51.632435
105826, 118, 11.09494
105827, 111, 87.428345
105828, 114, 70.99279
105829, 111, 43.131744
105830, 103, 120.26914
105831, 103, 1.9091338
105832, 104, 89.03987
105833, 100, 118.522194
105834, 113, 5.6381373
105835, 104, 43.737003
105836, 119, 144.98666
105837, 102, 103.82181
105838, 109, 15.3316765
105839, 116, 50.688545
105840, 112, 139.33485
105841, 100, 135.79494
105842, 116, 49.819313
105843, 104, 123.87378
105844, 114, 136.06555
105845, 104, 19.838406
105846, 119, 54.673283
105847, 110, 7.6293917
105848, 101, 41.49506
105849, 100, 61.444187
105850, 101, 42.988667
105851, 111, 115.830505
105852, 113, 124.670395
105853, 103, 14.984697
105854, 113, 20.87363
105855, 100, 57.601254
105856, 101, 72.21213
105857, 104, 6.582427
105858, 117, 41.23273
105859, 103, 12.01432
105860, 115, 145.72705
105861, 101, 8.148247
105862, 105, 50.44048
105863, 104, 37.085625
105864, 107, 24.849361
105865, 104, 37.155785
105866, 102, 70.85707
105867, 104, 148.73337
105868, 106, 38.89003
105869, 115, 149.09198
105870, 117, 83.12509
105871, 101, 85.24111
105872, 112, 82.50204
105873, 102, 16.081175
105874, 101, 75.323875
105875, 104, 135.85442
105876, 101, 6.470248
105877, 104, 42.43023
105878, 110, 62.35402
105879, 117, 126.93631
105880, 101, 127.87192
105881, 109, 73.03214
105882, 105, 54.507404
105883, 114, 40.640312
105884, 105, 73.53744
105885, 107, 95.820404
105886, 118, 73.231926
105887, 101, 95.97838
105888, 107, 89.72907
105889, 104, 136.46384
105890, 105, 17.106503
105891, 107, 147.4705
105892, 110, 78.283455
105893, 100, 137.39838
105894, 119, 32.745354
105895, 102, 109.12793
105896, 105, 126.2651
105897, 107, 92.502525
105898, 111, 33.836765
105899, 104, 126.94201
105900, 104, 41.054382
105901, 108, 93.7621
105902, 107, 80.16795
105903, 107, 49.430958
105904, 115, 44.90844
105905, 109, 10.99054
105906, 107, 102.59981
105907, 110, 134.81693
105908, 101, 74.22077
105909, 117, 39.824707
105910, 109, 100.08523
105911, 110, 62.89147
105912, 106, 59.435795
105913, 115, 65.37344
105914, 106, 72.63969
105915, 115, 43.17238
105916, 118, 95.580215
105917, 105, 90.888504
105918, 115, 120.80182
105919, 112, 39.58077
105920, 100, 41.898064
105921, 110, 19.557837
105922, 119, 61.151863
105923, 118, 61.062733
105924, 117, 68.53405
105925, 111, 1.504299
105926, 103, 31.563564
105927, 117, 24.723057
105928, 103, 68.2471
105929, 114, 95.887985
105930, 119, 69.37309
105931, 117, 146.86212
105932, 109, 102.744255
105933, 115, 98.03871
105934, 110, 69.21903
105935, 119, 134.95837
105936, 108, 127.24082
105937, 102, 29.889482
105938, 100, 59.961613
105939, 116, 121.444046
105940, 117, 18.077007
105941, 107, 132.10179
105942, 119, 102.42974
105943, 106, 36.872013
105944, 104, 117.256355
105945, 100, 140.343
105946, 106, 124.00677
105947, 112, 47.635807
105948, 104, 79.58807
105949, 108, 116.68777
105950, 117, 25.070349
105951, 104, 79.80343
105952, 105, 48.51734
105953, 116, 99.96008
105954, 119, 91.32012
105955, 115, 51.423008
105956, 109, 121.33038
105957, 101, 124.86011
105958, 105, 15.900215
105959, 101, 81.27452
105960, 114, 74.58992
105961, 106, 66.8809
105962, 118, 107.77977
105963, 113, 72.222015
105964, 115, 115.83564
105965, 106, 73.85017
105966, 108, 41.809944
105967, 104, 91.94965
105968, 112, 32.586838
105969, 115, 132.06442
105970, 119, 92.6784
105971, 107, 28.624275
105972, 109, 110.51179
105973, 102, 2.7019591
105974, 119, 144.75734
105975, 106, 4.4590473
105976, 109, 12.579721
105977, 113, 145.64098
105978, 105, 126.23734
105979, 106, 89.77526
105980, 102, 88.520676
105981, 116, 13.231524
105982, 117, 110.65527
105983, 111, 132.94446
105984, 114, 132.45493
105985, 105, 51.097538
105986, 102, 149.45317
105987, 111, 53.527077
105988, 111, 29.374739
105989, 108, 148.69998
105990, 114, 103.18699
105991, 104, 90.31519
105992, 103, 21.488482
105993, 106, 71.574646
105994, 104, 55.780853
105995, 103, 32.972584
105996, 115, 27.816278
105997, 108, 135.91753
105998, 119, 97.882195
105999, 104, 30.73706
106000, 108, 63.009094
106001, 116, 136.93614
106002, 102, 139.27576
106003, 111, 124.98691
106004, 116, 92.216064
106005, 109, 91.40591
106006, 118, 3.8287015
106007, 104, 130.78766
106008, 110, 71.27875
106009, 101, 101.39746
106010, 108, 88.90821
106011, 104, 97.08515
106012, 106, 79.94522
106013, 100, 128.51761
106014, 119, 64.81299
106015, 103, 8.337888
106016, 118, 142.84314
106017, 107, 96.24444
106018, 111, 139.64699
106019, 119, 28.727173
106020, 113, 102.85489
106021, 101, 38.968563
106022, 112, 134.20386
106023, 111, 30.211159
106024, 101, 148.24153
106025, 105, 76.7779
106026, 104, 131.12346
106027, 111, 82.94726
106028, 101, 83.55117
106029, 118, 101.658714
106030, 107, 15.73197
106031, 105, 73.15655
106032, 104, 5.195546
106033, 118, 60.14437
106034, 111, 2.1225035
106035, 105, 146.29428
106036, 111, 129.32272
106037, 113, 16.64663
106038, 111, 42.030125
106039, 118, 80.65233
106040, 117, 77.41913
106041, 116, 136.87271
106042, 119, 12.244713
106043, 100, 100.26833
106044, 108, 9.621888
106045, 116, 14.583546
106046, 111, 104.58363
106047, 116, 9.494501
106048, 113, 50.194046
106049, 113, 111.40295
106050, 115, 2.5470078
106051, 101, 90.74455
106052, 103, 30.08633
106053, 108, 22.000908
106054, 110, 9.067932
106055, 119, 107.05869
106056, 119, 146.22041
106057, 116, 147.93182
106058, 102, 75.47598
106059, 100, 0.956288
106060, 104, 149.2224
106061, 104, 117.62966
106062, 115, 23.271551
106063, 118, 147.68933
106064, 110, 51.834072
106065, 107, 54.22639
106066, 110, 60.849827
106067, 112, 37.786076
106068, 105, 49.21446
106069, 119, 29.559034
106070, 116, 137.97052
106071, 113, 115.00777
106072, 100, 11.44478
106073, 114, 16.404095
106074, 105, 35.85831
106075, 115, 64.16675
106076, 102, 76.93022
106077, 101, 137.151
106078, 104, 119.82401
106079, 107, 103.65164
106080, 110, 15.290353
106081, 108, 4.830086
106082, 105, 142.31529
106083, 105, 142.25513
106084, 103, 145.46498
106085, 114, 20.924673
106086, 117, 93.36292
106087, 111, 61.467827
106088, 103, 109.067505
106089, 103, 81.51219
106090, 106, 149.90068
106091, 101, 104.0286
106092, 112, 58.424217
106093, 106, 75.34339
106094, 119, 43.09069
106095, 114, 45.1252
106096, 109, 132.75038
106097, 112, 115.36945
106098, 119, 75.08519
106099, 105, 28.457434
106100, 116, 47.895866
106101, 103, 47.246136
106102, 105, 123.46965
106103, 114, 130.30249
106104, 108, 8.1597
106105, 114, 104.753525
106106, 108, 74.24306
106107, 109, 38.76518
106108, 106, 61.416454
106109, 103, 20.472569
106110, 105, 128.6376
106111, 119, 28.956047
106112, 114, 73.62266
106113, 116, 74.229385
