12278, 116, 2.7442842
12279, 100, 46.161434
12280, 109, 98.703156
12281, 111, 45.592842
12282, 117, 69.66062
12283, 118, 54.261402
12284, 100, 106.98435
12285, 104, 8.7282295
12286, 100, 75.80412
12287, 117, 104.8809
12288, 101, 25.78986
12289, 106, 91.63976
12290, 109, 43.877552
12291, 117, 44.49791
12292, 114, 37.234818
12293, 107, 88.60649
12294, 113, 76.68352
12295, 102, 78.9516
12296, 111, 96.52794
12297, 104, 31.471958
12298, 103, 17.795776
12299, 114, 141.70816
12300, 114, 54.28024
12301, 101, 57.49046
12302, 111, 53.866215
12303, 117, 46.400776
12304, 112, 103.92274
12305, 102, 143.15024
12306, 118, 36.483032
12307, 102, 26.251745
12308, 116, 32.091095
12309, 116, 75.021255
12310, 116, 36.540833
12311, 112, 61.241688
12312, 101, 59.024593
12313, 111, 71.15453
12314, 114, 115.57211
12315, 111, 98.52644
12316, 112, 73.5063
12317, 105, 57.879826
12318, 119, 69.656334
12319, 111, 135.76169
12320, 100, 73.93281
12321, 103, 129.46043
12322, 116, 72.093346
12323, 115, 13.743361
12324, 117, 19.511791
12325, 111, 47.204376
12326, 109, 0.51738024
12327, 105, 23.150665
12328, 108, 24.947655
12329, 103, 54.246033
12330, 112, 30.251724
12331, 119, 49.46539
12332, 118, 5.8312473
12333, 110, 73.04793
12334, 106, 133.60277
12335, 105, 78.40317
12336, 116, 42.933197
12337, 113, 49.90493
12338, 102, 122.58969
12339, 113, 29.305655
12340, 108, 21.436787
12341, 103, 22.313583
12342, 113, 89.83082
12343, 115, 25.025528
12344, 112, 11.204722
12345, 113, 91.27608
12346, 106, 114.8286
12347, 106, 111.70358
12348, 115, 30.83666
12349, 109, 64.6015
12350, 101, 143.10506
12351, 110, 108.13356
12352, 108, 12.60758
12353, 100, 106.24548
12354, 103, 143.26297
12355, 118, 86.219894
12356, 103, 38.0476
12357, 111, 72.41398
12358, 110, 48.896706
12359, 117, 72.04448
12360, 109, 112.192894
12361, 117, 99.029594
12362, 105, 35.236027
12363, 108, 61.738014
12364, 104, 5.7893066
12365, 107, 56.84376
12366, 102, 107.73445
12367, 117, 32.20583
12368, 101, 142.30594
12369, 112, 38.133923
12370, 103, 148.46074
12371, 104, 121.76326
12372, 104, 31.569395
12373, 101, 112.92125
12374, 117, 74.57906
12375, 101, 133.88065
12376, 119, 104.390076
12377, 111, 38.946087
12378, 107, 144.92784
12379, 108, 48.060913
12380, 118, 139.2689
12381, 111, 16.345383
12382, 111, 126.77962
12383, 115, 20.324091
12384, 112, 75.92271
12385, 114, 103.63354
12386, 103, 39.045864
12387, 105, 1.7192155
12388, 111, 74.06526
12389, 114, 134.06165
12390, 107, 91.17194
12391, 100, 95.685684
12392, 100, 117.4944
12393, 105, 19.91973
12394, 117, 48.734085
12395, 101, 100.5334
12396, 100, 15.506959
12397, 114, 135.85847
12398, 105, 141.0249
12399, 115, 103.43247
12400, 111, 137.90804
12401, 103, 71.762924
12402, 114, 85.10669
12403, 117, 51.423027
12404, 101, 127.60823
12405, 113, 135.5864
12406, 106, 50.967415
12407, 108, 74.859985
12408, 102, 56.77178
12409, 115, 6.288135
12410, 109, 1.7526805
12411, 115, 100.70421
12412, 105, 104.80007
12413, 102, 144.62221
12414, 112, 101.1497
12415, 105, 20.1342
12416, 104, 141.07426
12417, 100, 20.518917
12418, 117, 42.042114
12419, 118, 89.323944
12420, 111, 38.57965
12421, 119, 45.808884
12422, 101, 88.64265
12423, 113, 26.750145
12424, 102, 55.234238
12425, 118, 64.64072
12426, 113, 64.925865
12427, 114, 10.339808
12428, 115, 65.34211
12429, 106, 31.041553
12430, 113, 41.416615
12431, 101, 78.77667
12432, 119, 132.83115
12433, 100, 97.49174
12434, 102, 71.679016
12435, 119, 121.22169
12436, 105, 149.93954
12437, 116, 144.2501
12438, 103, 122.4343
12439, 106, 135.62909
12440, 104, 143.867
12441, 106, 16.507404
12442, 102, 57.224197
12443, 100, 76.18877
12444, 111, 50.694958
12445, 110, 64.46627
12446, 108, 59.039642
12447, 108, 12.68051
12448, 114, 61.83198
12449, 104, 0.24038851
12450, 107, 86.586174
12451, 112, 76.185295
12452, 111, 116.7702
12453, 117, 37.778423
12454, 112, 118.449844
12455, 108, 74.45887
12456, 112, 93.548836
12457, 111, 53.64798
12458, 101, 94.35467
12459, 106, 117.2463
12460, 107, 75.02831
12461, 101, 123.22369
12462, 113, 54.816753
12463, 114, 49.0129
12464, 104, 21.345959
12465, 119, 62.42626
12466, 111, 76.25197
12467, 118, 128.47185
12468, 106, 89.2676
12469, 104, 31.875006
12470, 104, 148.31204
12471, 119, 58.461266
12472, 119, 74.98795
12473, 111, 18.876617
12474, 106, 12.274673
12475, 112, 73.69617
12476, 101, 126.30824
12477, 116, 94.03328
12478, 119, 11.174109
12479, 109, 102.68493
12480, 106, 11.688852
12481, 109, 33.18412
12482, 108, 48.288353
12483, 100, 0.47884583
12484, 115, 136.19606
12485, 101, 38.431503
12486, 103, 7.6191993
12487, 119, 48.78874
12488, 109, 85.907906
12489, 100, 94.41677
12490, 101, 99.69613
12491, 110, 92.76714
12492, 110, 120.14278
12493, 114, 135.5259
12494, 115, 26.528254
12495, 106, 147.30379
12496, 102, 16.21364
12497, 111, 56.123577
12498, 109, 104.30312
12499, 104, 15.860107
12500, 114, 82.03837
12501, 115, 108.28901
12502, 109, 21.265654
12503, 116, 5.301082
12504, 119, 4.160133
12505, 112, 139.10974
12506, 107, 17.95265
12507, 106, 130.08575
12508, 105, 131.9659
12509, 110, 5.2926064
12510, 102, 50.467613
12511, 105, 29.085472
12512, 108, 142.87386
12513, 108, 74.72512
12514, 115, 98.78277
12515, 110, 121.52786
12516, 109, 35.120754
12517, 105, 85.90537
12518, 116, 104.34683
12519, 114, 7.669812
12520, 118, 122.11148
12521, 113, 66.6955
12522, 105, 126.07195
12523, 102, 48.522263
12524, 108, 136.6829
12525, 119, 85.13025
12526, 104, 113.892715
12527, 101, 125.54306
12528, 108, 75.75316
12529, 114, 108.9616
12530, 100, 5.743387
12531, 111, 78.304855
12532, 114, 55.83847
12533, 101, 77.74967
12534, 117, 105.77745
12535, 118, 136.5014
12536, 105, 89.86638
12537, 108, 20.47231
12538, 104, 124.65889
12539, 113, 74.67861
12540, 107, 27.043686
12541, 106, 27.164598
12542, 109, 67.688736
12543, 104, 74.484215
12544, 102, 51.056965
12545, 101, 57.463352
12546, 107, 7.640496
12547, 106, 108.7972
12548, 104, 13.226947
12549, 108, 71.537155
12550, 108, 110.97318
12551, 102, 22.114294
12552, 105, 41.914825
12553, 103, 112.72654
12554, 116, 128.47446
12555, 104, 135.61247
12556, 105, 81.84008
12557, 105, 131.02304
12558, 116, 131.6984
12559, 110, 72.54653
12560, 103, 6.6069694
12561, 110, 1.2711525
12562, 106, 129.83081
12563, 110, 106.45031
12564, 104, 18.649078
12565, 111, 28.067736
12566, 118, 7.052904
12567, 117, 43.61153
12568, 116, 69.01034
12569, 117, 105.405235
12570, 117, 28.652054
12571, 108, 2.572167
12572, 107, 59.603252
12573, 116, 104.08146
12574, 101, 70.03043
12575, 109, 12.479443
12576, 115, 77.3679
12577, 109, 0.68599284
12578, 105, 19.99653
12579, 116, 142.23483
12580, 101, 83.21622
12581, 112, 56.563236
12582, 105, 28.549799
12583, 100, 133.84085
12584, 103, 95.86571
12585, 119, 40.689083
12586, 109, 43.0587
12587, 110, 135.31078
12588, 113, 26.725594
12589, 118, 35.90707
12590, 116, 10.261032
12591, 109, 62.302235
12592, 109, 7.70587
12593, 102, 46.305077
12594, 116, 89.11424
12595, 104, 138.7908
12596, 104, 149.02763
12597, 101, 87.14697
12598, 112, 22.785536
12599, 116, 39.62456
12600, 104, 143.46196
12601, 101, 67.63068
12602, 109, 132.4643
12603, 118, 36.902
12604, 106, 134.22612
12605, 119, 31.008196
12606, 108, 59.747334
12607, 108, 98.17916
12608, 104, 54.655926
12609, 119, 128.57956
12610, 118, 76.72817
12611, 107, 130.08154
12612, 117, 147.71906
12613, 100, 84.688324
12614, 113, 63.804432
12615, 103, 3.0048966
12616, 108, 33.783863
12617, 116, 81.473656
12618, 102, 51.055626
12619, 114, 118.382195
12620, 100, 96.55979
12621, 117, 6.9265184
12622, 117, 44.735706
12623, 115, 126.92906
12624, 100, 14.261502
12625, 108, 135.35268
12626, 114, 21.769693
12627, 110, 119.86831
12628, 102, 128.90395
12629, 108, 44.70775
12630, 104, 143.7507
12631, 112, 39.13349
12632, 102, 126.49883
12633, 114, 31.083673
12634, 111, 119.33004
12635, 106, 67.76869
12636, 113, 33.445206
12637, 112, 5.131969
12638, 117, 134.19972
12639, 116, 82.93433
12640, 109, 6.6633406
12641, 110, 57.92276
12642, 114, 124.87626
12643, 112, 44.393383
12644, 100, 13.909668
12645, 109, 47.964764
12646, 102, 70.10243
12647, 108, 79.15659
12648, 102, 89.74746
12649, 111, 88.01832
12650, 114, 137.4264
12651, 102, 102.07558
12652, 101, 67.16045
12653, 111, 44.39822
12654, 115, 55.921947
12655, 106, 56.407555
12656, 104, 74.94536
12657, 100, 102.09289
12658, 106, 66.0658
12659, 105, 74.670975
12660, 117, 83.14236
12661, 111, 12.870518
12662, 101, 147.33215
12663, 100, 97.50737
12664, 108, 145.51198
12665, 100, 97.88188
12666, 107, 57.353344
12667, 115, 137.87852
12668, 102, 10.673815
12669, 119, 6.1813564
12670, 112, 61.596306
12671, 102, 123.37525
12672, 117, 28.252522
12673, 119, 137.85126
12674, 101, 80.356155
12675, 118, 27.167202
12676, 112, 80.75493
12677, 104, 42.409355
12678, 106, 101.45176
12679, 115, 24.731068
12680, 106, 25.795914
12681, 108, 82.70792
12682, 116, 118.06621
12683, 105, 27.011131
12684, 111, 30.928553
12685, 102, 12.0527115
12686, 109, 66.37413
12687, 106, 54.54501
12688, 117, 24.43259
12689, 104, 82.51257
12690, 119, 118.73873
12691, 101, 10.551685
12692, 109, 2.6311665
12693, 115, 149.62668
12694, 115, 76.025894
12695, 100, 111.33806
12696, 104, 52.950222
12697, 104, 84.03824
12698, 108, 125.68057
12699, 117, 121.619606
12700, 109, 67.525955
12701, 109, 138.12653
12702, 108, 75.55077
12703, 114, 145.75179
12704, 103, 59.341476
12705, 106, 9.400651
12706, 104, 69.822784
12707, 108, 104.350555
12708, 102, 51.350685
12709, 104, 147.65042
12710, 111, 37.592552
12711, 100, 51.589993
12712, 100, 86.23019
12713, 113, 22.617235
12714, 111, 127.82428
12715, 100, 100.16083
12716, 119, 99.535835
12717, 114, 125.60905
12718, 111, 142.63704
12719, 115, 141.5769
12720, 115, 100.77172
12721, 114, 29.697964
12722, 100, 43.79393
12723, 114, 66.034454
12724, 106, 101.09848
12725, 119, 24.436605
12726, 115, 68.65378
12727, 102, 49.947292
12728, 117, 110.96442
12729, 109, 141.22865
12730, 115, 102.350815
12731, 117, 135.67679
12732, 107, 123.29132
12733, 118, 31.69208
12734, 118, 124.82487
12735, 104, 29.72466
12736, 101, 86.92199
12737, 117, 2.6904345
12738, 116, 130.03339
12739, 112, 51.09011
12740, 117, 62.428093
12741, 112, 109.76269
12742, 110, 62.9654
12743, 104, 28.528797
12744, 119, 146.07799
12745, 111, 100.78822
12746, 112, 120.4297
12747, 108, 106.89615
12748, 101, 103.726326
12749, 116, 141.47589
12750, 109, 4.633203
12751, 108, 146.69017
12752, 110, 125.74095
12753, 119, 21.141386
12754, 116, 37.95357
12755, 115, 75.25322
12756, 116, 89.414925
12757, 118, 44.458492
12758, 116, 125.763115
12759, 113, 107.50527
12760, 106, 31.813734
12761, 100, 119.8241
12762, 103, 72.54029
12763, 111, 34.09682
12764, 115, 84.621086
12765, 109, 54.451473
12766, 118, 88.23128
12767, 113, 43.705658
12768, 101, 20.955463
12769, 105, 68.94565
12770, 110, 89.3794
12771, 110, 139.27487
12772, 103, 109.40189
12773, 117, 105.87976
12774, 110, 97.80573
12775, 116, 10.030497
12776, 104, 63.07211
12777, 118, 61.362988
12778, 101, 4.036456
12779, 111, 102.309
12780, 113, 34.66754
12781, 110, 6.9761395
12782, 117, 69.31669
12783, 101, 37.411587
12784, 100, 4.2371035
12785, 100, 120.52593
12786, 118, 37.220745
12787, 108, 85.85874
12788, 101, 7.763976
12789, 107, 38.576736
12790, 114, 145.10403
12791, 106, 44.820786
12792, 112, 79.30572
12793, 106, 12.022394
12794, 113, 51.67645
12795, 106, 2.303177
12796, 103, 45.066307
12797, 116, 87.92047
12798, 101, 147.88434
12799, 104, 111.519455
12800, 105, 30.667135
12801, 106, 145.76549
12802, 117, 114.88571
12803, 114, 53.561363
12804, 113, 14.230209
12805, 100, 145.541
12806, 119, 89.50433
12807, 106, 54.23365
12808, 112, 118.68053
12809, 110, 120.163536
12810, 108, 142.5172
12811, 111, 29.93625
12812, 114, 1.6514719
12813, 119, 87.73004
12814, 101, 19.319872
12815, 109, 49.561295
12816, 105, 88.00305
12817, 108, 21.26568
12818, 113, 121.62798
12819, 105, 131.93616
12820, 119, 47.069916
12821, 117, 91.31751
12822, 112, 128.79205
12823, 105, 129.90645
12824, 115, 139.96805
12825, 116, 70.78035
12826, 106, 97.94445
12827, 119, 91.834145
12828, 111, 76.59202
12829, 105, 130.0624
12830, 101, 100.010895
12831, 113, 103.82627
12832, 118, 24.797514
12833, 100, 51.26365
12834, 107, 101.62205
12835, 106, 101.28163
12836, 102, 83.189926
12837, 117, 96.058136
12838, 116, 56.70477
12839, 117, 124.696106
12840, 118, 0.16478598
12841, 107, 47.11419
12842, 108, 3.381586
12843, 110, 137.22066
12844, 118, 1.2904644
12845, 101, 106.751
12846, 105, 69.37444
12847, 106, 77.48296
12848, 115, 95.04921
12849, 117, 38.346664
12850, 114, 107.14892
12851, 109, 15.009678
12852, 110, 148.18748
12853, 100, 112.01021
12854, 102, 32.450195
12855, 112, 33.075367
12856, 102, 113.86453
12857, 107, 80.59591
12858, 109, 97.86333
12859, 110, 43.49516
12860, 116, 42.65863
12861, 113, 87.99404
12862, 119, 135.0746
12863, 103, 38.998898
12864, 102, 143.68799
12865, 118, 12.8629265
12866, 111, 105.85925
12867, 100, 74.900406
12868, 112, 124.57602
12869, 118, 31.311634
12870, 106, 126.4659
12871, 110, 22.028759
12872, 113, 21.372627
12873, 113, 32.704266
12874, 115, 2.5773525
12875, 104, 104.80764
12876, 111, 137.05927
12877, 108, 17.684385
12878, 110, 7.508817
12879, 100, 107.74967
12880, 107, 115.77852
12881, 103, 20.245626
12882, 116, 126.52402
12883, 109, 39.033302
12884, 111, 75.06616
12885, 102, 43.503357
12886, 119, 23.257086
12887, 110, 28.735077
12888, 119, 49.27309
12889, 106, 83.41844
12890, 101, 118.65912
12891, 117, 94.12475
12892, 115, 138.47453
12893, 104, 10.202747
12894, 103, 25.193739
12895, 111, 144.0424
12896, 109, 98.93679
12897, 101, 17.02592
12898, 117, 73.413895
12899, 117, 124.58298
12900, 118, 104.296196
12901, 100, 80.24346
12902, 103, 16.20528
12903, 117, 142.41005
12904, 108, 143.52728
12905, 115, 117.5419
12906, 117, 80.64658
12907, 116, 148.26588
12908, 112, 95.92849
12909, 109, 46.15828
12910, 114, 137.38054
12911, 102, 23.693016
12912, 111, 111.380875
12913, 115, 120.270706
12914, 119, 90.98313
12915, 115, 34.95504
12916, 101, 69.602936
12917, 110, 0.5316138
12918, 100, 67.88169
12919, 109, 93.91601
12920, 103, 102.20634
12921, 114, 111.95605
12922, 107, 24.013084
12923, 116, 26.881107
12924, 107, 84.63717
12925, 118, 106.31224
12926, 111, 70.63194
12927, 114, 45.90456
12928, 105, 63.11205
12929, 107, 106.17064
12930, 109, 145.47205
12931, 115, 34.389202
12932, 100, 139.1112
12933, 114, 135.73466
12934, 102, 104.45547
12935, 119, 62.894627
12936, 117, 139.6895
12937, 102, 115.36593
12938, 117, 47.160378
12939, 102, 6.021175
12940, 109, 21.52123
12941, 103, 74.239914
12942, 112, 66.554565
12943, 109, 96.07473
12944, 111, 138.40086
12945, 106, 144.21098
12946, 114, 118.11006
12947, 117, 107.717735
12948, 108, 80.981064
12949, 100, 24.950731
12950, 108, 29.662308
12951, 106, 54.99848
12952, 110, 22.968328
12953, 111, 96.75234
12954, 118, 119.78813
12955, 105, 57.580723
12956, 106, 93.333496
12957, 107, 97.59544
12958, 117, 19.440947
12959, 110, 41.96424
12960, 108, 107.09892
12961, 112, 55.924747
12962, 101, 45.1317
12963, 103, 33.422203
12964, 111, 31.94747
12965, 112, 137.2406
12966, 107, 4.3843565
12967, 112, 74.2717
12968, 108, 46.06315
12969, 100, 27.45502
12970, 117, 10.983896
12971, 107, 93.819725
12972, 103, 48.190193
12973, 117, 139.12137
12974, 106, 73.15237
12975, 106, 79.8972
12976, 114, 42.29309
12977, 113, 148.40674
12978, 116, 33.26548
12979, 104, 42.323612
12980, 110, 68.99949
12981, 119, 50.317703
12982, 118, 102.15106
12983, 102, 73.34018
12984, 118, 52.142323
12985, 109, 121.245575
12986, 105, 76.930725
12987, 109, 139.8487
12988, 107, 78.23365
12989, 112, 127.83884
12990, 100, 87.70155
12991, 117, 18.094727
12992, 116, 18.063301
12993, 107, 127.254654
12994, 110, 19.13209
12995, 105, 94.15508
12996, 107, 103.96066
12997, 118, 115.867645
12998, 102, 93.227715
12999, 117, 108.41589
13000, 100, 58.254074
13001, 107, 20.755783
13002, 104, 92.479614
13003, 107, 123.561554
13004, 106, 84.85783
13005, 112, 143.18098
13006, 116, 139.87082
13007, 108, 135.40193
13008, 108, 29.677221
13009, 105, 136.81055
13010, 117, 109.94605
13011, 113, 128.64946
13012, 112, 117.805336
13013, 106, 57.009975
13014, 102, 141.40729
13015, 111, 75.29506
13016, 118, 37.626915
13017, 100, 148.18997
13018, 110, 120.669365
13019, 117, 102.81862
13020, 112, 105.21996
13021, 106, 46.69938
13022, 112, 105.71163
13023, 102, 48.845726
13024, 119, 141.16704
13025, 115, 25.144995
13026, 119, 36.2176
13027, 102, 1.7426491
13028, 106, 48.61063
13029, 102, 58.68212
13030, 104, 26.461914
13031, 115, 106.07424
13032, 114, 25.278372
13033, 115, 124.033
13034, 111, 118.74577
13035, 113, 147.28783
13036, 109, 88.03555
13037, 105, 22.115725
13038, 112, 16.99437
13039, 103, 10.1058035
13040, 105, 88.988144
13041, 104, 78.92364
13042, 113, 67.977806
13043, 105, 4.0606947
13044, 115, 72.66468
13045, 107, 41.961506
13046, 110, 81.30534
13047, 101, 4.0865602
13048, 116, 69.37404
13049, 112, 38.962788
13050, 111, 132.27348
13051, 117, 148.11015
13052, 117, 130.17566
13053, 103, 4.2542877
13054, 102, 101.732666
13055, 106, 50.839733
13056, 114, 136.40765
13057, 109, 2.7163088
13058, 114, 26.174255
13059, 102, 68.82471
13060, 100, 23.79206
13061, 115, 4.545146
13062, 118, 24.261618
13063, 113, 12.076789
13064, 107, 41.449223
13065, 112, 32.512325
13066, 114, 49.399647
13067, 117, 86.99247
13068, 102, 104.02175
13069, 116, 2.9299736
13070, 114, 106.095764
13071, 116, 14.993334
13072, 104, 85.36776
13073, 110, 105.23609
13074, 105, 107.54747
13075, 116, 6.6147656
13076, 111, 94.55048
13077, 108, 138.65752
13078, 108, 114.45697
13079, 109, 34.866108
13080, 111, 129.20811
13081, 108, 10.811493
13082, 115, 93.62931
13083, 106, 88.243416
13084, 101, 79.22182
13085, 104, 70.94436
13086, 117, 35.195454
13087, 112, 117.74283
13088, 102, 51.81217
13089, 109, 71.24096
13090, 100, 27.96783
13091, 115, 121.43623
13092, 109, 91.640594
13093, 108, 67.48069
13094, 103, 54.57672
13095, 101, 85.56665
13096, 114, 54.54608
13097, 118, 50.05204
13098, 118, 37.22224
13099, 102, 65.15347
13100, 109, 106.69646
13101, 113, 44.927135
13102, 108, 120.9231
13103, 107, 12.366665
13104, 101, 94.00499
13105, 106, 106.53957
13106, 105, 105.97587
13107, 111, 135.94704
13108, 104, 70.999985
13109, 107, 81.20579
13110, 104, 97.03789
13111, 102, 88.2737
13112, 108, 66.32227
13113, 117, 116.76198
13114, 115, 37.396717
13115, 113, 125.76922
13116, 114, 32.075214
13117, 105, 47.196014
13118, 104, 136.02748
13119, 112, 89.03583
13120, 100, 95.99903
13121, 118, 17.776304
13122, 117, 70.668724
13123, 118, 8.877763
13124, 104, 97.91353
13125, 100, 45.086296
13126, 117, 102.847694
13127, 110, 130.41942
13128, 112, 27.923853
13129, 117, 125.930725
13130, 105, 36.445255
13131, 104, 21.834845
13132, 118, 146.91908
13133, 116, 102.931595
13134, 119, 99.75087
13135, 106, 24.550411
13136, 119, 141.09769
13137, 109, 137.6036
13138, 100, 47.2631
13139, 104, 142.84679
13140, 100, 32.29731
13141, 103, 138.09702
13142, 101, 100.01927
13143, 109, 4.5996666
13144, 112, 142.05101
13145, 101, 32.9338
13146, 104, 83.180115
13147, 104, 111.169395
13148, 110, 137.70917
13149, 112, 4.702726
13150, 107, 69.85291
13151, 104, 134.1156
13152, 117, 91.18471
13153, 114, 107.165405
13154, 117, 97.36882
13155, 107, 126.827515
13156, 100, 20.786486
13157, 114, 22.468275
13158, 104, 37.197723
13159, 104, 73.281715
13160, 113, 55.439587
13161, 104, 85.179665
13162, 118, 64.869705
13163, 114, 26.06535
13164, 119, 36.823914
13165, 117, 75.99378
13166, 107, 113.53746
13167, 107, 63.885284
13168, 105, 69.556915
13169, 101, 1.552105
13170, 102, 86.323944
13171, 108, 15.614989
13172, 109, 12.219233
13173, 109, 99.95782
13174, 108, 96.57323
13175, 119, 97.8112
13176, 111, 33.626022
13177, 103, 69.21288
13178, 109, 84.398094
13179, 102, 46.649624
13180, 113, 25.687042
13181, 113, 64.03686
13182, 117, 121.10483
13183, 116, 75.94272
13184, 109, 85.50948
13185, 109, 50.11164
13186, 108, 120.80337
13187, 108, 25.2084
13188, 104, 48.989235
13189, 116, 16.063892
13190, 102, 145.82175
13191, 115, 6.2028856
13192, 102, 115.07161
13193, 119, 112.92676
13194, 118, 145.89005
13195, 107, 103.08409
13196, 103, 9.230044
13197, 102, 65.28708
13198, 112, 66.04809
13199, 112, 6.9453835
13200, 114, 73.75736
13201, 109, 47.20519
13202, 104, 147.16779
13203, 104, 137.63675
13204, 110, 27.122454
13205, 104, 37.250652
13206, 109, 20.75412
13207, 101, 67.27785
13208, 109, 125.22628
13209, 115, 78.15633
13210, 117, 31.54242
13211, 114, 51.07202
13212, 104, 5.5577607
13213, 100, 31.97288
13214, 111, 35.18788
13215, 116, 68.63591
13216, 112, 80.30523
13217, 100, 83.61698
13218, 114, 134.2643
13219, 107, 143.73859
13220, 107, 36.20434
13221, 111, 134.44069
13222, 116, 144.38254
13223, 112, 149.37674
13224, 117, 73.76604
13225, 101, 42.806618
13226, 108, 20.566902
13227, 106, 79.5795
13228, 112, 139.72977
13229, 100, 117.24186
13230, 113, 129.13962
13231, 109, 143.55508
13232, 104, 115.72161
13233, 107, 142.50957
13234, 107, 8.466286
13235, 102, 14.202968
13236, 117, 30.384895
13237, 101, 132.07437
13238, 114, 37.987865
13239, 108, 122.97178
13240, 112, 50.43539
13241, 106, 58.30804
13242, 115, 88.76133
13243, 101, 101.22773
13244, 112, 13.256532
13245, 119, 115.354416
13246, 102, 98.68587
13247, 115, 57.645847
13248, 100, 123.20138
13249, 104, 2.7108371
13250, 119, 28.820568
13251, 109, 59.553696
13252, 113, 25.540146
13253, 100, 93.76676
13254, 113, 41.576565
13255, 100, 26.7885
13256, 112, 31.849113
13257, 110, 125.42499
13258, 111, 73.0282
13259, 117, 89.22048
13260, 105, 66.95655
13261, 111, 110.38664
13262, 109, 1.933381
13263, 108, 11.044389
13264, 108, 112.74622
13265, 108, 51.67148
13266, 111, 116.96374
13267, 100, 38.294014
13268, 118, 31.134537
13269, 100, 67.348434
13270, 112, 73.14971
13271, 116, 69.69215
13272, 106, 52.141006
13273, 102, 23.744604
13274, 100, 117.10536
13275, 117, 73.16661
13276, 105, 95.94954
13277, 115, 52.505314
13278, 113, 148.5799
13279, 118, 30.011076
13280, 112, 75.51734
13281, 104, 61.13923
13282, 119, 9.838369
13283, 118, 78.40322
13284, 102, 45.409332
13285, 108, 121.27029
13286, 118, 5.7204905
13287, 116, 1.3045013
13288, 118, 12.193698
13289, 109, 17.022657
13290, 112, 124.23139
13291, 106, 123.29211
13292, 109, 121.169785
13293, 117, 87.376724
13294, 112, 63.71472
13295, 114, 17.161015
13296, 104, 72.60959
13297, 105, 20.333406
13298, 109, 42.817337
13299, 118, 75.67821
13300, 116, 76.08234
13301, 103, 64.62326
13302, 104, 120.328064
13303, 114, 1.1779547
13304, 103, 7.428172
13305, 117, 32.442223
13306, 105, 149.26111
13307, 100, 71.56032
13308, 114, 23.766375
13309, 108, 90.7156
13310, 119, 148.66792
13311, 102, 130.42024
13312, 118, 34.98526
13313, 119, 135.40184
13314, 115, 137.88147
13315, 112, 1.2980908
13316, 114, 122.512665
13317, 109, 109.948906
13318, 111, 61.419224
13319, 110, 116.02197
13320, 102, 80.82708
13321, 107, 97.00404
13322, 119, 71.43366
13323, 117, 97.76819
13324, 114, 114.16415
13325, 101, 68.64616
13326, 108, 9.480304
13327, 101, 28.596237
13328, 117, 92.38509
13329, 111, 74.596664
13330, 102, 60.918957
13331, 117, 113.55222
13332, 117, 27.832764
13333, 112, 132.30809
13334, 104, 43.243717
13335, 101, 66.752106
13336, 100, 132.73726
13337, 112, 12.665319
13338, 107, 143.35506
13339, 103, 131.03447
13340, 100, 19.57351
13341, 107, 95.937836
13342, 106, 52.832195
13343, 115, 120.54611
13344, 109, 137.725
13345, 113, 26.30858
13346, 111, 109.94343
13347, 118, 57.415527
13348, 104, 23.412153
13349, 111, 80.49144
13350, 111, 132.03642
13351, 111, 6.9616647
13352, 109, 143.96408
13353, 113, 116.68573
13354, 110, 117.76391
13355, 114, 8.433517
13356, 102, 31.317822
13357, 114, 145.14806
13358, 119, 131.90152
13359, 104, 137.32964
13360, 106, 148.95158
13361, 118, 9.502843
13362, 108, 127.18488
13363, 115, 109.30903
13364, 100, 102.635124
13365, 105, 75.03101
13366, 113, 111.96072
13367, 100, 130.45004
13368, 113, 112.529724
13369, 102, 114.47373
13370, 105, 12.965682
13371, 105, 65.981
13372, 105, 115.23342
13373, 107, 131.10504
13374, 119, 127.15112
13375, 103, 40.084522
13376, 118, 24.41581
13377, 113, 148.71333
13378, 117, 84.80285
13379, 102, 116.87216
13380, 105, 32.062073
13381, 107, 97.617905
13382, 113, 120.731964
13383, 102, 59.014286
13384, 104, 127.31681
13385, 107, 32.46891
13386, 110, 147.24814
13387, 119, 12.383374
13388, 111, 27.51833
13389, 116, 47.16417
13390, 104, 89.02785
13391, 102, 71.31353
13392, 105, 146.83209
13393, 105, 69.372765
13394, 115, 21.157032
13395, 104, 149.73672
13396, 115, 39.95728
13397, 100, 41.44821
13398, 110, 59.379826
13399, 112, 2.3599057
13400, 109, 51.3429
13401, 116, 87.26011
13402, 103, 43.165897
13403, 104, 101.98252
13404, 110, 101.504295
13405, 108, 9.474519
13406, 114, 111.75998
13407, 103, 96.01338
13408, 118, 29.300667
13409, 111, 70.62597
13410, 113, 22.818464
13411, 117, 54.43823
13412, 108, 81.44348
13413, 104, 106.09312
13414, 108, 86.59614
13415, 112, 66.3899
13416, 104, 131.70988
13417, 112, 111.803734
13418, 112, 84.4067
13419, 106, 34.825848
13420, 105, 24.802977
13421, 105, 147.76865
13422, 104, 127.574455
13423, 110, 71.28426
13424, 100, 140.99962
13425, 100, 124.24819
13426, 117, 84.479675
13427, 112, 53.912132
13428, 101, 50.54822
13429, 110, 30.030048
13430, 118, 56.469048
13431, 116, 36.334805
13432, 113, 50.015007
13433, 108, 116.060425
13434, 119, 129.37614
13435, 109, 68.07647
13436, 103, 69.54978
13437, 118, 30.897072
13438, 101, 57.806416
13439, 109, 13.136503
13440, 105, 76.47098
13441, 114, 124.59489
13442, 106, 53.064903
13443, 118, 30.22382
13444, 114, 14.215073
13445, 118, 31.767342
13446, 102, 112.592155
13447, 116, 55.14704
13448, 111, 4.5974584
13449, 114, 103.239296
13450, 115, 120.503265
13451, 109, 84.02818
13452, 117, 132.84831
13453, 118, 6.4946203
13454, 100, 145.0582
13455, 116, 88.55809
13456, 115, 90.22973
13457, 107, 44.78952
13458, 104, 54.205227
13459, 113, 98.32646
13460, 105, 102.17871
13461, 105, 90.86794
13462, 117, 70.6519
13463, 115, 149.65144
13464, 106, 33.668472
13465, 115, 129.52858
13466, 119, 139.09146
13467, 106, 37.44961
13468, 109, 85.087456
13469, 111, 107.93117
13470, 115, 145.11966
13471, 103, 128.72919
13472, 100, 62.937794
13473, 112, 147.12059
13474, 101, 120.99453
13475, 106, 129.53186
13476, 105, 35.129322
13477, 107, 45.114613
13478, 103, 71.6831
13479, 116, 45.44212
13480, 113, 20.602575
13481, 103, 145.98074
13482, 103, 114.24823
13483, 101, 64.759155
13484, 108, 104.17416
13485, 104, 137.96329
13486, 115, 66.90241
13487, 112, 82.708786
13488, 101, 46.300945
13489, 113, 146.23207
13490, 103, 110.206924
13491, 112, 62.94508
13492, 104, 138.86072
13493, 113, 31.843544
13494, 103, 67.26082
13495, 113, 130.6113
13496, 105, 115.56888
13497, 103, 109.13689
13498, 112, 66.81937
13499, 114, 20.933783
13500, 115, 4.5653076
13501, 105, 144.95187
13502, 116, 39.64079
13503, 100, 104.58249
13504, 107, 40.09789
13505, 111, 88.25049
13506, 119, 120.74342
13507, 104, 128.86868
13508, 119, 125.496544
13509, 109, 97.89703
13510, 104, 142.93848
13511, 109, 28.731876
13512, 111, 92.940285
13513, 116, 80.61289
13514, 109, 67.59014
13515, 119, 128.99738
13516, 103, 17.849709
13517, 119, 131.08818
13518, 106, 65.26869
13519, 109, 119.530426
13520, 105, 126.25174
13521, 107, 133.84909
13522, 111, 14.513487
13523, 113, 14.512664
13524, 107, 11.401838
13525, 119, 121.703064
13526, 105, 27.73
13527, 101, 85.05487
13528, 100, 23.637978
13529, 110, 61.0388
13530, 117, 21.929008
13531, 106, 79.2335
13532, 101, 130.09784
13533, 105, 36.822258
13534, 107, 82.2596
13535, 110, 9.824252
13536, 114, 64.004654
13537, 118, 29.421347
13538, 103, 103.13201
13539, 114, 28.728067
13540, 107, 67.375946
13541, 105, 102.58509
13542, 108, 92.80094
13543, 113, 122.084435
13544, 103, 132.81587
13545, 111, 114.52886
13546, 116, 118.572044
13547, 107, 15.278069
13548, 112, 144.97029
13549, 114, 119.68368
13550, 118, 85.240234
13551, 113, 130.35358
13552, 106, 106.24153
13553, 110, 147.15924
13554, 119, 111.646545
13555, 112, 133.73853
13556, 107, 72.5522
13557, 113, 90.63846
13558, 114, 51.110413
13559, 101, 26.63919
13560, 115, 64.58137
13561, 110, 119.84974
13562, 108, 82.332
13563, 100, 102.85727
13564, 115, 131.64828
13565, 101, 66.7316
13566, 117, 52.062294
13567, 113, 76.12625
13568, 113, 37.937637
13569, 104, 98.945786
13570, 103, 17.405167
13571, 115, 138.496
13572, 107, 68.07314
13573, 114, 84.32911
13574, 102, 119.345184
13575, 111, 35.311718
13576, 105, 125.17481
13577, 116, 27.669176
13578, 119, 69.068596
13579, 113, 122.89061
13580, 113, 41.416393
13581, 110, 142.43457
13582, 117, 47.587482
13583, 101, 47.76586
13584, 105, 137.6613
13585, 108, 77.68636
13586, 109, 106.4704
13587, 117, 75.12623
13588, 118, 122.085945
13589, 101, 7.7507706
13590, 103, 148.37126
13591, 110, 139.32393
13592, 101, 94.08486
13593, 106, 5.3883257
13594, 112, 143.87343
13595, 112, 56.999622
13596, 117, 71.68244
13597, 102, 73.7046
13598, 114, 118.475945
13599, 116, 0.97866654
13600, 105, 134.63966
13601, 118, 121.445015
13602, 114, 38.69183
13603, 107, 24.557394
13604, 111, 98.7089
13605, 101, 85.32418
13606, 117, 149.44864
13607, 101, 107.74709
13608, 114, 81.86153
13609, 104, 121.53094
13610, 105, 108.12206
13611, 115, 113.72098
13612, 119, 6.7321033
13613, 114, 90.08673
13614, 114, 15.242422
13615, 115, 126.32754
13616, 116, 75.84181
13617, 106, 26.28091
13618, 105, 89.5145
13619, 102, 18.42219
13620, 106, 61.359573
13621, 119, 35.193077
13622, 109, 17.718449
13623, 103, 108.32821
13624, 113, 31.587214
13625, 116, 71.41822
13626, 114, 124.84665
13627, 113, 65.616776
13628, 100, 114.169655
13629, 100, 116.35176
13630, 102, 97.694176
13631, 102, 24.425045
13632, 113, 11.073035
13633, 119, 110.93995
13634, 107, 116.41514
13635, 100, 104.33497
13636, 111, 25.64765
13637, 102, 146.01498
13638, 112, 40.301807
13639, 105, 39.044865
13640, 106, 77.823524
13641, 108, 98.56697
13642, 107, 124.198975
13643, 105, 79.93174
13644, 102, 122.0153
13645, 112, 104.97875
13646, 105, 60.414585
13647, 101, 48.65733
13648, 105, 12.801039
13649, 116, 49.067135
13650, 118, 126.17471
13651, 118, 132.0701
13652, 117, 110.6471
13653, 116, 113.52623
13654, 117, 117.6298
13655, 116, 26.260132
13656, 115, 113.381165
13657, 117, 141.88579
13658, 117, 30.169075
13659, 113, 117.8936
13660, 104, 120.59664
13661, 101, 23.05211
13662, 103, 64.44485
13663, 113, 14.448139
13664, 109, 60.895996
13665, 103, 55.46449
13666, 119, 113.26978
13667, 101, 100.74194
13668, 106, 134.45212
13669, 117, 61.41506
13670, 116, 126.684265
13671, 115, 35.12047
13672, 115, 18.698841
13673, 116, 119.13782
13674, 107, 100.25219
13675, 104, 56.827713
13676, 108, 59.194992
13677, 117, 12.451074
13678, 113, 39.23507
13679, 109, 86.86036
13680, 111, 134.21301
13681, 119, 97.13895
13682, 107, 134.0358
13683, 113, 123.16838
13684, 101, 116.449936
13685, 110, 79.010956
13686, 118, 102.91125
13687, 102, 101.90336
13688, 107, 101.830315
13689, 101, 113.77523
13690, 108, 12.860182
13691, 114, 99.59121
13692, 109, 127.208206
13693, 117, 55.86335
13694, 111, 112.939415
13695, 108, 31.49238
13696, 100, 108.30417
13697, 114, 15.335923
13698, 106, 93.85995
13699, 118, 62.003624
13700, 119, 81.72087
13701, 113, 89.364716
13702, 109, 120.807144
13703, 100, 52.9521
13704, 103, 140.19069
13705, 104, 78.486046
13706, 102, 19.745716
13707, 109, 26.647854
13708, 116, 123.95639
13709, 102, 68.13647
13710, 112, 24.798426
13711, 103, 145.72812
13712, 102, 7.5080843
13713, 119, 25.090643
13714, 105, 89.33144
13715, 101, 18.374187
13716, 119, 76.15227
13717, 110, 126.197945
13718, 117, 32.30421
13719, 115, 131.68253
13720, 116, 102.38752
13721, 119, 107.332146
13722, 113, 39.158062
13723, 102, 124.847595
13724, 111, 39.25251
13725, 118, 134.20914
13726, 115, 142.12006
13727, 109, 26.266293
13728, 116, 148.7005
13729, 118, 131.50279
13730, 107, 50.95086
13731, 106, 109.82043
13732, 103, 11.994616
13733, 118, 18.316814
13734, 113, 138.60417
13735, 112, 114.76966
13736, 106, 135.47128
13737, 106, 99.0255
13738, 118, 111.788185
13739, 103, 89.44364
13740, 107, 92.55924
13741, 109, 138.72697
13742, 100, 2.4111004
13743, 103, 129.32463
13744, 100, 148.61469
13745, 117, 87.99752
13746, 114, 123.24493
13747, 115, 0.39062798
13748, 111, 23.714062
13749, 115, 108.32196
13750, 118, 57.407864
13751, 119, 67.89561
13752, 109, 4.2660446
13753, 112, 66.28439
13754, 107, 108.69479
13755, 108, 42.367424
13756, 111, 54.880257
13757, 113, 92.04702
13758, 100, 114.86225
13759, 109, 97.55714
13760, 101, 51.668392
13761, 114, 81.52783
13762, 117, 127.9329
13763, 111, 137.98486
13764, 116, 72.49446
13765, 100, 18.203365
13766, 101, 130.55798
13767, 115, 133.60435
13768, 100, 138.79503
13769, 108, 116.113785
13770, 110, 59.658848
13771, 115, 67.38017
13772, 115, 62.19864
13773, 103, 24.039057
13774, 106, 86.65821
13775, 103, 59.59461
13776, 115, 89.618484
13777, 117, 122.69969
13778, 119, 79.50113
13779, 108, 67.85614
13780, 100, 129.41386
13781, 109, 27.629032
13782, 117, 124.7356
13783, 109, 8.682919
13784, 109, 84.43496
13785, 109, 114.87321
13786, 116, 4.3492823
13787, 101, 11.960819
13788, 114, 71.73492
13789, 112, 118.81558
13790, 117, 6.5244107
13791, 117, 129.87106
13792, 108, 51.659836
13793, 119, 73.54272
13794, 109, 21.329391
13795, 100, 138.35007
13796, 113, 26.586441
13797, 114, 147.85602
13798, 106, 47.955315
13799, 100, 79.62633
13800, 100, 51.424984
13801, 103, 97.150475
13802, 111, 47.04635
13803, 118, 52.573784
13804, 102, 144.18315
13805, 110, 48.585953
13806, 104, 38.335007
13807, 105, 0.20420551
13808, 107, 105.72987
13809, 115, 127.699814
13810, 103, 100.359726
13811, 104, 28.495153
13812, 107, 138.44058
13813, 113, 57.10134
13814, 114, 115.17731
13815, 102, 117.48638
13816, 104, 8.347758
13817, 109, 49.860935
13818, 108, 32.275433
13819, 111, 102.919266
13820, 117, 10.227942
13821, 108, 40.288166
13822, 119, 22.73113
13823, 106, 94.32557
13824, 114, 131.428
13825, 107, 128.98914
13826, 100, 9.49173
13827, 112, 9.4037
13828, 101, 102.59963
13829, 112, 69.59934
13830, 101, 92.41687
13831, 115, 11.734575
13832, 118, 113.749504
13833, 116, 92.51548
13834, 114, 101.65911
13835, 106, 1.1793584
13836, 102, 35.71743
13837, 110, 53.054092
13838, 119, 52.56148
13839, 111, 79.45653
13840, 114, 21.066847
13841, 106, 34.403934
13842, 111, 22.108082
13843, 117, 130.66919
13844, 107, 66.87836
13845, 100, 71.673325
13846, 113, 110.71202
13847, 114, 108.465294
13848, 114, 28.786648
13849, 117, 41.982784
13850, 115, 18.116024
13851, 110, 71.69874
13852, 112, 45.349297
13853, 118, 126.317856
13854, 107, 87.274994
13855, 108, 142.71487
13856, 114, 5.5153995
13857, 116, 93.07241
13858, 104, 119.82608
13859, 104, 78.615974
13860, 115, 124.133224
13861, 103, 17.158922
13862, 107, 25.60081
13863, 116, 30.937805
13864, 118, 106.27173
13865, 117, 55.5264
13866, 100, 28.309383
13867, 117, 64.44533
13868, 114, 135.4985
13869, 112, 30.153805
13870, 110, 21.549877
13871, 109, 96.43398
13872, 109, 39.945763
13873, 100, 74.83023
13874, 107, 114.72555
13875, 111, 4.692283
13876, 110, 114.70024
13877, 118, 126.126
13878, 116, 59.100483
13879, 110, 112.54075
13880, 113, 111.19786
13881, 117, 42.120667
13882, 113, 41.117065
13883, 109, 80.95138
13884, 106, 18.076443
13885, 111, 134.8673
13886, 103, 68.68595
13887, 106, 102.92776
13888, 109, 70.155525
13889, 104, 106.13531
13890, 115, 58.16077
13891, 102, 93.31393
13892, 118, 2.7845712
13893, 110, 31.364376
13894, 111, 148.91496
13895, 108, 110.43717
13896, 107, 137.11516
13897, 111, 94.54865
13898, 105, 50.783657
13899, 105, 13.112023
13900, 106, 115.61465
13901, 111, 124.752914
13902, 110, 126.76935
13903, 100, 79.232185
13904, 114, 74.59279
13905, 110, 4.830024
13906, 105, 109.915726
13907, 118, 139.82887
13908, 109, 90.14294
13909, 111, 130.58478
13910, 114, 142.51021
13911, 109, 81.931366
13912, 101, 74.63997
13913, 116, 85.55188
13914, 118, 78.358894
13915, 106, 141.63799
13916, 109, 43.781742
13917, 100, 47.377834
13918, 102, 72.86156
13919, 108, 28.686575
13920, 115, 22.854101
13921, 111, 52.63565
13922, 104, 105.61349
13923, 118, 141.93053
13924, 104, 48.79885
13925, 116, 133.79422
13926, 115, 52.591377
13927, 119, 18.596542
13928, 104, 109.00062
13929, 116, 64.81484
13930, 107, 91.57319
13931, 103, 21.537504
13932, 115, 6.4475656
13933, 106, 27.60643
13934, 106, 2.899888
13935, 100, 56.594673
13936, 100, 105.90234
13937, 117, 62.516453
13938, 104, 23.402166
13939, 100, 20.358574
13940, 104, 135.52962
13941, 116, 6.2878313
13942, 109, 65.223366
13943, 102, 24.569527
13944, 103, 39.01661
13945, 117, 98.06023
13946, 112, 32.87823
13947, 113, 94.39237
13948, 109, 113.44154
13949, 110, 53.077072
13950, 118, 100.31434
13951, 107, 136.96962
13952, 104, 10.249069
13953, 117, 107.13241
13954, 100, 21.01424
13955, 107, 93.32944
13956, 119, 21.830078
13957, 106, 132.27702
13958, 116, 48.699196
13959, 117, 86.56373
13960, 117, 81.236465
13961, 108, 74.802
13962, 113, 79.25523
13963, 102, 67.18027
13964, 116, 104.993774
13965, 116, 93.18839
13966, 107, 82.85134
13967, 114, 26.784369
13968, 107, 98.70276
13969, 104, 61.622555
13970, 112, 99.00784
13971, 102, 98.68756
13972, 116, 94.68998
13973, 117, 135.47743
13974, 115, 27.939419
13975, 116, 44.47867
13976, 105, 125.584114
13977, 111, 111.724594
13978, 107, 97.35713
13979, 114, 117.63813
13980, 110, 61.27284
13981, 111, 60.734413
13982, 116, 111.322716
13983, 103, 21.809015
13984, 105, 71.9373
13985, 116, 22.493532
13986, 110, 42.770943
13987, 118, 98.71069
13988, 115, 70.97511
13989, 100, 39.371826
13990, 110, 73.01174
