105338, 106, 93.39751
105339, 100, 90.01781
105340, 118, 48.70965
105341, 107, 17.567549
105342, 100, 76.20417
105343, 109, 39.483913
105344, 107, 64.170334
105345, 104, 128.55658
105346, 119, 79.032394
105347, 115, 87.46383
105348, 117, 38.761158
105349, 116, 50.423958
105350, 112, 147.21494
105351, 105, 98.852776
105352, 115, 105.960686
105353, 116, 120.2243
105354, 101, 128.12424
105355, 109, 119.166595
105356, 101, 103.094604
105357, 115, 95.51709
105358, 115, 81.22653
105359, 101, 11.044934
105360, 103, 118.26355
105361, 109, 76.31534
105362, 119, 46.06946
105363, 113, 140.1126
105364, 101, 100.47263
105365, 118, 143.30995
105366, 117, 129.64159
105367, 117, 49.257435
105368, 118, 38.923054
105369, 119, 66.18269
105370, 110, 43.297737
105371, 100, 30.057165
105372, 109, 5.7437806
105373, 108, 56.517075
105374, 107, 149.79257
105375, 119, 108.92474
105376, 104, 54.817844
105377, 104, 5.2218857
105378, 102, 127.484474
105379, 107, 103.08943
105380, 112, 5.64639
105381, 107, 97.86658
105382, 117, 145.62933
105383, 118, 116.39646
105384, 103, 3.1485648
105385, 119, 54.580135
105386, 114, 132.47913
105387, 109, 121.72098
105388, 117, 129.62685
105389, 108, 136.79506
105390, 101, 10.362151
105391, 100, 130.55023
105392, 100, 116.57782
105393, 102, 67.88436
105394, 109, 39.574207
105395, 104, 55.25053
105396, 115, 31.702477
105397, 100, 28.407839
105398, 110, 76.46081
105399, 112, 23.0473
105400, 115, 55.229008
105401, 114, 20.485273
105402, 105, 117.84225
105403, 110, 132.09236
105404, 100, 94.234886
105405, 112, 36.9632
105406, 107, 27.917755
105407, 119, 62.339302
105408, 105, 67.433105
105409, 107, 38.12989
105410, 116, 15.250862
105411, 101, 106.644264
105412, 113, 124.80275
105413, 100, 132.32866
105414, 109, 25.971498
105415, 108, 68.52354
105416, 115, 10.852209
105417, 119, 112.46438
105418, 111, 13.976106
105419, 107, 5.3735824
105420, 112, 66.21026
105421, 104, 63.082096
105422, 113, 31.458548
105423, 114, 40.196426
105424, 119, 15.489944
105425, 114, 56.24576
105426, 113, 15.180007
105427, 109, 53.492718
105428, 113, 50.48022
105429, 113, 87.891266
105430, 103, 53.45866
105431, 102, 11.977762
105432, 108, 78.72534
105433, 108, 12.976125
105434, 109, 86.9249
105435, 113, 95.68556
105436, 113, 59.09027
105437, 104, 96.94037
105438, 102, 98.68179
105439, 108, 0.06813705
105440, 117, 120.64441
105441, 118, 98.895775
105442, 101, 120.738556
105443, 104, 119.1574
105444, 107, 9.4136505
105445, 106, 93.43285
105446, 114, 147.29338
105447, 119, 128.047
105448, 111, 42.58224
105449, 109, 121.55781
105450, 113, 120.97586
105451, 115, 89.56
105452, 104, 4.665613
105453, 109, 76.03042
105454, 115, 101.66393
105455, 107, 65.76689
105456, 101, 128.05681
105457, 105, 90.445404
105458, 119, 111.25111
105459, 114, 5.5039287
105460, 111, 49.319923
105461, 100, 93.106674
105462, 103, 78.019356
105463, 101, 52.56377
105464, 115, 16.371695
105465, 111, 94.10094
105466, 102, 41.461525
105467, 107, 129.89238
105468, 113, 24.16733
105469, 109, 11.72111
105470, 113, 53.17802
105471, 105, 129.77058
105472, 105, 126.3396
105473, 111, 86.54388
105474, 110, 80.15171
105475, 107, 139.42163
105476, 114, 60.355522
105477, 112, 139.23375
105478, 119, 9.914258
105479, 112, 143.88446
105480, 117, 126.54329
105481, 118, 118.97389
105482, 106, 102.4862
105483, 109, 75.4469
105484, 105, 68.62593
105485, 111, 2.9465497
105486, 109, 41.558926
105487, 100, 88.26076
105488, 102, 24.919966
105489, 119, 28.505266
105490, 109, 38.44091
105491, 110, 55.278397
105492, 101, 45.08334
105493, 104, 37.4671
105494, 112, 53.15481
105495, 104, 102.374054
105496, 119, 11.231875
105497, 112, 20.349411
105498, 109, 1.6071528
105499, 105, 107.65906
105500, 117, 1.9618213
105501, 107, 139.5204
105502, 111, 41.12236
105503, 115, 46.06618
105504, 113, 82.89048
105505, 101, 60.290096
105506, 102, 117.268005
105507, 108, 54.96929
105508, 107, 116.31009
105509, 112, 28.787872
105510, 112, 26.451551
105511, 106, 146.02585
105512, 104, 129.07784
105513, 108, 83.383255
105514, 109, 49.918823
105515, 113, 124.535446
105516, 119, 5.8251677
105517, 102, 64.62948
105518, 114, 113.291534
105519, 110, 56.56979
105520, 107, 45.777397
105521, 104, 46.35456
105522, 107, 5.7104497
105523, 108, 10.089978
105524, 102, 26.503784
105525, 103, 32.535275
105526, 102, 37.72705
105527, 113, 54.548443
105528, 101, 52.662296
105529, 116, 131.94733
105530, 106, 6.6505194
105531, 100, 7.9406886
105532, 114, 149.90309
105533, 110, 78.97899
105534, 119, 107.77
105535, 119, 60.87916
105536, 105, 104.270134
105537, 118, 116.75317
105538, 104, 83.65879
105539, 107, 87.603836
105540, 100, 6.2677145
105541, 111, 73.83453
105542, 104, 65.710464
105543, 118, 109.82199
105544, 115, 38.26458
105545, 109, 15.048856
105546, 113, 75.557205
105547, 109, 125.70413
105548, 106, 4.587364
105549, 105, 37.957066
105550, 103, 149.91466
105551, 118, 98.45075
105552, 105, 81.741035
105553, 118, 140.72469
105554, 105, 1.3278812
105555, 105, 58.21696
105556, 116, 15.698603
105557, 114, 33.192097
105558, 101, 19.536308
105559, 104, 146.42488
105560, 105, 136.87646
105561, 104, 95.88961
105562, 114, 40.376778
105563, 118, 110.44945
105564, 111, 119.192535
105565, 116, 100.3548
105566, 116, 33.952538
105567, 101, 137.7812
105568, 117, 62.267097
105569, 106, 0.35646558
105570, 113, 2.8618097
105571, 108, 141.09256
105572, 104, 133.3828
105573, 102, 31.922499
105574, 106, 2.576342
105575, 103, 53.791862
105576, 117, 24.110859
105577, 100, 72.79396
105578, 108, 28.578686
105579, 113, 13.455301
105580, 108, 113.33263
105581, 116, 105.93194
105582, 105, 45.60231
105583, 114, 2.7254195
105584, 114, 110.98858
105585, 111, 48.368515
105586, 116, 44.3952
105587, 109, 50.12624
105588, 102, 136.99428
105589, 107, 21.937824
105590, 119, 119.017914
105591, 107, 123.85212
105592, 117, 147.60432
105593, 112, 101.50463
105594, 115, 66.88567
105595, 117, 124.50086
105596, 119, 30.3532
105597, 101, 147.32257
105598, 113, 50.421158
105599, 104, 15.275967
105600, 116, 22.67738
105601, 115, 59.343372
105602, 109, 94.65563
105603, 107, 108.86474
105604, 103, 89.83972
105605, 110, 62.51363
105606, 115, 21.561571
105607, 112, 127.68884
105608, 118, 14.797184
105609, 104, 95.484924
105610, 119, 9.717411
105611, 116, 17.436235
105612, 114, 76.11452
105613, 100, 33.089672
105614, 109, 146.83887
105615, 109, 69.808846
105616, 112, 126.804665
105617, 115, 36.04989
105618, 115, 21.734127
105619, 102, 89.93947
105620, 117, 25.900072
105621, 108, 72.04356
105622, 106, 43.480076
105623, 107, 108.86541
105624, 100, 1.2878805
105625, 105, 14.821556
105626, 116, 83.16847
105627, 102, 147.57675
105628, 100, 7.3399096
105629, 112, 41.821888
105630, 108, 54.745495
105631, 103, 77.79989
105632, 105, 134.11748
105633, 111, 74.13222
105634, 101, 70.3947
105635, 110, 141.80846
105636, 109, 16.745737
105637, 113, 148.4374
105638, 101, 130.1672
105639, 103, 62.985027
105640, 117, 56.284573
105641, 111, 4.6289563
105642, 118, 18.662346
105643, 116, 112.98669
105644, 101, 131.95198
105645, 113, 90.836174
105646, 118, 98.0411
105647, 105, 116.00952
105648, 112, 51.496883
105649, 110, 93.290886
105650, 102, 3.5226882
105651, 118, 37.015835
105652, 113, 64.306076
105653, 115, 68.65139
105654, 113, 146.46303
105655, 101, 31.321032
105656, 111, 51.75741
105657, 105, 132.4849
105658, 114, 81.17609
105659, 112, 77.04218
105660, 106, 73.94469
105661, 112, 47.33989
105662, 114, 75.09953
105663, 114, 53.1513
105664, 116, 92.225716
105665, 118, 80.03758
105666, 104, 115.7897
105667, 116, 139.31021
105668, 108, 47.21903
105669, 118, 21.910759
105670, 107, 49.537056
105671, 100, 137.1485
105672, 111, 6.0881586
105673, 115, 62.315655
105674, 101, 110.33308
105675, 103, 29.08962
105676, 108, 147.40013
105677, 108, 137.15019
105678, 103, 74.273315
105679, 102, 74.22402
105680, 104, 43.049713
105681, 105, 62.954155
105682, 114, 132.0625
105683, 102, 72.19163
105684, 115, 101.43766
105685, 117, 41.41887
105686, 102, 83.274376
105687, 119, 133.49692
105688, 101, 81.06235
105689, 107, 30.505524
105690, 118, 112.6016
105691, 100, 70.70759
105692, 101, 7.1232677
105693, 114, 124.01916
105694, 112, 117.2413
105695, 117, 102.40272
105696, 118, 95.1427
105697, 104, 107.75781
105698, 115, 5.2701564
105699, 105, 75.20197
105700, 106, 99.978035
105701, 118, 126.00443
105702, 116, 56.628235
105703, 103, 126.517975
105704, 104, 73.46665
105705, 117, 127.00811
105706, 111, 20.48548
105707, 101, 23.01143
105708, 105, 27.685503
105709, 109, 128.51398
105710, 112, 93.005806
105711, 104, 3.6656857E-4
105712, 107, 36.967
105713, 108, 77.96458
105714, 116, 122.77393
105715, 114, 29.350197
105716, 110, 104.96694
105717, 105, 68.582344
105718, 102, 30.47762
105719, 107, 145.07365
105720, 116, 33.275898
105721, 107, 139.63544
105722, 119, 117.40046
105723, 109, 42.596226
105724, 102, 83.34131
105725, 113, 27.601719
105726, 109, 104.162926
105727, 103, 101.65418
105728, 103, 60.371456
105729, 115, 8.630562
105730, 109, 77.27183
105731, 101, 113.57137
105732, 119, 16.273928
105733, 114, 50.613632
105734, 109, 39.800556
105735, 114, 34.7822
105736, 113, 149.58795
105737, 100, 51.68933
105738, 109, 42.62165
105739, 109, 118.39462
105740, 119, 69.91238
105741, 100, 70.365555
105742, 117, 76.23645
105743, 105, 25.753132
105744, 106, 135.1097
105745, 107, 26.14384
105746, 109, 15.600962
105747, 115, 64.71296
105748, 111, 118.206795
105749, 118, 3.518674
105750, 119, 79.967064
105751, 100, 86.264015
105752, 100, 149.78606
105753, 105, 17.304146
105754, 110, 14.232534
105755, 102, 109.11614
105756, 116, 73.312225
105757, 103, 107.58753
105758, 101, 99.63171
105759, 110, 101.261635
105760, 104, 10.954973
105761, 102, 140.9659
105762, 103, 8.00542
105763, 107, 117.11867
105764, 115, 29.995152
105765, 118, 38.647522
105766, 106, 117.928825
105767, 107, 139.19095
105768, 105, 88.66367
105769, 115, 20.226395
105770, 108, 65.90303
105771, 101, 135.51656
105772, 109, 116.48958
105773, 108, 135.68158
105774, 103, 115.645706
105775, 119, 34.10012
105776, 112, 143.27649
105777, 113, 71.895004
105778, 109, 49.78076
105779, 114, 84.53024
105780, 106, 2.0136416
105781, 118, 79.02208
105782, 103, 108.775246
105783, 108, 1.9008994
105784, 101, 9.535602
105785, 106, 63.63685
105786, 118, 2.1190972
105787, 112, 73.973015
105788, 105, 111.79571
105789, 102, 119.4409
105790, 109, 64.67886
105791, 110, 38.060028
105792, 107, 109.391884
105793, 102, 44.92152
105794, 114, 63.799496
105795, 106, 68.734245
105796, 104, 6.0313673
105797, 117, 97.86934
105798, 108, 18.210554
105799, 103, 88.9991
105800, 114, 91.684944
105801, 114, 134.80325
105802, 105, 4.0376005
105803, 109, 37.348293
105804, 114, 129.12595
105805, 112, 64.02893
105806, 104, 78.617096
105807, 100, 118.962166
105808, 116, 14.062876
105809, 101, 54.51779
105810, 112, 5.122724
105811, 111, 24.781116
105812, 102, 77.88666
105813, 106, 49.567875
105814, 113, 37.36343
105815, 105, 36.882816
105816, 111, 51.339226
105817, 117, 140.7222
105818, 113, 138.68382
105819, 108, 16.341099
105820, 103, 102.40299
105821, 102, 29.567734
105822, 111, 87.74179
105823, 106, 109.28227
105824, 105, 16.20699
105825, 100, 112.67557
105826, 118, 77.43716
105827, 117, 51.926933
105828, 101, 39.31209
105829, 114, 26.080397
105830, 110, 105.96718
105831, 104, 7.096222
105832, 116, 93.84482
105833, 106, 117.04326
105834, 104, 41.05644
105835, 108, 124.15976
105836, 114, 2.4839938
105837, 103, 5.688143
105838, 107, 54.271923
105839, 114, 104.51952
105840, 115, 110.04838
105841, 119, 42.595303
105842, 119, 113.77881
105843, 106, 15.637591
105844, 101, 43.81053
105845, 119, 96.92383
105846, 107, 110.920135
105847, 113, 18.688757
105848, 110, 68.2616
105849, 117, 114.25243
105850, 110, 11.106554
105851, 102, 80.45661
105852, 116, 64.33303
105853, 110, 79.66233
105854, 110, 32.12091
105855, 118, 147.91393
105856, 109, 120.37302
105857, 108, 48.438854
105858, 112, 146.7558
105859, 108, 92.538315
105860, 102, 25.225916
105861, 104, 80.797165
105862, 100, 124.40066
105863, 106, 57.360523
105864, 119, 133.23886
105865, 113, 119.77593
105866, 111, 76.96263
105867, 116, 79.64221
105868, 108, 61.03858
105869, 100, 92.50604
105870, 105, 111.9127
105871, 107, 131.78621
105872, 111, 64.16098
105873, 109, 134.99194
105874, 110, 45.52889
105875, 113, 48.12761
105876, 110, 117.28462
105877, 119, 13.926503
105878, 109, 51.395123
105879, 101, 143.3026
105880, 114, 74.660805
105881, 116, 89.81472
105882, 108, 89.84555
105883, 114, 115.02243
105884, 119, 117.000015
105885, 111, 142.6512
105886, 112, 112.263504
105887, 102, 68.49405
105888, 106, 79.55755
105889, 118, 10.812217
105890, 104, 96.26475
105891, 119, 83.16053
105892, 119, 34.799187
105893, 105, 98.00727
105894, 100, 52.517876
105895, 117, 104.83315
105896, 119, 138.00789
105897, 119, 59.073196
105898, 110, 20.55307
105899, 115, 69.158646
105900, 106, 109.75905
105901, 101, 106.59091
105902, 112, 115.53603
105903, 102, 85.6994
105904, 114, 60.683994
105905, 119, 81.77419
105906, 118, 113.96908
105907, 112, 96.59718
105908, 107, 90.33863
105909, 108, 12.071094
105910, 118, 5.3923755
105911, 116, 111.365425
105912, 113, 147.14955
105913, 115, 128.28882
105914, 104, 136.01099
105915, 105, 124.55187
105916, 111, 83.611374
105917, 116, 39.164497
105918, 102, 115.662575
105919, 106, 73.06766
105920, 111, 34.397335
105921, 110, 80.604485
105922, 105, 86.08481
105923, 111, 15.258318
105924, 114, 90.65429
105925, 106, 114.73468
105926, 116, 9.535056
105927, 100, 123.208374
105928, 102, 95.783585
105929, 119, 105.973976
105930, 116, 0.8573413
105931, 108, 93.51296
105932, 117, 102.28334
105933, 117, 140.93416
105934, 118, 1.2628019
105935, 114, 47.828
105936, 109, 36.769634
105937, 105, 33.656662
105938, 102, 84.02085
105939, 110, 51.998745
105940, 119, 149.23701
105941, 117, 16.444695
105942, 114, 137.95848
105943, 116, 132.57462
105944, 113, 105.04553
105945, 118, 124.08711
105946, 117, 19.075191
105947, 119, 23.695242
105948, 108, 46.203876
105949, 115, 36.121265
105950, 111, 22.148636
105951, 108, 89.384094
105952, 114, 6.876013
105953, 107, 39.48092
105954, 105, 134.69661
105955, 103, 124.489136
105956, 110, 126.269424
105957, 117, 54.056828
105958, 111, 13.080007
105959, 107, 124.286285
105960, 100, 110.95085
105961, 116, 38.4431
105962, 112, 86.33637
105963, 115, 15.880913
105964, 116, 29.410833
105965, 111, 68.63019
105966, 103, 9.023934
105967, 110, 119.72569
105968, 104, 118.89895
105969, 113, 141.68558
105970, 117, 54.82767
105971, 108, 89.727356
105972, 110, 45.124153
105973, 101, 118.66187
105974, 111, 29.264832
105975, 112, 31.540436
105976, 100, 70.01416
105977, 109, 64.33157
105978, 113, 67.08026
105979, 113, 99.57562
105980, 110, 149.44592
105981, 106, 18.885193
105982, 106, 87.877846
105983, 117, 111.05711
105984, 113, 130.40903
105985, 108, 133.74701
105986, 108, 75.060715
105987, 101, 99.879616
105988, 104, 77.82595
105989, 112, 32.39183
105990, 119, 105.63344
105991, 110, 87.24694
105992, 115, 38.16896
105993, 108, 31.439209
105994, 118, 7.139513
105995, 110, 26.598385
105996, 118, 8.068594
105997, 118, 6.37697
105998, 103, 76.52023
105999, 104, 93.221924
106000, 114, 57.764565
106001, 105, 119.59851
106002, 102, 115.45544
106003, 116, 68.72394
106004, 103, 61.218372
106005, 102, 106.03973
106006, 115, 108.61795
106007, 111, 2.5124698
106008, 118, 111.70512
106009, 109, 6.2217054
106010, 103, 108.86129
106011, 106, 38.489895
106012, 111, 31.04168
106013, 111, 121.56043
106014, 110, 147.63712
106015, 104, 65.98639
106016, 112, 146.70392
106017, 115, 110.531525
106018, 107, 136.5676
106019, 117, 81.918205
106020, 109, 50.11051
106021, 112, 47.17439
106022, 103, 98.70944
106023, 119, 18.412426
106024, 112, 45.111385
106025, 101, 6.3041744
106026, 119, 43.542507
106027, 118, 111.16879
106028, 107, 30.396196
106029, 107, 62.45767
106030, 110, 88.425316
106031, 119, 53.501076
106032, 112, 135.16466
106033, 100, 86.571365
106034, 101, 36.16577
106035, 106, 136.55948
106036, 111, 71.78608
106037, 102, 94.28913
106038, 111, 131.7548
106039, 117, 100.93576
106040, 101, 3.5985053
106041, 106, 99.38643
106042, 109, 84.34058
106043, 112, 18.509138
106044, 111, 145.64964
106045, 105, 6.021729
106046, 109, 84.5997
106047, 109, 45.62858
106048, 113, 51.043697
106049, 113, 28.9253
106050, 116, 107.613525
106051, 117, 45.252846
106052, 108, 96.323685
106053, 119, 25.139622
106054, 112, 79.12519
106055, 101, 138.74582
106056, 116, 98.446846
106057, 116, 52.709312
106058, 116, 75.11422
106059, 113, 81.83961
106060, 106, 41.686428
106061, 111, 84.75481
106062, 103, 139.21423
106063, 114, 12.565407
106064, 106, 74.03421
106065, 106, 80.40356
106066, 103, 135.95866
106067, 118, 60.53582
106068, 109, 83.05914
106069, 118, 112.83729
106070, 119, 74.974525
106071, 114, 48.185028
106072, 104, 134.81367
106073, 118, 0.462538
106074, 103, 55.220364
106075, 107, 132.8647
106076, 116, 38.70455
106077, 119, 105.719376
106078, 112, 19.811913
106079, 103, 85.21104
106080, 103, 58.89718
106081, 102, 124.50839
106082, 102, 4.426879
106083, 110, 119.65663
106084, 114, 13.394917
106085, 110, 108.76071
106086, 111, 139.80182
106087, 119, 28.965515
106088, 112, 16.85078
106089, 114, 77.21017
106090, 102, 57.769577
106091, 116, 36.949112
106092, 104, 97.18486
106093, 118, 147.93881
106094, 103, 136.53215
106095, 112, 40.774082
106096, 102, 95.91115
106097, 117, 64.74209
106098, 101, 54.34913
106099, 106, 129.31407
106100, 100, 54.112324
106101, 113, 63.288002
106102, 102, 57.407578
106103, 103, 135.50685
106104, 119, 54.850815
106105, 107, 89.98018
106106, 104, 80.04766
106107, 101, 12.835747
106108, 108, 58.948624
106109, 108, 30.532774
106110, 104, 39.0714
106111, 106, 71.11315
106112, 107, 34.865837
106113, 106, 58.073795
106114, 110, 101.68136
106115, 115, 30.750534
106116, 117, 63.18638
106117, 107, 90.001495
106118, 108, 23.234098
106119, 107, 98.90661
106120, 119, 19.788578
106121, 105, 119.19744
106122, 102, 17.807928
106123, 108, 103.48683
106124, 104, 34.371452
106125, 115, 19.7283
106126, 106, 36.492447
106127, 114, 123.90866
106128, 102, 122.11352
106129, 112, 144.72379
106130, 118, 115.88819
106131, 103, 72.805435
106132, 108, 82.26531
106133, 100, 33.368797
106134, 117, 81.42616
106135, 109, 86.068275
106136, 105, 117.05178
106137, 118, 146.8633
106138, 113, 128.02953
106139, 111, 14.685246
106140, 117, 19.54946
106141, 103, 80.666885
106142, 104, 76.62976
106143, 111, 91.88764
106144, 116, 93.45209
106145, 111, 116.271484
106146, 114, 144.78958
106147, 117, 99.24656
106148, 117, 31.496233
106149, 118, 101.107895
106150, 104, 29.400837
106151, 118, 51.24556
106152, 105, 147.02391
106153, 106, 69.229935
106154, 116, 78.68504
106155, 114, 85.44826
106156, 119, 36.609615
106157, 104, 65.51705
106158, 102, 117.18353
106159, 109, 5.824122
106160, 102, 142.74892
106161, 111, 76.59379
106162, 100, 5.348378
106163, 104, 57.38371
106164, 110, 122.427345
106165, 110, 124.6197
106166, 104, 125.90681
106167, 111, 46.105717
106168, 103, 11.45508
106169, 108, 146.50575
106170, 117, 50.54588
106171, 102, 132.63042
106172, 103, 122.7803
106173, 107, 106.50375
106174, 111, 55.737984
106175, 110, 95.71549
106176, 117, 49.156845
106177, 107, 50.658016
106178, 100, 14.542902
106179, 109, 11.897582
106180, 100, 59.46166
106181, 115, 80.38953
106182, 114, 11.567697
106183, 118, 90.470215
106184, 117, 126.25523
106185, 101, 29.749212
106186, 108, 21.10717
106187, 104, 98.53149
106188, 108, 46.85325
106189, 102, 52.927887
106190, 107, 86.12626
106191, 102, 12.005004
106192, 105, 103.38743
106193, 104, 7.6954184
106194, 112, 122.54231
106195, 100, 101.52976
106196, 113, 44.5251
106197, 106, 120.692986
106198, 103, 147.88359
106199, 105, 114.57262
106200, 101, 139.87949
106201, 102, 36.969
106202, 118, 54.188427
106203, 102, 35.591812
106204, 103, 142.65685
106205, 116, 5.639452
106206, 119, 53.203876
106207, 107, 39.739296
106208, 101, 90.45849
106209, 118, 62.98755
106210, 101, 18.959078
106211, 101, 27.950977
106212, 115, 13.368318
106213, 106, 14.622537
106214, 100, 11.440489
106215, 101, 134.45561
106216, 110, 62.722073
106217, 105, 129.76923
106218, 110, 82.27369
106219, 100, 90.853615
106220, 110, 104.93437
106221, 117, 134.2245
106222, 115, 93.83342
106223, 113, 125.13704
106224, 110, 32.817783
106225, 117, 149.80875
106226, 111, 129.93593
106227, 102, 106.844765
106228, 111, 14.475542
106229, 105, 100.90755
106230, 105, 119.94423
106231, 113, 129.8757
106232, 115, 71.80258
106233, 113, 39.8012
106234, 113, 14.327038
106235, 105, 114.10426
106236, 107, 104.406364
106237, 102, 62.211987
106238, 104, 127.68917
106239, 100, 38.61063
106240, 114, 29.331913
106241, 108, 140.52625
106242, 100, 90.126076
106243, 107, 16.66124
106244, 108, 0.3865868
106245, 103, 128.6657
106246, 108, 136.03174
106247, 101, 41.565998
106248, 106, 54.469334
106249, 109, 65.40669
106250, 106, 24.810987
106251, 107, 71.21117
106252, 114, 92.7878
106253, 114, 42.582302
106254, 106, 87.99057
106255, 113, 84.95698
106256, 103, 96.85987
106257, 116, 28.181326
106258, 113, 136.17604
106259, 105, 117.31719
106260, 113, 107.07617
106261, 107, 143.49893
106262, 118, 48.911682
106263, 119, 64.254745
106264, 108, 44.062294
106265, 114, 13.438824
106266, 105, 59.829586
106267, 108, 69.71386
106268, 110, 113.34544
106269, 106, 31.531467
106270, 116, 95.36201
106271, 111, 29.16542
106272, 115, 39.99223
106273, 104, 68.334785
106274, 115, 28.7602
106275, 102, 106.08158
106276, 101, 75.79782
106277, 113, 13.885912
106278, 106, 21.312405
106279, 113, 1.2203336
106280, 101, 88.51799
106281, 102, 35.99437
106282, 117, 93.15871
106283, 119, 126.34069
106284, 101, 127.94015
106285, 112, 8.0542
106286, 102, 40.99592
106287, 106, 132.81442
106288, 114, 8.934895
106289, 115, 111.08659
106290, 106, 51.643288
106291, 105, 83.17645
106292, 106, 32.38831
106293, 101, 124.39774
106294, 116, 90.2381
106295, 103, 133.78702
106296, 119, 68.674484
106297, 106, 80.5718
106298, 107, 14.548052
106299, 104, 148.2357
106300, 115, 113.3251
106301, 105, 147.35846
106302, 114, 54.22477
106303, 105, 64.48953
106304, 103, 145.75977
106305, 106, 35.850754
106306, 105, 123.891846
106307, 104, 74.258354
106308, 118, 27.105242
106309, 101, 112.81534
106310, 119, 22.605587
106311, 112, 11.673197
106312, 104, 64.93596
106313, 108, 16.69035
106314, 115, 102.99913
106315, 101, 136.42593
106316, 116, 131.01328
106317, 118, 77.34583
106318, 103, 130.29381
106319, 103, 21.303848
106320, 101, 146.8791
106321, 113, 43.245506
106322, 103, 29.886612
106323, 109, 7.0297213
106324, 107, 125.93096
106325, 113, 75.72508
106326, 112, 40.468437
106327, 119, 13.74236
106328, 105, 110.588234
106329, 112, 139.63019
106330, 113, 52.702583
106331, 103, 148.58125
106332, 101, 98.08524
106333, 106, 78.8412
106334, 116, 45.843575
106335, 101, 97.065346
106336, 119, 14.004654
106337, 113, 120.46556
106338, 105, 8.193281
106339, 100, 77.26712
106340, 109, 98.945366
106341, 105, 108.01089
106342, 116, 142.92226
106343, 114, 111.51783
106344, 106, 149.61143
106345, 116, 106.31327
106346, 103, 90.6629
106347, 108, 105.0576
106348, 107, 42.937893
106349, 112, 9.524149
106350, 108, 43.959538
106351, 102, 11.966997
106352, 117, 120.80987
106353, 106, 16.928995
106354, 105, 131.97711
106355, 100, 31.79841
106356, 104, 9.48928
106357, 101, 113.75735
106358, 100, 0.16627908
106359, 107, 119.222
106360, 108, 89.08442
106361, 106, 33.517223
106362, 104, 86.46129
106363, 111, 6.2908707
106364, 104, 109.58842
106365, 116, 113.22384
106366, 104, 81.17377
106367, 116, 79.416435
106368, 108, 74.17526
106369, 110, 23.639372
106370, 119, 52.15365
106371, 115, 46.79128
106372, 103, 55.458755
106373, 106, 17.28876
106374, 111, 122.687904
106375, 105, 40.7985
106376, 110, 51.805614
106377, 112, 145.22676
106378, 104, 146.01164
106379, 111, 134.70102
106380, 105, 46.39621
106381, 100, 132.80173
106382, 102, 35.74658
106383, 110, 120.77592
106384, 111, 26.444166
106385, 110, 90.20633
106386, 108, 79.44622
106387, 102, 78.27843
106388, 105, 114.29989
106389, 118, 87.99433
106390, 109, 1.789695
106391, 101, 85.21314
106392, 108, 81.34444
106393, 104, 99.907555
106394, 113, 94.21379
106395, 112, 141.73557
106396, 112, 85.8191
106397, 103, 16.481396
106398, 112, 145.98067
106399, 106, 31.921247
106400, 118, 103.28703
106401, 105, 104.88039
106402, 118, 39.581074
106403, 103, 67.452934
106404, 115, 2.6197224
106405, 107, 106.34161
106406, 106, 62.44367
106407, 114, 107.15192
106408, 103, 75.022484
106409, 107, 5.8626833
106410, 117, 137.5207
106411, 113, 0.80096126
106412, 103, 39.06936
106413, 115, 120.4603
106414, 114, 78.75604
106415, 115, 45.113476
106416, 101, 57.7553
106417, 107, 109.147446
106418, 111, 11.819646
106419, 119, 75.594406
106420, 105, 129.76004
106421, 116, 43.68082
106422, 101, 93.47613
106423, 109, 64.24363
106424, 116, 11.50411
106425, 107, 35.845497
106426, 110, 62.43064
106427, 108, 29.96741
106428, 111, 78.003845
106429, 114, 72.19774
106430, 102, 49.525192
106431, 106, 75.405525
106432, 112, 84.33999
106433, 106, 107.67382
106434, 104, 122.88858
106435, 115, 103.80883
106436, 113, 130.4491
106437, 114, 83.90468
106438, 105, 53.662178
106439, 116, 149.96103
106440, 119, 99.77535
106441, 117, 64.64934
106442, 109, 91.268814
106443, 118, 36.158073
106444, 110, 65.678276
106445, 119, 115.95527
106446, 100, 133.6656
106447, 109, 9.806549
106448, 103, 29.270973
106449, 100, 51.37216
106450, 111, 109.41857
106451, 106, 80.42561
106452, 108, 139.4865
106453, 109, 51.42559
106454, 103, 90.34472
106455, 114, 104.95772
106456, 111, 137.22487
106457, 104, 149.8608
106458, 105, 92.54065
106459, 112, 20.365547
106460, 105, 134.09332
106461, 118, 50.429115
106462, 112, 10.805091
106463, 118, 22.655413
106464, 111, 78.79565
106465, 102, 96.42713
106466, 119, 40.383545
106467, 109, 53.608276
106468, 101, 1.5819043
106469, 116, 113.39281
106470, 101, 79.923134
106471, 100, 63.085342
106472, 115, 68.33404
106473, 118, 140.6979
106474, 103, 134.6358
106475, 117, 114.43213
106476, 104, 25.745783
106477, 105, 106.47703
106478, 107, 95.48907
106479, 118, 83.33948
106480, 104, 56.51605
106481, 112, 49.65452
106482, 117, 74.03666
106483, 104, 6.9889693
106484, 118, 47.231
106485, 118, 48.197346
106486, 115, 80.714264
106487, 114, 29.274899
106488, 108, 32.40595
106489, 107, 58.797855
106490, 107, 17.289082
106491, 108, 19.76764
106492, 110, 84.40495
106493, 116, 51.999817
106494, 100, 11.404771
106495, 101, 66.07162
106496, 106, 114.10846
106497, 107, 80.00704
106498, 113, 126.10085
106499, 110, 75.801704
106500, 114, 144.67056
106501, 119, 111.89113
106502, 108, 88.74535
106503, 111, 121.83347
106504, 114, 88.16188
106505, 114, 90.98729
106506, 105, 137.66214
106507, 102, 30.697659
106508, 119, 92.15813
106509, 103, 3.4318328
106510, 114, 79.87272
106511, 112, 6.211433
106512, 115, 59.257828
106513, 100, 30.801613
106514, 110, 124.1647
106515, 104, 32.18515
106516, 103, 147.80278
106517, 108, 87.232635
106518, 113, 32.337822
106519, 101, 88.37125
106520, 102, 22.8597
106521, 109, 8.452901
106522, 107, 92.53991
106523, 110, 144.91916
106524, 115, 46.487366
106525, 107, 99.905525
106526, 114, 91.52443
106527, 105, 64.95949
106528, 112, 8.367848
106529, 114, 108.74515
106530, 117, 30.746868
106531, 109, 117.887634
106532, 101, 81.444855
106533, 111, 81.22596
106534, 106, 12.000624
106535, 118, 48.218857
106536, 104, 5.977124
106537, 103, 26.899714
106538, 115, 120.54893
106539, 115, 69.7595
106540, 105, 118.55748
106541, 116, 44.965992
106542, 100, 30.191017
106543, 100, 35.41824
106544, 118, 54.76801
106545, 117, 43.80298
106546, 100, 19.78747
106547, 118, 19.775463
106548, 114, 55.92659
106549, 112, 125.05925
106550, 108, 41.05813
106551, 104, 45.55109
106552, 109, 32.115574
106553, 103, 16.12039
106554, 108, 113.297325
106555, 110, 51.074184
106556, 101, 84.099045
106557, 100, 40.33445
106558, 108, 18.971004
106559, 110, 100.96068
106560, 119, 105.3013
106561, 107, 143.30302
106562, 119, 137.81393
106563, 114, 70.30092
106564, 106, 75.67174
106565, 119, 96.03903
106566, 118, 41.57609
106567, 110, 133.91904
106568, 115, 56.11236
106569, 107, 77.05838
106570, 111, 90.163734
106571, 105, 11.373094
106572, 101, 135.54129
106573, 105, 78.8525
106574, 115, 74.76151
106575, 106, 77.76374
106576, 107, 34.44879
106577, 115, 115.07225
106578, 119, 59.880924
106579, 107, 113.79939
106580, 118, 10.066751
106581, 102, 6.395459
106582, 106, 146.78185
106583, 112, 82.98281
106584, 114, 76.79525
106585, 105, 113.76915
106586, 100, 143.00835
106587, 107, 123.4028
106588, 111, 76.19402
106589, 108, 60.031487
106590, 101, 32.87361
106591, 110, 81.8525
106592, 118, 5.1290364
106593, 107, 47.96642
106594, 112, 68.16185
106595, 116, 145.51025
106596, 116, 3.0298142
106597, 111, 79.48599
106598, 100, 75.16858
106599, 105, 101.9866
106600, 117, 89.73646
106601, 117, 22.023539
106602, 106, 65.62163
106603, 104, 61.151478
106604, 109, 96.75746
106605, 102, 45.447536
106606, 117, 99.30403
106607, 113, 45.636177
106608, 106, 42.81866
106609, 110, 48.11318
106610, 109, 61.53749
106611, 105, 20.550129
106612, 100, 50.454685
106613, 112, 114.47274
106614, 115, 15.497724
106615, 118, 123.746735
106616, 109, 50.077076
106617, 107, 110.135864
106618, 108, 49.535652
106619, 111, 85.53285
106620, 107, 128.52264
106621, 112, 121.163666
106622, 118, 45.430443
106623, 113, 11.37726
106624, 113, 134.15657
106625, 113, 37.520752
106626, 104, 117.10532
106627, 106, 49.22239
106628, 112, 22.89184
106629, 103, 50.832726
106630, 117, 13.147482
106631, 115, 19.701899
106632, 104, 17.789099
106633, 116, 136.96722
106634, 100, 96.93919
106635, 115, 149.26682
106636, 119, 120.85699
106637, 100, 62.010357
106638, 104, 54.849358
106639, 110, 5.608553
106640, 102, 77.71398
106641, 106, 140.49571
106642, 110, 72.68602
106643, 105, 101.37011
106644, 112, 88.83057
106645, 112, 61.826332
106646, 118, 104.265076
106647, 112, 51.420906
106648, 116, 60.396534
106649, 100, 14.752382
106650, 119, 116.92297
106651, 104, 28.237572
106652, 116, 133.17189
106653, 113, 28.57714
106654, 115, 79.62558
106655, 106, 99.068535
106656, 108, 28.267479
106657, 115, 58.55671
106658, 112, 125.94663
106659, 106, 130.28949
106660, 115, 120.73911
106661, 100, 145.20522
106662, 118, 115.69883
106663, 105, 69.40862
106664, 108, 47.727757
106665, 106, 46.624134
106666, 101, 23.577744
106667, 107, 62.393154
106668, 119, 90.004555
106669, 119, 74.979614
106670, 118, 144.02982
106671, 115, 126.25322
106672, 119, 77.22769
106673, 118, 138.17244
106674, 106, 135.09174
106675, 118, 27.58457
106676, 117, 130.64906
106677, 113, 83.71557
106678, 119, 132.0567
106679, 100, 7.6544256
106680, 106, 4.836407
106681, 102, 5.700776
106682, 115, 100.21884
106683, 109, 135.07272
106684, 114, 122.540924
106685, 105, 133.22731
106686, 115, 35.807983
106687, 103, 12.194172
106688, 116, 134.26813
106689, 114, 3.6004364
106690, 109, 109.55774
106691, 102, 133.90755
106692, 112, 145.23018
106693, 113, 34.82905
106694, 108, 7.464373
106695, 103, 117.22912
106696, 110, 50.426388
106697, 108, 68.961105
106698, 106, 119.628815
106699, 117, 59.780388
106700, 112, 0.18844306
106701, 115, 71.61966
106702, 100, 61.95084
106703, 116, 5.416793
106704, 118, 95.49578
106705, 111, 23.317131
106706, 118, 82.12784
106707, 105, 38.31499
106708, 118, 93.68697
106709, 116, 88.07
106710, 112, 130.78564
106711, 115, 60.209316
106712, 113, 75.87366
106713, 119, 64.93383
106714, 100, 17.140352
106715, 114, 147.84209
106716, 106, 44.909184
106717, 109, 39.855408
106718, 113, 112.1718
106719, 112, 145.78285
106720, 118, 137.76814
106721, 109, 138.60736
106722, 104, 31.229952
106723, 102, 18.176838
106724, 118, 88.35249
106725, 104, 16.485796
106726, 100, 91.59928
106727, 101, 103.66543
106728, 101, 39.62457
106729, 115, 0.94892085
106730, 118, 12.2213335
106731, 100, 107.17999
106732, 118, 23.760206
106733, 112, 61.875423
106734, 101, 115.50605
106735, 115, 98.33809
106736, 110, 30.510717
106737, 111, 42.968185
106738, 119, 117.13127
106739, 101, 54.856297
106740, 109, 140.41153
106741, 102, 68.479126
106742, 100, 121.954544
106743, 107, 61.753017
106744, 117, 27.35231
106745, 107, 18.489065
106746, 106, 55.644276
106747, 100, 50.035946
106748, 103, 37.1525
106749, 106, 141.82924
106750, 113, 58.13238
106751, 107, 7.9854817
106752, 113, 109.67491
106753, 118, 103.235214
106754, 110, 13.973755
106755, 106, 34.78469
106756, 100, 10.309571
106757, 104, 116.29991
106758, 108, 130.7482
106759, 103, 23.870846
106760, 104, 87.353775
106761, 102, 30.538237
106762, 101, 146.50346
106763, 106, 63.20705
106764, 107, 18.874588
106765, 106, 54.90607
106766, 100, 16.671108
106767, 101, 148.53311
106768, 107, 68.875626
106769, 107, 69.64046
106770, 107, 59.129913
106771, 116, 101.28803
106772, 107, 31.342783
106773, 110, 117.208626
106774, 103, 142.22055
106775, 106, 144.18431
106776, 117, 115.48034
106777, 114, 92.50021
106778, 102, 41.675617
106779, 103, 45.785576
106780, 104, 67.33636
106781, 118, 109.91034
106782, 100, 142.12328
106783, 103, 7.9252033
106784, 116, 111.4021
106785, 107, 60.560604
106786, 109, 130.13028
106787, 107, 112.78611
106788, 104, 100.071365
106789, 100, 86.65886
106790, 108, 103.29944
106791, 100, 105.30915
106792, 111, 118.24255
106793, 111, 126.90473
106794, 110, 8.478292
106795, 110, 101.410095
106796, 106, 60.74092
106797, 101, 75.575165
106798, 107, 147.9745
106799, 105, 59.403904
106800, 100, 76.6466
106801, 100, 59.1433
106802, 113, 124.669914
106803, 119, 35.14504
106804, 115, 0.8943826
106805, 115, 29.161871
106806, 103, 85.99634
106807, 107, 2.6139557
106808, 100, 3.7336528
106809, 119, 55.18763
106810, 119, 144.35564
106811, 107, 125.397705
106812, 101, 106.183235
106813, 117, 2.1756382
106814, 113, 17.528673
106815, 119, 113.59811
106816, 114, 117.208954
106817, 117, 22.942444
106818, 108, 124.644104
106819, 117, 69.108574
106820, 103, 51.878197
106821, 112, 149.5144
106822, 114, 9.79076
106823, 114, 87.65358
106824, 118, 121.24104
106825, 112, 43.286884
106826, 118, 132.192
106827, 100, 101.40881
106828, 103, 108.5551
106829, 110, 11.689952
106830, 117, 10.830501
106831, 119, 12.40663
106832, 106, 24.273554
106833, 118, 83.31378
106834, 119, 86.27068
106835, 113, 12.722477
106836, 116, 15.345097
106837, 111, 127.676956
106838, 107, 128.37314
106839, 117, 45.110115
106840, 100, 1.8368036
106841, 113, 71.65087
106842, 106, 50.242226
106843, 117, 117.23407
106844, 102, 144.54318
106845, 116, 91.88576
106846, 105, 36.59835
106847, 110, 118.819984
106848, 107, 35.347626
106849, 100, 105.52699
106850, 118, 140.67003
106851, 117, 86.883736
106852, 110, 64.555336
106853, 106, 67.34264
106854, 113, 33.969624
106855, 108, 55.72012
106856, 115, 19.458685
106857, 107, 120.63268
106858, 107, 109.23507
106859, 113, 5.1999717
106860, 101, 116.74203
106861, 117, 13.753832
106862, 119, 6.057626
106863, 119, 39.643406
106864, 100, 45.72344
106865, 100, 149.96542
106866, 104, 63.734863
106867, 102, 125.34965
106868, 101, 28.220495
106869, 110, 4.1680365
106870, 104, 131.88019
106871, 111, 136.9855
106872, 101, 89.09819
106873, 108, 20.774736
106874, 115, 108.752365
106875, 100, 10.117346
106876, 113, 128.00829
106877, 107, 47.366898
106878, 107, 142.17033
106879, 117, 123.0738
106880, 114, 63.05127
106881, 101, 44.056347
106882, 116, 53.14708
106883, 103, 56.056355
106884, 115, 90.97917
106885, 110, 147.10394
106886, 107, 112.21266
106887, 105, 48.31877
106888, 115, 128.60515
106889, 103, 35.563095
106890, 118, 49.057022
106891, 100, 45.401787
106892, 113, 106.726875
106893, 109, 12.578667
106894, 106, 45.85959
106895, 105, 18.575218
106896, 118, 95.34385
106897, 100, 20.970306
106898, 107, 136.15044
106899, 106, 142.4526
106900, 114, 75.57867
106901, 102, 22.335094
106902, 102, 124.661865
106903, 109, 128.02325
106904, 108, 102.29253
106905, 113, 83.64202
106906, 106, 63.282932
106907, 106, 109.98734
106908, 113, 58.016556
106909, 108, 42.481667
106910, 113, 9.328249
106911, 113, 6.059298
106912, 103, 16.373161
106913, 105, 141.32289
106914, 117, 30.990574
106915, 118, 121.86607
106916, 101, 73.5038
106917, 112, 40.056736
106918, 111, 74.3355
106919, 101, 35.68695
106920, 119, 103.66926
106921, 109, 95.72445
106922, 102, 0.43667257
106923, 118, 90.68425
106924, 109, 23.89376
106925, 119, 128.63861
106926, 101, 114.98593
106927, 109, 76.33413
106928, 100, 70.33055
106929, 111, 68.26543
106930, 103, 38.270634
106931, 112, 128.28053
106932, 118, 117.1395
106933, 118, 70.51871
106934, 104, 78.57973
106935, 112, 2.841282
106936, 117, 79.35848
106937, 113, 16.615713
106938, 108, 80.072014
106939, 108, 121.919685
106940, 108, 112.89414
106941, 102, 91.379265
106942, 111, 20.590862
106943, 118, 42.86414
106944, 115, 48.340515
106945, 110, 114.07209
106946, 119, 20.223087
106947, 104, 86.19816
106948, 117, 82.97383
106949, 114, 5.2229314
106950, 116, 46.230583
106951, 105, 24.636572
106952, 114, 135.10475
106953, 116, 114.72827
106954, 116, 116.48942
106955, 119, 48.445747
106956, 102, 55.82682
106957, 113, 5.8709087
106958, 114, 8.097964
106959, 119, 60.255318
106960, 114, 83.29266
106961, 101, 42.71281
106962, 109, 3.5623133
106963, 111, 83.34752
106964, 114, 137.79698
106965, 115, 80.801994
106966, 102, 81.58986
106967, 103, 82.633095
106968, 116, 120.79341
106969, 115, 58.313362
106970, 101, 47.69489
106971, 115, 137.67912
106972, 106, 59.818634
106973, 112, 12.071094
106974, 103, 137.75941
106975, 104, 123.924065
106976, 106, 123.86914
106977, 106, 75.08994
106978, 115, 0.50187707
106979, 116, 98.98304
106980, 112, 147.03104
106981, 102, 80.886856
106982, 104, 1.7361939
106983, 108, 69.967476
106984, 105, 139.60828
106985, 118, 58.423313
106986, 114, 110.548
106987, 105, 70.83113
106988, 103, 71.52693
106989, 101, 60.87799
106990, 118, 4.8099427
106991, 104, 42.910408
106992, 111, 43.317406
106993, 108, 111.86654
106994, 102, 59.39591
106995, 106, 114.59036
106996, 107, 109.247734
106997, 101, 19.27539
106998, 110, 102.848206
106999, 115, 18.729195
107000, 102, 0.31510592
107001, 110, 89.17128
107002, 118, 73.05574
107003, 113, 108.25178
107004, 101, 103.53923
107005, 119, 147.37202
107006, 104, 139.77322
107007, 101, 59.144085
107008, 108, 80.22033
107009, 110, 138.9353
107010, 118, 79.856735
107011, 118, 1.766476
107012, 119, 26.22174
107013, 106, 74.42727
107014, 105, 74.86856
107015, 103, 106.61088
107016, 119, 101.292274
107017, 115, 9.987527
107018, 106, 70.485214
107019, 102, 20.813745
107020, 102, 58.62523
107021, 118, 136.40643
107022, 107, 102.581505
107023, 119, 89.42638
107024, 117, 56.111626
107025, 114, 29.037228
107026, 103, 47.725143
107027, 118, 32.252956
107028, 105, 114.380775
107029, 115, 132.12616
107030, 107, 20.255756
107031, 111, 66.016335
107032, 102, 53.777603
107033, 112, 128.89244
107034, 100, 33.465473
107035, 110, 119.515236
107036, 114, 17.389397
107037, 112, 52.42965
107038, 100, 70.091545
107039, 104, 64.44085
107040, 104, 105.64052
107041, 111, 61.87688
107042, 116, 36.877148
107043, 110, 87.1026
107044, 103, 58.95408
107045, 107, 93.12182
107046, 119, 139.89134
107047, 107, 38.687656
107048, 101, 140.79854
107049, 107, 52.683224
107050, 107, 126.13293
107051, 117, 104.40912
107052, 100, 97.35063
107053, 113, 125.17427
107054, 113, 120.97912
107055, 106, 95.02982
107056, 110, 43.58348
107057, 112, 53.375904
107058, 105, 19.157267
107059, 113, 146.86673
107060, 106, 14.677459
107061, 117, 87.014305
107062, 106, 29.891127
107063, 105, 38.47787
107064, 102, 46.124886
107065, 108, 114.42048
107066, 107, 109.41495
107067, 107, 83.22499
107068, 106, 38.96782
107069, 113, 73.42908
107070, 106, 91.09622
107071, 105, 132.19522
107072, 119, 19.341759
107073, 108, 115.2599
107074, 119, 89.82713
107075, 111, 36.249786
107076, 112, 10.803732
107077, 117, 113.74386
107078, 110, 44.99604
107079, 102, 14.012933
107080, 116, 121.64018
107081, 111, 33.05862
107082, 107, 101.89519
107083, 117, 60.60141
107084, 115, 62.84187
107085, 110, 52.559753
107086, 114, 14.5641
107087, 110, 118.69889
107088, 107, 19.425926
107089, 101, 72.530624
107090, 112, 124.44969
107091, 108, 16.73262
107092, 117, 39.705044
107093, 117, 27.09817
107094, 104, 61.0501
107095, 108, 107.01813
107096, 111, 5.588892
107097, 116, 117.33567
107098, 119, 44.31857
107099, 100, 137.17493
107100, 101, 80.08502
107101, 104, 74.82055
107102, 100, 8.405667
107103, 114, 61.23309
107104, 118, 100.70485
107105, 118, 30.142208
107106, 117, 90.65944
107107, 117, 44.805603
107108, 119, 111.42075
107109, 100, 137.45325
107110, 117, 113.962074
107111, 109, 130.8589
107112, 104, 60.009117
107113, 115, 145.87306
107114, 106, 123.619125
107115, 106, 74.6753
107116, 106, 35.93605
