94555, 119, 108.6307
94556, 114, 106.936455
94557, 114, 84.20868
94558, 112, 52.97353
94559, 115, 54.231674
94560, 114, 73.82453
94561, 104, 131.29306
94562, 112, 34.09964
94563, 118, 45.036427
94564, 117, 35.499912
94565, 112, 58.486095
94566, 103, 1.7322153
94567, 118, 83.436874
94568, 112, 130.23692
94569, 113, 148.38242
94570, 107, 18.639654
94571, 117, 57.62253
94572, 109, 9.955252
94573, 113, 111.89046
94574, 119, 141.93277
94575, 105, 52.154293
94576, 113, 89.51082
94577, 113, 109.09878
94578, 105, 98.29865
94579, 104, 59.368534
94580, 117, 54.27117
94581, 118, 121.66047
94582, 106, 28.279343
94583, 106, 6.030929
94584, 105, 110.21513
94585, 118, 84.8694
94586, 108, 100.788055
94587, 107, 128.40051
94588, 110, 100.55846
94589, 114, 127.322296
94590, 110, 72.726685
94591, 118, 125.15066
94592, 114, 124.17541
94593, 113, 118.74634
94594, 117, 16.083134
94595, 100, 118.10699
94596, 100, 76.61276
94597, 106, 25.577581
94598, 104, 2.3176074
94599, 104, 52.499065
94600, 101, 86.23612
94601, 109, 30.408356
94602, 102, 25.064796
94603, 114, 17.359776
94604, 110, 41.99962
94605, 112, 73.96863
94606, 102, 35.756653
94607, 104, 6.538716
94608, 101, 28.699108
94609, 111, 115.5315
94610, 108, 12.531191
94611, 109, 11.005148
94612, 110, 72.0054
94613, 111, 2.2159605
94614, 118, 63.327644
94615, 118, 70.42175
94616, 100, 138.81664
94617, 102, 15.612862
94618, 104, 33.592003
94619, 115, 8.973357
94620, 105, 140.62566
94621, 100, 36.128746
94622, 110, 26.146755
94623, 104, 38.750687
94624, 115, 117.66265
94625, 104, 145.7465
94626, 109, 99.31505
94627, 116, 12.765705
94628, 109, 29.723167
94629, 116, 131.16144
94630, 100, 120.07537
94631, 105, 0.28415322
94632, 105, 88.061806
94633, 110, 97.98942
94634, 114, 60.433083
94635, 104, 42.30628
94636, 119, 50.95109
94637, 101, 27.009523
94638, 112, 91.83599
94639, 114, 79.493416
94640, 106, 105.033035
94641, 118, 114.93582
94642, 115, 61.574417
94643, 111, 102.42456
94644, 106, 63.715725
94645, 101, 30.44865
94646, 106, 19.912264
94647, 101, 16.075499
94648, 100, 75.02529
94649, 103, 101.53261
94650, 107, 90.54551
94651, 119, 53.940548
94652, 118, 69.37763
94653, 115, 131.70544
94654, 115, 25.65625
94655, 108, 132.98138
94656, 102, 96.27863
94657, 115, 6.9275913
94658, 107, 36.51147
94659, 100, 16.707506
94660, 107, 82.52947
94661, 113, 27.878193
94662, 112, 121.89654
94663, 102, 104.00415
94664, 106, 54.762993
94665, 103, 103.3004
94666, 119, 63.48296
94667, 111, 106.00027
94668, 115, 52.336727
94669, 112, 51.09493
94670, 109, 49.718105
94671, 114, 52.24005
94672, 117, 118.210014
94673, 102, 136.12962
94674, 101, 67.79869
94675, 107, 38.505123
94676, 114, 92.115036
94677, 110, 85.812706
94678, 118, 48.091393
94679, 108, 127.74015
94680, 110, 142.22392
94681, 109, 116.21974
94682, 106, 34.417614
94683, 119, 116.0038
94684, 118, 17.589336
94685, 100, 98.794395
94686, 101, 0.92167854
94687, 117, 61.522133
94688, 116, 144.45476
94689, 111, 44.774517
94690, 110, 30.63367
94691, 104, 90.29375
94692, 108, 101.85347
94693, 105, 41.729977
94694, 115, 10.325906
94695, 104, 104.77967
94696, 112, 28.095013
94697, 115, 55.114872
94698, 107, 142.25424
94699, 116, 135.41708
94700, 119, 21.516376
94701, 104, 47.64029
94702, 119, 61.4214
94703, 109, 54.320328
94704, 116, 38.93928
94705, 115, 39.276337
94706, 100, 70.24698
94707, 102, 39.231518
94708, 119, 30.535116
94709, 102, 79.23821
94710, 112, 67.94489
94711, 109, 79.73957
94712, 109, 10.535538
94713, 106, 123.6506
94714, 111, 19.165314
94715, 116, 37.769455
94716, 116, 58.29209
94717, 114, 144.51321
94718, 113, 69.32944
94719, 118, 50.928272
94720, 117, 112.61294
94721, 116, 147.61533
94722, 108, 146.78268
94723, 110, 70.97322
94724, 105, 97.43784
94725, 101, 56.854855
94726, 117, 112.87157
94727, 115, 146.41849
94728, 111, 12.8517685
94729, 108, 39.712975
94730, 100, 55.511875
94731, 102, 130.6507
94732, 117, 145.57788
94733, 104, 5.228314
94734, 112, 129.0448
94735, 119, 15.7058
94736, 113, 0.9763777
94737, 112, 121.577934
94738, 114, 60.917465
94739, 101, 25.935047
94740, 117, 40.63664
94741, 101, 81.446754
94742, 108, 119.54845
94743, 111, 17.979446
94744, 118, 6.042364
94745, 104, 115.11002
94746, 111, 115.72547
94747, 104, 71.48671
94748, 117, 124.270424
94749, 115, 88.99244
94750, 117, 9.956709
94751, 118, 76.37221
94752, 111, 146.80154
94753, 109, 49.12379
94754, 112, 107.526955
94755, 106, 48.386425
94756, 104, 22.002367
94757, 119, 38.72249
94758, 107, 22.39986
94759, 111, 84.01554
94760, 110, 5.962935
94761, 111, 43.383373
94762, 117, 11.281469
94763, 107, 5.8268127
94764, 112, 41.351597
94765, 106, 74.42838
94766, 103, 134.55441
94767, 114, 96.7961
94768, 101, 118.523705
94769, 105, 55.26181
94770, 116, 90.572014
94771, 119, 49.90189
94772, 114, 7.033932
94773, 109, 62.144638
94774, 118, 79.6194
94775, 101, 86.758446
94776, 111, 13.150343
94777, 104, 24.797487
94778, 101, 46.356876
94779, 101, 71.07222
94780, 107, 41.676422
94781, 100, 136.3254
94782, 114, 105.66913
94783, 111, 108.015114
94784, 100, 46.10989
94785, 100, 143.43082
94786, 102, 5.101955
94787, 101, 50.34307
94788, 113, 38.245888
94789, 111, 56.75295
94790, 117, 110.139015
94791, 115, 85.540054
94792, 115, 32.45278
94793, 102, 6.8286986
94794, 108, 80.3443
94795, 116, 120.55478
94796, 115, 119.119354
94797, 111, 93.67072
94798, 116, 47.655586
94799, 110, 110.27562
94800, 116, 79.49306
94801, 116, 95.260056
94802, 104, 18.197939
94803, 107, 125.44313
94804, 118, 74.98164
94805, 107, 56.612
94806, 105, 11.790239
94807, 119, 115.45716
94808, 107, 101.92668
94809, 104, 3.5994709
94810, 103, 145.13991
94811, 105, 76.339134
94812, 113, 52.5451
94813, 106, 61.31471
94814, 104, 22.48207
94815, 111, 33.573185
94816, 106, 140.67052
94817, 109, 13.448596
94818, 116, 17.284182
94819, 118, 33.913593
94820, 106, 15.288869
94821, 111, 60.064255
94822, 117, 31.027122
94823, 119, 49.932297
94824, 100, 112.71506
94825, 104, 66.12696
94826, 105, 81.72979
94827, 119, 127.7817
94828, 104, 72.31235
94829, 115, 143.59697
94830, 112, 31.80178
94831, 105, 139.68854
94832, 113, 36.70983
94833, 104, 69.12852
94834, 104, 96.675964
94835, 108, 31.821844
94836, 108, 26.869457
94837, 112, 108.03094
94838, 117, 11.703774
94839, 106, 10.287899
94840, 105, 31.349758
94841, 108, 95.08632
94842, 102, 50.43068
94843, 105, 92.56537
94844, 119, 124.70068
94845, 115, 123.1324
94846, 104, 95.019714
94847, 110, 99.23028
94848, 103, 30.344313
94849, 118, 37.742928
94850, 114, 139.90619
94851, 113, 42.186295
94852, 115, 49.142708
94853, 103, 112.07669
94854, 100, 131.91658
94855, 116, 112.76029
94856, 112, 38.96031
94857, 102, 31.45903
94858, 106, 35.536526
94859, 117, 131.88292
94860, 117, 27.145323
94861, 119, 96.29261
94862, 111, 131.50175
94863, 101, 122.18351
94864, 111, 12.846386
94865, 103, 89.63892
94866, 117, 135.81201
94867, 119, 32.549305
94868, 114, 15.879231
94869, 113, 52.2897
94870, 115, 5.309388
94871, 101, 59.895103
94872, 106, 139.63068
94873, 119, 101.594955
94874, 107, 12.168262
94875, 117, 39.242756
94876, 118, 57.531433
94877, 105, 41.57324
94878, 106, 135.97072
94879, 100, 69.89644
94880, 106, 30.107769
94881, 114, 6.192067
94882, 104, 68.178314
94883, 106, 24.932787
94884, 102, 106.37377
94885, 100, 61.49649
94886, 111, 128.22649
94887, 107, 67.069
94888, 119, 96.07506
94889, 103, 110.45051
94890, 118, 125.565254
94891, 112, 40.117012
94892, 109, 5.110636
94893, 100, 26.82935
94894, 113, 149.03561
94895, 107, 127.67039
94896, 115, 6.723815
94897, 117, 3.1820922
94898, 118, 104.55189
94899, 119, 28.39635
94900, 110, 98.466354
94901, 117, 8.151814
94902, 112, 79.90978
94903, 102, 18.99561
94904, 111, 30.417377
94905, 107, 48.65767
94906, 115, 101.410515
94907, 111, 124.40779
94908, 107, 101.09419
94909, 101, 141.75185
94910, 104, 106.37492
94911, 111, 78.96209
94912, 100, 101.80392
94913, 113, 26.998257
94914, 104, 114.08199
94915, 104, 141.8517
94916, 107, 55.999947
94917, 117, 44.733685
94918, 112, 49.60488
94919, 100, 74.73902
94920, 116, 1.037085
94921, 101, 138.77747
94922, 110, 82.19335
94923, 100, 49.5987
94924, 105, 50.644432
94925, 101, 37.493465
94926, 106, 119.542114
94927, 105, 10.272368
94928, 104, 41.132748
94929, 107, 37.58507
94930, 102, 106.457794
94931, 118, 84.40273
94932, 110, 88.472786
94933, 114, 129.65515
94934, 102, 60.650764
94935, 102, 143.11444
94936, 119, 80.795746
94937, 113, 26.10941
94938, 110, 28.527187
94939, 104, 130.25185
94940, 112, 66.0219
94941, 110, 3.7396789
94942, 102, 71.72699
94943, 117, 67.13478
94944, 118, 149.48967
94945, 109, 80.77652
94946, 110, 50.592793
94947, 113, 134.12611
94948, 100, 56.163918
94949, 119, 22.773
94950, 101, 50.336704
94951, 103, 65.76197
94952, 102, 66.76818
94953, 119, 82.60787
94954, 109, 102.19283
94955, 100, 124.53353
94956, 103, 40.21115
94957, 108, 64.8524
94958, 100, 27.097061
94959, 104, 45.143257
94960, 108, 60.249336
94961, 106, 99.59529
94962, 105, 62.990017
94963, 113, 122.33642
94964, 108, 97.95205
94965, 100, 37.153484
94966, 112, 14.19366
94967, 108, 75.37181
94968, 115, 20.893755
94969, 113, 109.13711
94970, 102, 27.621933
94971, 114, 143.02887
94972, 117, 127.74118
94973, 104, 108.01506
94974, 103, 141.25967
94975, 100, 129.1513
94976, 113, 68.27044
94977, 100, 140.16841
94978, 100, 25.464142
94979, 102, 126.57594
94980, 105, 132.9847
94981, 105, 123.5856
94982, 112, 122.73293
94983, 115, 12.05324
94984, 100, 82.54137
94985, 103, 51.71055
94986, 117, 55.454456
94987, 118, 141.91544
94988, 116, 35.267982
94989, 108, 15.899894
94990, 111, 135.30165
94991, 115, 40.434093
94992, 100, 12.465736
94993, 100, 7.0897045
94994, 107, 7.7041717
94995, 101, 108.37742
94996, 101, 82.86511
94997, 105, 92.02051
94998, 106, 27.56566
94999, 111, 81.681725
95000, 114, 42.989803
95001, 113, 20.01889
95002, 118, 105.250725
95003, 116, 61.252125
95004, 108, 43.24065
95005, 110, 147.53436
95006, 116, 56.469486
95007, 111, 111.33083
95008, 111, 144.55652
95009, 118, 5.4211826
95010, 112, 65.20075
95011, 105, 129.34338
95012, 104, 132.90025
95013, 109, 82.70449
95014, 118, 14.096618
95015, 103, 19.364655
95016, 111, 96.545494
95017, 114, 119.52467
95018, 108, 13.733867
95019, 101, 114.549995
95020, 113, 26.52685
95021, 110, 55.522217
95022, 104, 60.255978
95023, 114, 36.006966
95024, 102, 12.416893
95025, 106, 6.5472007
95026, 101, 16.240507
95027, 102, 95.85099
95028, 110, 57.584095
95029, 111, 110.62091
95030, 106, 145.98222
95031, 118, 105.53768
95032, 106, 88.46085
95033, 106, 14.886859
95034, 101, 18.129784
95035, 107, 99.39108
95036, 108, 74.6236
95037, 116, 80.55037
95038, 102, 80.268036
95039, 115, 100.36048
95040, 108, 95.93365
95041, 119, 81.47115
95042, 113, 25.380724
95043, 106, 89.16928
95044, 115, 111.54675
95045, 101, 30.196255
95046, 112, 102.87961
95047, 110, 96.90181
95048, 107, 54.20059
95049, 101, 4.652846
95050, 108, 138.86378
95051, 105, 41.461544
95052, 108, 143.88477
95053, 115, 72.79102
95054, 119, 57.639107
95055, 116, 103.105515
95056, 113, 23.245874
95057, 110, 113.053955
95058, 115, 39.93686
95059, 103, 1.4227778
95060, 119, 141.89125
95061, 109, 111.61354
95062, 114, 15.598342
95063, 103, 8.662471
95064, 114, 51.50552
95065, 107, 32.057728
95066, 116, 52.4039
95067, 108, 86.231
95068, 100, 136.12837
95069, 107, 94.395485
95070, 110, 111.49698
95071, 107, 45.02349
95072, 104, 67.65254
95073, 114, 10.19117
95074, 111, 0.55020154
95075, 106, 80.63136
95076, 117, 136.02911
95077, 118, 38.43071
95078, 119, 41.274906
95079, 105, 80.49252
95080, 112, 108.11414
95081, 119, 82.56814
95082, 111, 139.38213
95083, 101, 49.85675
95084, 119, 38.78002
95085, 110, 134.84468
95086, 116, 133.4216
95087, 109, 133.2852
95088, 116, 54.959286
95089, 116, 128.00208
95090, 115, 134.8527
95091, 116, 66.26448
95092, 108, 51.08536
95093, 106, 124.99806
95094, 115, 89.61802
95095, 109, 66.63775
95096, 114, 43.9319
95097, 102, 16.457266
95098, 102, 93.24272
95099, 107, 133.99687
95100, 119, 127.71234
95101, 117, 78.54193
95102, 108, 5.978733
95103, 103, 111.63908
95104, 104, 21.339243
95105, 104, 140.62502
95106, 109, 74.7922
95107, 104, 118.29502
95108, 112, 128.27396
95109, 108, 1.443556
95110, 116, 136.61996
95111, 112, 125.576195
95112, 102, 92.50506
95113, 119, 18.23675
95114, 105, 64.074554
95115, 111, 26.414833
95116, 113, 30.00226
95117, 111, 143.47987
95118, 111, 84.33438
95119, 114, 42.121456
95120, 102, 117.32294
95121, 100, 92.44724
95122, 102, 71.6298
95123, 104, 110.321304
95124, 100, 73.46222
95125, 105, 70.04577
95126, 116, 64.04998
95127, 117, 98.08466
95128, 107, 9.71125
95129, 112, 18.889404
95130, 114, 75.431984
95131, 114, 121.29305
95132, 107, 74.96482
95133, 103, 72.32498
95134, 105, 83.26066
95135, 119, 108.70034
95136, 110, 66.48504
95137, 118, 87.81323
95138, 117, 121.43635
95139, 111, 15.727204
95140, 113, 38.468025
95141, 105, 102.225876
95142, 111, 69.57973
95143, 117, 28.851772
95144, 101, 41.128654
95145, 104, 10.064488
95146, 114, 5.986744
95147, 103, 148.56013
95148, 107, 121.745834
95149, 108, 2.3776798
95150, 114, 132.7391
95151, 109, 55.370747
95152, 107, 47.842644
95153, 108, 45.399883
95154, 109, 11.423055
95155, 114, 119.18485
95156, 114, 4.668045
95157, 101, 146.5877
95158, 110, 31.916008
95159, 116, 17.754686
95160, 119, 48.02692
95161, 116, 136.62895
95162, 104, 23.01659
95163, 105, 148.47137
95164, 106, 146.97499
95165, 113, 1.8392175
95166, 116, 50.456875
95167, 101, 69.52839
95168, 101, 96.40478
95169, 107, 139.61916
95170, 114, 29.696238
95171, 101, 37.932453
95172, 114, 47.90359
95173, 119, 55.878273
95174, 114, 0.96217096
95175, 118, 25.067095
95176, 111, 93.79495
95177, 117, 58.335613
95178, 107, 12.603495
95179, 104, 116.54197
95180, 112, 44.223618
95181, 117, 57.22594
95182, 115, 107.17282
95183, 117, 95.31805
95184, 110, 15.008658
95185, 114, 31.291222
95186, 106, 68.75929
95187, 107, 68.68951
95188, 118, 53.709206
95189, 111, 121.673515
95190, 114, 34.196842
95191, 108, 106.73978
95192, 116, 111.91119
95193, 106, 74.449715
95194, 113, 45.97839
95195, 100, 7.0988326
95196, 119, 148.32541
95197, 101, 62.341045
95198, 114, 98.16948
95199, 118, 59.174625
95200, 109, 99.20357
95201, 109, 131.93578
95202, 113, 86.65395
95203, 102, 134.35303
95204, 100, 82.16979
95205, 109, 118.96794
95206, 119, 35.671528
95207, 115, 73.182785
95208, 100, 97.71107
95209, 117, 121.74141
95210, 106, 146.02924
95211, 102, 67.03292
95212, 106, 32.154865
95213, 116, 30.85016
95214, 101, 49.184578
95215, 106, 104.05731
95216, 107, 142.73956
95217, 111, 68.39261
95218, 110, 6.85485
95219, 119, 106.882195
95220, 108, 48.74921
95221, 100, 89.29616
95222, 100, 118.88954
95223, 111, 85.23356
95224, 104, 111.28444
95225, 108, 88.50975
95226, 112, 76.62981
95227, 101, 22.95725
95228, 112, 24.499458
95229, 102, 97.85422
95230, 119, 53.820618
95231, 108, 18.47282
95232, 111, 106.01186
95233, 105, 136.63213
95234, 106, 48.25078
95235, 112, 59.59079
95236, 108, 62.537975
95237, 117, 74.30325
95238, 109, 136.46007
95239, 102, 41.960888
95240, 107, 26.993689
95241, 107, 86.422134
95242, 102, 47.279556
95243, 113, 148.535
95244, 118, 85.12119
95245, 118, 147.62732
95246, 104, 146.54008
95247, 108, 44.33054
95248, 115, 98.276505
95249, 107, 87.329926
95250, 102, 26.36371
95251, 119, 106.490875
95252, 119, 96.37263
95253, 118, 32.29951
95254, 113, 44.59233
95255, 107, 69.88849
95256, 107, 109.08887
95257, 106, 0.44883192
95258, 104, 27.57403
95259, 107, 97.12016
95260, 112, 88.813805
95261, 116, 133.34488
95262, 102, 0.5423337
95263, 117, 110.2044
95264, 119, 80.57277
95265, 102, 57.096344
95266, 108, 54.454567
95267, 119, 8.398095
95268, 100, 50.186035
95269, 105, 11.110192
95270, 111, 91.717125
95271, 116, 88.45704
95272, 112, 35.309467
95273, 105, 48.536736
95274, 111, 129.17865
95275, 101, 14.998833
95276, 118, 37.227837
95277, 119, 45.38613
95278, 110, 102.31326
95279, 113, 92.37942
95280, 106, 94.40688
95281, 103, 45.66612
95282, 118, 55.55124
95283, 102, 117.9515
95284, 113, 73.27471
95285, 109, 107.214195
95286, 103, 22.222147
95287, 118, 7.5264573
95288, 117, 43.580757
95289, 105, 124.48795
95290, 113, 136.99489
95291, 118, 85.21298
95292, 101, 14.017447
95293, 111, 73.34679
95294, 112, 120.189285
95295, 119, 4.9439816
95296, 102, 93.38167
95297, 112, 33.357777
95298, 104, 73.25393
95299, 116, 77.85072
95300, 102, 63.17168
95301, 118, 148.84117
95302, 118, 21.971325
95303, 119, 54.450844
95304, 106, 105.65537
95305, 108, 129.11426
95306, 116, 103.66538
95307, 106, 36.760998
95308, 107, 11.53036
95309, 117, 103.50092
95310, 111, 106.36597
95311, 110, 119.68027
95312, 102, 48.830482
95313, 107, 59.376427
95314, 119, 3.270489
95315, 109, 19.288507
95316, 115, 6.076437
95317, 118, 123.64506
95318, 118, 21.658096
95319, 113, 137.65413
95320, 119, 88.98056
95321, 109, 121.811005
95322, 110, 124.48107
95323, 102, 8.129131
95324, 116, 69.408585
95325, 109, 149.24338
95326, 114, 94.67344
95327, 101, 4.7955394
95328, 110, 37.756615
95329, 112, 113.937164
95330, 105, 41.433247
95331, 110, 80.76826
95332, 103, 125.08278
95333, 103, 114.095604
95334, 113, 31.458565
95335, 114, 126.273125
95336, 114, 29.511728
95337, 113, 8.691555
95338, 105, 88.430565
95339, 111, 121.41168
95340, 107, 108.01123
95341, 112, 147.0231
95342, 104, 71.40056
95343, 102, 132.06618
95344, 108, 72.952896
95345, 115, 125.02708
95346, 114, 82.098564
95347, 106, 47.280533
95348, 109, 54.539314
95349, 114, 115.74715
95350, 104, 68.27094
95351, 102, 37.727962
95352, 119, 111.42509
95353, 101, 110.55662
95354, 100, 132.3304
95355, 100, 12.663764
95356, 118, 39.466713
95357, 111, 73.87504
95358, 116, 141.69566
95359, 105, 10.604194
95360, 113, 7.228428
95361, 118, 110.60328
95362, 105, 43.469532
95363, 100, 96.28807
95364, 113, 36.120102
95365, 118, 2.205625
95366, 116, 97.76459
95367, 110, 78.96912
95368, 100, 31.297455
95369, 108, 147.34563
95370, 109, 79.6345
95371, 103, 135.66193
95372, 113, 105.3616
95373, 100, 33.930428
95374, 103, 34.37394
95375, 117, 26.283602
95376, 115, 107.70815
95377, 110, 40.809856
95378, 112, 120.66051
95379, 112, 137.68999
95380, 106, 46.655273
95381, 105, 126.27848
95382, 117, 126.28114
95383, 103, 129.15466
95384, 109, 90.80937
95385, 101, 6.0607104
95386, 108, 96.935555
95387, 114, 101.46502
95388, 117, 118.758804
95389, 115, 67.2511
95390, 101, 40.901997
95391, 113, 142.55228
95392, 111, 42.247295
95393, 117, 52.43505
95394, 109, 60.76701
95395, 116, 24.436087
95396, 110, 144.54558
95397, 118, 18.74376
95398, 107, 76.25635
95399, 109, 120.931786
95400, 105, 64.574524
95401, 105, 134.15318
95402, 105, 114.62044
95403, 108, 137.37105
95404, 112, 95.25982
95405, 105, 35.323967
95406, 109, 60.92887
95407, 105, 131.55853
95408, 118, 129.92924
95409, 118, 21.649092
95410, 102, 67.77975
95411, 101, 145.18121
95412, 100, 89.45509
95413, 103, 3.87505
95414, 114, 16.122204
95415, 114, 121.283585
95416, 106, 68.39092
95417, 104, 115.77016
95418, 103, 102.51822
95419, 114, 41.10589
95420, 112, 11.70854
95421, 114, 113.45735
95422, 117, 3.4191818
95423, 117, 115.006134
95424, 117, 91.86487
95425, 111, 104.90556
95426, 114, 30.99465
95427, 104, 55.3166
95428, 118, 68.47681
95429, 101, 91.674866
95430, 100, 67.108986
95431, 111, 105.484375
95432, 106, 149.1701
95433, 114, 56.611946
95434, 118, 47.980927
95435, 100, 10.677311
95436, 110, 108.86415
95437, 111, 38.250984
95438, 112, 35.0455
95439, 102, 42.822094
95440, 105, 20.237732
95441, 106, 55.30596
95442, 118, 49.07858
95443, 102, 99.78232
95444, 103, 1.5877157
95445, 116, 48.487
95446, 119, 7.298532
95447, 101, 105.69701
95448, 118, 140.57541
95449, 113, 143.33527
95450, 113, 5.3943963
95451, 102, 131.90068
95452, 108, 105.89695
95453, 114, 48.333416
95454, 111, 12.882265
95455, 107, 83.5234
95456, 103, 34.17291
95457, 107, 108.73045
95458, 114, 65.79203
95459, 114, 37.860157
95460, 106, 135.95459
95461, 105, 64.32329
95462, 103, 47.08754
95463, 108, 63.666943
95464, 110, 51.917328
95465, 105, 140.56871
95466, 105, 94.48546
95467, 111, 112.117226
95468, 112, 102.726395
95469, 102, 114.49969
95470, 116, 8.62645
95471, 100, 138.75362
95472, 107, 32.78488
95473, 106, 8.500761
95474, 110, 42.25417
95475, 112, 3.5649776
95476, 108, 138.87418
95477, 105, 107.82591
95478, 105, 62.84607
95479, 113, 140.02765
95480, 105, 102.46057
95481, 104, 90.56115
95482, 102, 49.68177
95483, 101, 61.919205
95484, 111, 40.49695
95485, 112, 76.819885
95486, 108, 48.008995
95487, 104, 90.865135
95488, 107, 123.677734
95489, 111, 88.536415
95490, 114, 8.974367
95491, 111, 137.92511
95492, 118, 133.53111
95493, 119, 97.0954
95494, 118, 93.70488
95495, 114, 126.09024
95496, 117, 89.30826
95497, 108, 68.09587
95498, 119, 145.56538
95499, 116, 22.588099
95500, 107, 130.36868
95501, 118, 4.1151433
95502, 116, 129.82988
95503, 101, 68.86687
95504, 105, 97.32758
95505, 119, 29.040161
95506, 119, 97.49914
95507, 115, 21.79672
95508, 104, 4.2437105
95509, 108, 139.41855
95510, 116, 82.61145
95511, 111, 125.039825
95512, 116, 68.77471
95513, 100, 69.719604
95514, 108, 72.63826
95515, 103, 39.470493
95516, 114, 24.12994
95517, 103, 99.376785
95518, 114, 7.548004
95519, 113, 119.7344
95520, 103, 127.40781
95521, 114, 93.60976
95522, 115, 62.083733
95523, 111, 115.75397
95524, 104, 120.83565
95525, 105, 88.64552
95526, 106, 70.050644
95527, 100, 140.26637
95528, 118, 35.238075
95529, 108, 57.996475
95530, 108, 108.64388
95531, 102, 55.776035
95532, 115, 105.279884
95533, 107, 30.434793
95534, 100, 135.17421
95535, 119, 134.30388
95536, 103, 21.98082
95537, 104, 18.384003
95538, 118, 96.22679
95539, 107, 4.4927716
95540, 104, 28.110794
95541, 119, 116.8256
95542, 117, 10.627895
95543, 102, 135.98521
95544, 111, 98.81169
95545, 115, 29.764124
95546, 104, 2.907148
95547, 104, 19.206306
95548, 114, 6.5084963
95549, 110, 9.621817
95550, 101, 17.04044
95551, 119, 24.823362
95552, 103, 111.685524
95553, 110, 99.81884
95554, 115, 123.68503
95555, 110, 34.28095
95556, 111, 120.01356
95557, 119, 98.9045
95558, 107, 93.32528
95559, 119, 103.32763
95560, 112, 93.51065
95561, 103, 67.68419
95562, 118, 51.82921
95563, 103, 128.32362
95564, 107, 76.74564
95565, 103, 129.85619
95566, 116, 69.93321
95567, 111, 85.71734
95568, 118, 64.64716
95569, 108, 104.072014
95570, 110, 31.102806
95571, 109, 140.13232
95572, 115, 137.52545
95573, 118, 17.711725
95574, 100, 49.95708
95575, 110, 148.1732
95576, 104, 19.031658
95577, 118, 139.30426
95578, 110, 27.40185
95579, 114, 124.94338
95580, 106, 21.316391
95581, 107, 49.011513
95582, 114, 92.01171
95583, 101, 75.80399
95584, 111, 19.95517
95585, 115, 65.19602
95586, 117, 5.854207
95587, 117, 0.04785955
95588, 119, 78.255554
95589, 109, 14.45252
95590, 106, 24.07094
95591, 105, 76.27918
95592, 109, 134.83296
95593, 101, 99.218544
95594, 107, 116.241585
95595, 109, 2.2098274
95596, 118, 90.58545
95597, 119, 77.2832
95598, 105, 80.52342
95599, 107, 84.50573
95600, 105, 135.40665
95601, 106, 75.644295
95602, 111, 96.00713
95603, 104, 38.61005
95604, 114, 0.21355748
95605, 118, 66.69833
95606, 108, 90.322914
95607, 119, 103.16094
95608, 116, 15.653094
95609, 104, 28.171831
95610, 115, 25.734026
95611, 107, 142.24112
95612, 100, 75.728584
95613, 115, 135.31903
95614, 109, 63.14292
95615, 109, 129.8397
95616, 105, 22.255692
95617, 106, 124.016884
95618, 112, 74.081314
95619, 113, 115.80958
95620, 104, 89.21502
95621, 109, 122.13684
95622, 119, 42.28989
95623, 117, 22.46461
95624, 103, 100.48968
95625, 110, 67.09193
95626, 116, 25.365124
95627, 111, 69.52391
95628, 118, 83.66143
95629, 112, 60.60952
95630, 109, 54.814465
95631, 112, 127.35799
95632, 110, 35.30068
95633, 119, 23.91563
95634, 109, 109.009865
95635, 109, 77.56491
95636, 117, 123.23952
95637, 118, 110.386955
95638, 118, 36.99006
95639, 119, 34.832443
95640, 119, 139.07358
95641, 107, 24.47877
95642, 116, 47.417637
95643, 108, 107.89252
95644, 103, 80.403336
95645, 111, 94.77212
95646, 111, 148.9569
95647, 102, 37.21717
95648, 102, 5.9914737
95649, 112, 144.21222
95650, 117, 111.67995
95651, 114, 54.465687
95652, 117, 88.84787
95653, 101, 112.74443
95654, 102, 98.38523
95655, 106, 27.37062
95656, 118, 29.04718
95657, 105, 32.89338
95658, 109, 59.334747
95659, 103, 61.980576
95660, 104, 53.61388
95661, 102, 68.96021
95662, 102, 70.820915
95663, 102, 136.62744
95664, 108, 113.64584
95665, 103, 129.60495
95666, 105, 133.41026
95667, 105, 122.00565
95668, 114, 9.905899
95669, 101, 132.82175
95670, 115, 59.213287
95671, 114, 21.091837
95672, 114, 95.96599
95673, 107, 71.07997
95674, 101, 29.837841
95675, 100, 100.48145
95676, 110, 126.51795
95677, 119, 84.63313
95678, 101, 95.85861
95679, 102, 85.59167
95680, 111, 120.08042
95681, 115, 37.25743
95682, 111, 36.049847
95683, 109, 93.47616
95684, 118, 116.09174
95685, 109, 57.163937
95686, 118, 140.62021
95687, 111, 77.52774
95688, 102, 79.60519
95689, 119, 102.86053
95690, 113, 126.877556
95691, 107, 24.871096
95692, 105, 116.86521
95693, 105, 41.91706
95694, 105, 10.516638
95695, 117, 106.98045
95696, 100, 50.636887
95697, 110, 109.05383
95698, 108, 71.995705
95699, 104, 132.62408
95700, 111, 63.716286
95701, 116, 12.938851
95702, 112, 100.16717
95703, 118, 107.662125
95704, 104, 2.7438374
95705, 118, 65.082275
95706, 118, 40.402668
95707, 102, 89.53617
95708, 115, 113.20224
95709, 107, 79.458015
95710, 110, 50.90131
95711, 119, 114.38404
95712, 101, 149.99489
95713, 104, 18.55021
95714, 115, 92.34146
95715, 118, 64.79217
95716, 104, 88.16498
95717, 103, 53.80049
95718, 119, 133.66908
95719, 103, 149.04103
95720, 111, 112.9149
95721, 102, 29.16154
95722, 101, 94.312584
95723, 111, 140.28418
95724, 112, 141.0363
95725, 100, 126.97887
95726, 101, 7.3931246
95727, 110, 59.35994
95728, 111, 56.75609
95729, 103, 60.92915
95730, 102, 14.983106
95731, 111, 91.96885
95732, 108, 93.46381
95733, 108, 20.382732
95734, 105, 59.373566
95735, 118, 58.39509
95736, 100, 143.97154
95737, 104, 39.2088
95738, 115, 99.90444
95739, 110, 69.27721
95740, 104, 7.253104
95741, 116, 104.81686
95742, 113, 13.321442
95743, 114, 2.7748346
95744, 115, 136.06136
95745, 108, 78.26481
95746, 101, 149.96011
95747, 114, 110.33918
95748, 109, 67.72072
95749, 102, 137.80362
95750, 106, 93.40917
95751, 102, 86.8245
95752, 104, 68.43997
95753, 108, 145.67363
95754, 106, 41.0454
95755, 119, 14.393887
95756, 101, 19.09817
95757, 116, 89.94504
95758, 109, 130.36888
95759, 100, 95.09214
95760, 118, 40.984806
95761, 113, 57.12425
95762, 114, 62.767796
95763, 100, 134.39342
95764, 101, 38.189945
95765, 113, 126.776695
95766, 107, 134.9188
95767, 101, 128.79019
95768, 108, 131.9971
95769, 119, 70.01321
95770, 106, 132.01305
95771, 114, 143.28159
95772, 106, 41.07803
95773, 103, 104.48273
95774, 102, 94.34875
95775, 117, 144.56499
95776, 118, 103.72367
95777, 110, 2.5038958
95778, 106, 4.124701
95779, 100, 91.92629
95780, 101, 25.411472
95781, 107, 74.61111
95782, 107, 116.107544
95783, 107, 92.0904
95784, 114, 25.315315
95785, 100, 73.33827
95786, 108, 113.80109
95787, 115, 18.946972
95788, 118, 144.52028
95789, 106, 12.285251
95790, 112, 7.1988525
95791, 110, 116.07686
95792, 102, 113.68907
95793, 108, 140.4361
95794, 104, 20.080482
95795, 117, 123.87818
95796, 118, 108.23167
95797, 107, 85.80948
95798, 115, 16.056274
95799, 108, 88.73891
95800, 109, 93.13669
95801, 115, 63.80631
95802, 103, 122.5838
95803, 100, 18.579536
95804, 110, 103.70885
95805, 109, 138.94688
95806, 116, 42.26279
95807, 100, 36.119728
95808, 109, 113.15436
95809, 102, 136.55482
95810, 118, 99.49711
95811, 112, 108.427475
95812, 106, 5.8445067
95813, 102, 108.347824
95814, 108, 41.288254
95815, 107, 61.985294
95816, 104, 82.14121
95817, 104, 26.69751
95818, 115, 33.36262
95819, 113, 134.75189
95820, 110, 123.36304
95821, 106, 138.40749
95822, 102, 79.305176
95823, 108, 120.80737
95824, 119, 4.89994
95825, 113, 88.712845
95826, 105, 103.46956
95827, 106, 46.750008
95828, 118, 26.292828
95829, 110, 27.775509
95830, 100, 147.58218
95831, 102, 60.1573
95832, 100, 16.356352
95833, 118, 130.8483
95834, 113, 103.89437
95835, 112, 2.5541782
95836, 113, 77.6991
95837, 119, 83.1157
95838, 116, 81.853836
95839, 101, 133.96638
95840, 113, 9.693986
95841, 109, 78.25368
95842, 104, 9.97265
95843, 105, 135.42758
95844, 118, 86.21988
95845, 118, 66.262886
95846, 113, 31.75132
95847, 106, 1.5684217
95848, 104, 77.35179
95849, 119, 42.580765
95850, 118, 51.049267
95851, 114, 130.33618
95852, 102, 129.50232
95853, 106, 96.565125
95854, 114, 48.152866
95855, 106, 123.615074
95856, 114, 133.72273
95857, 103, 121.389755
95858, 104, 75.1258
95859, 116, 141.78015
95860, 109, 99.67207
95861, 115, 70.65548
95862, 103, 106.37183
95863, 108, 94.51203
95864, 111, 44.712765
95865, 112, 96.34863
95866, 106, 21.827343
95867, 102, 117.53212
95868, 109, 141.93887
95869, 100, 64.21625
95870, 105, 13.990697
95871, 109, 10.987607
95872, 105, 52.807037
95873, 107, 69.60458
95874, 102, 19.529612
95875, 111, 9.568217
95876, 117, 148.14728
95877, 110, 27.277315
95878, 100, 95.779076
95879, 117, 126.17464
95880, 106, 18.687979
95881, 112, 146.60162
95882, 115, 148.174
95883, 102, 36.650475
95884, 102, 0.5602777
95885, 111, 116.516304
95886, 113, 139.71469
95887, 103, 31.008402
95888, 107, 101.7748
95889, 109, 18.949055
95890, 106, 20.840326
95891, 112, 55.62651
95892, 109, 127.13257
95893, 114, 33.43514
95894, 107, 128.05792
95895, 112, 15.182224
95896, 100, 120.02075
95897, 114, 112.02532
95898, 112, 124.57103
95899, 113, 136.29378
95900, 112, 2.1141977
95901, 103, 61.42526
95902, 119, 114.93667
95903, 109, 17.168041
95904, 104, 104.32399
95905, 110, 121.234474
95906, 117, 32.98538
95907, 113, 108.10637
95908, 101, 53.348305
95909, 116, 63.155643
95910, 104, 101.96435
95911, 108, 97.75318
95912, 115, 144.90057
95913, 117, 63.964455
95914, 101, 49.36027
95915, 113, 143.1189
95916, 112, 94.582245
95917, 119, 44.45011
95918, 107, 127.64665
95919, 108, 43.184013
95920, 117, 143.84393
95921, 112, 39.871574
95922, 110, 86.034874
95923, 101, 123.802635
95924, 110, 109.90342
95925, 110, 98.33439
95926, 104, 49.48472
95927, 106, 35.474888
95928, 115, 79.00232
95929, 105, 48.64111
95930, 101, 36.117214
95931, 119, 9.820971
95932, 104, 70.442635
95933, 117, 76.02527
95934, 105, 139.73853
95935, 106, 91.702385
95936, 114, 130.83183
95937, 108, 11.698517
95938, 115, 31.831285
95939, 103, 12.167618
95940, 101, 80.89239
95941, 118, 23.719034
95942, 100, 25.173435
95943, 110, 96.345436
95944, 114, 15.2385235
95945, 105, 97.63497
95946, 107, 80.84993
95947, 114, 138.71568
95948, 119, 143.86023
95949, 116, 58.459057
95950, 100, 117.845695
95951, 117, 103.14085
95952, 111, 8.167023
95953, 105, 149.66191
95954, 107, 53.292732
95955, 106, 145.89159
95956, 115, 58.068268
95957, 112, 68.92395
95958, 109, 2.8541923
95959, 119, 50.04926
95960, 112, 94.84506
95961, 113, 42.103626
95962, 102, 110.65861
95963, 110, 100.53317
95964, 118, 28.715818
95965, 117, 16.391193
95966, 108, 142.00255
95967, 107, 148.82127
95968, 100, 8.104724
95969, 105, 69.8619
95970, 112, 24.594168
95971, 103, 76.828156
95972, 101, 66.17587
95973, 112, 50.33455
95974, 107, 85.34058
95975, 118, 137.61163
95976, 104, 133.41972
95977, 118, 49.336437
95978, 103, 33.080013
95979, 103, 2.4139075
95980, 111, 18.53823
95981, 110, 111.659744
95982, 106, 34.28699
95983, 100, 8.064061
95984, 100, 71.386375
95985, 104, 133.9461
95986, 114, 88.44117
95987, 101, 66.00363
95988, 108, 72.33176
95989, 119, 73.97109
95990, 108, 95.89062
95991, 116, 128.5329
95992, 108, 118.65746
95993, 102, 8.25144
95994, 113, 37.146862
95995, 106, 57.047634
95996, 110, 100.93783
95997, 119, 27.036175
95998, 119, 95.168274
95999, 115, 68.705444
96000, 107, 80.85284
96001, 106, 70.5806
96002, 104, 140.18726
96003, 106, 132.99532
96004, 107, 31.114483
96005, 107, 72.71227
96006, 111, 9.233845
96007, 111, 90.84527
96008, 113, 14.864355
96009, 105, 12.958386
96010, 106, 35.45944
96011, 111, 13.409159
96012, 110, 101.44759
96013, 118, 129.12027
96014, 107, 61.20167
96015, 119, 119.243576
96016, 105, 10.901946
96017, 103, 5.0357223
96018, 119, 45.177643
96019, 105, 105.05932
96020, 108, 38.05739
96021, 101, 62.08088
96022, 100, 78.40426
96023, 115, 112.89961
96024, 103, 37.044453
96025, 113, 20.004622
96026, 102, 136.09926
96027, 111, 75.39471
96028, 102, 70.633736
96029, 113, 0.10585785
96030, 104, 23.037083
96031, 109, 83.76847
96032, 103, 120.95538
96033, 108, 122.1866
96034, 114, 32.664772
96035, 107, 81.40477
96036, 119, 117.99898
96037, 116, 29.317518
96038, 104, 107.07614
96039, 106, 142.08466
96040, 102, 145.57489
96041, 105, 122.92879
96042, 109, 146.66219
96043, 111, 122.69376
96044, 101, 109.560745
96045, 113, 116.199936
96046, 107, 136.37384
96047, 106, 80.49741
96048, 104, 65.59873
96049, 116, 27.916674
96050, 108, 61.833527
96051, 103, 36.855812
96052, 117, 64.24261
96053, 114, 108.41292
96054, 103, 0.8339256
96055, 114, 109.74163
96056, 106, 127.89639
96057, 112, 120.64088
96058, 109, 133.66765
96059, 108, 136.61359
96060, 119, 89.06022
96061, 103, 103.27632
96062, 117, 15.930489
96063, 113, 89.04158
96064, 106, 115.88676
96065, 117, 20.509207
96066, 102, 133.47806
96067, 110, 96.92192
96068, 110, 61.293037
96069, 101, 33.50932
96070, 100, 70.319534
96071, 111, 96.4379
96072, 113, 129.06306
96073, 110, 48.550854
96074, 108, 21.354576
96075, 118, 50.517056
96076, 105, 149.21652
96077, 104, 99.64245
96078, 103, 67.78716
96079, 109, 59.111835
96080, 106, 9.577712
96081, 103, 70.40452
96082, 114, 138.1608
96083, 113, 87.82956
96084, 103, 140.95512
96085, 105, 58.026703
96086, 103, 63.17728
96087, 102, 18.680906
96088, 103, 85.12762
96089, 108, 109.00867
96090, 108, 92.25859
96091, 100, 103.88874
96092, 103, 91.410225
96093, 101, 114.857475
96094, 109, 71.90899
96095, 113, 34.09344
96096, 113, 15.170423
96097, 117, 60.934265
96098, 105, 40.453793
96099, 112, 125.34023
96100, 114, 8.774632
96101, 101, 108.501144
96102, 115, 80.2956
96103, 112, 104.7989
96104, 110, 79.58055
96105, 104, 4.928541
96106, 104, 147.08653
96107, 102, 122.71723
96108, 100, 22.699186
96109, 109, 35.315807
96110, 110, 25.819338
96111, 103, 4.629689
96112, 115, 4.8704267
96113, 112, 145.15758
96114, 117, 53.131218
96115, 110, 46.562496
96116, 109, 103.52958
96117, 103, 130.2573
96118, 104, 8.89517
96119, 101, 76.111534
96120, 103, 82.54464
96121, 101, 59.771774
96122, 102, 131.19287
96123, 107, 48.772816
96124, 104, 111.891655
96125, 106, 41.341175
96126, 111, 126.96845
96127, 114, 9.997201
96128, 117, 93.672325
96129, 114, 116.35618
96130, 111, 46.98724
96131, 104, 39.518684
96132, 116, 101.079155
96133, 107, 32.62707
96134, 105, 75.8705
96135, 114, 51.12884
96136, 107, 96.15181
96137, 110, 71.58062
96138, 114, 54.743187
96139, 107, 29.710106
96140, 114, 42.911114
96141, 102, 63.959732
96142, 101, 85.55807
96143, 107, 2.2566051
96144, 114, 81.988945
96145, 119, 90.58574
96146, 107, 59.574337
96147, 119, 40.415382
96148, 111, 2.7573557
96149, 114, 54.50628
96150, 111, 133.25
96151, 118, 62.626274
96152, 109, 96.85853
96153, 111, 146.80664
96154, 115, 125.24639
96155, 107, 108.57636
96156, 110, 85.76053
96157, 103, 31.12666
96158, 101, 124.021034
96159, 105, 122.296974
96160, 112, 14.058906
96161, 102, 4.9242587
96162, 112, 75.25857
96163, 101, 4.1527123
96164, 100, 116.03871
96165, 105, 32.53598
96166, 117, 19.078382
96167, 107, 67.07431
96168, 117, 75.243675
96169, 117, 119.80859
96170, 106, 40.987934
96171, 108, 1.4514327
96172, 116, 115.26698
96173, 105, 32.33996
96174, 116, 35.6753
96175, 107, 114.28711
96176, 111, 43.755035
96177, 100, 12.651756
96178, 116, 31.647285
96179, 115, 101.59056
96180, 116, 12.367121
96181, 111, 97.73398
96182, 102, 22.097836
96183, 115, 4.63745
96184, 108, 138.17755
96185, 115, 130.27536
96186, 103, 68.69065
96187, 116, 44.891247
96188, 111, 137.49986
96189, 103, 97.81244
96190, 112, 31.92359
96191, 119, 127.625175
96192, 118, 144.44081
96193, 101, 110.25542
96194, 110, 67.56855
96195, 114, 129.18332
96196, 112, 36.981636
96197, 115, 35.19922
96198, 114, 149.3163
96199, 114, 90.51173
96200, 114, 63.622204
96201, 114, 0.6229788
96202, 110, 149.57306
96203, 118, 128.44653
96204, 116, 146.6339
96205, 100, 105.33434
96206, 107, 29.296196
96207, 118, 66.1299
96208, 117, 107.86804
96209, 115, 47.286987
96210, 113, 74.455475
96211, 106, 122.74855
96212, 119, 95.35819
96213, 114, 0.5169332
96214, 112, 121.99515
96215, 112, 73.52113
96216, 118, 45.77221
96217, 113, 77.1977
96218, 110, 36.941822
96219, 104, 128.15643
96220, 107, 89.67435
96221, 107, 21.426504
96222, 111, 58.195774
96223, 112, 76.16283
96224, 115, 2.3582876
96225, 110, 19.668451
96226, 114, 73.48657
96227, 114, 56.323727
96228, 113, 80.240715
96229, 109, 70.10054
96230, 106, 51.08319
96231, 104, 46.69488
96232, 115, 91.64214
96233, 100, 25.530651
96234, 112, 60.06574
96235, 110, 34.268867
96236, 107, 136.01343
96237, 100, 86.40918
96238, 113, 95.2086
96239, 115, 106.25467
96240, 108, 43.147633
96241, 103, 144.05687
96242, 118, 144.99365
96243, 107, 90.828354
96244, 104, 48.372604
96245, 109, 89.72981
96246, 103, 55.983345
96247, 110, 24.262575
96248, 109, 36.75819
96249, 108, 65.3532
96250, 114, 89.41999
96251, 101, 115.95862
96252, 108, 72.74772
96253, 103, 120.14294
96254, 108, 19.17791
96255, 118, 45.08646
96256, 109, 15.494764
96257, 100, 55.275707
96258, 108, 106.90869
96259, 119, 119.50165
96260, 107, 104.44878
96261, 107, 33.099533
96262, 110, 84.04815
96263, 102, 98.580925
96264, 119, 114.32636
96265, 105, 104.35327
96266, 115, 49.400166
96267, 107, 121.57624
96268, 118, 143.63794
96269, 115, 117.390625
96270, 111, 0.75935125
96271, 105, 125.75721
96272, 114, 60.569145
96273, 110, 97.91979
96274, 105, 142.07687
96275, 114, 13.378626
96276, 104, 60.058395
96277, 119, 15.170967
96278, 116, 74.30918
96279, 101, 46.110348
96280, 103, 142.94817
96281, 107, 29.428123
96282, 112, 141.901
96283, 110, 66.94304
96284, 110, 35.18496
96285, 108, 5.565655
96286, 111, 145.31116
96287, 108, 62.394047
96288, 112, 38.080734
96289, 105, 143.24675
96290, 112, 40.882362
96291, 111, 46.267544
96292, 106, 81.92402
96293, 101, 70.02857
96294, 103, 93.42794
96295, 104, 66.25599
96296, 106, 91.49948
96297, 118, 90.74015
96298, 108, 30.040508
96299, 107, 80.12544
96300, 111, 115.17979
96301, 114, 145.48941
96302, 114, 28.77953
96303, 109, 60.454327
96304, 104, 39.62204
96305, 107, 118.953445
96306, 117, 125.85375
96307, 116, 29.092089
96308, 115, 90.63222
96309, 101, 39.20346
96310, 105, 20.236032
96311, 109, 136.68814
96312, 101, 115.59572
96313, 103, 88.54091
96314, 114, 57.029083
96315, 116, 133.11375
96316, 106, 43.379116
96317, 117, 138.34157
96318, 102, 105.86285
96319, 119, 128.47627
96320, 107, 125.36771
96321, 107, 24.216314
96322, 118, 147.86351
96323, 115, 121.58969
96324, 113, 87.448875
96325, 106, 46.66739
96326, 114, 123.173294
96327, 117, 22.990885
96328, 103, 82.242294
96329, 113, 18.62061
96330, 104, 31.745928
96331, 103, 129.27316
96332, 114, 74.7815
96333, 116, 39.59291
96334, 102, 50.614502
96335, 114, 18.49199
96336, 115, 25.654158
96337, 113, 53.474773
96338, 113, 140.9441
96339, 100, 77.69091
96340, 103, 73.99749
96341, 111, 129.8218
96342, 108, 98.72719
96343, 110, 83.53176
96344, 111, 6.7515583
96345, 100, 62.45622
96346, 115, 37.22384
96347, 119, 72.8735
96348, 118, 35.56473
96349, 119, 45.336914
96350, 116, 92.97758
96351, 110, 33.56256
96352, 115, 108.048294
96353, 116, 14.96754
96354, 104, 53.84843
96355, 110, 95.67995
96356, 109, 80.84277
96357, 119, 2.8144062
96358, 118, 91.258865
96359, 103, 65.08821
96360, 105, 31.502527
96361, 110, 112.96777
96362, 108, 69.37079
96363, 118, 18.273193
96364, 108, 112.14663
96365, 102, 85.54764
96366, 107, 11.606267
96367, 109, 111.83254
96368, 117, 127.221
96369, 112, 62.451374
96370, 110, 34.38024
96371, 106, 3.5815449
96372, 106, 54.25001
96373, 105, 45.945686
96374, 107, 49.73385
96375, 110, 34.755646
