25415, 105, 117.174355
25416, 118, 32.098816
25417, 115, 10.776329
25418, 113, 46.120567
25419, 117, 64.92073
25420, 108, 23.288458
25421, 114, 29.765743
25422, 114, 43.268368
25423, 113, 82.497826
25424, 108, 98.384224
25425, 107, 57.861427
25426, 112, 57.501526
25427, 110, 105.68251
25428, 113, 109.25673
25429, 113, 84.92946
25430, 101, 105.8897
25431, 114, 141.19571
25432, 112, 117.52959
25433, 111, 60.415203
25434, 110, 18.40412
25435, 118, 56.69328
25436, 103, 144.95654
25437, 116, 126.00072
25438, 106, 39.844822
25439, 103, 90.3092
25440, 117, 120.5175
25441, 116, 149.3148
25442, 106, 50.774155
25443, 104, 131.49217
25444, 119, 71.686195
25445, 109, 77.866486
25446, 115, 11.707655
25447, 105, 134.33473
25448, 110, 119.607956
25449, 109, 98.73166
25450, 115, 7.6377063
25451, 100, 34.253185
25452, 109, 90.11872
25453, 106, 65.129074
25454, 104, 128.95627
25455, 103, 47.227566
25456, 101, 1.5582383
25457, 119, 54.236053
25458, 113, 128.26514
25459, 100, 127.59228
25460, 113, 5.6243954
25461, 114, 33.159534
25462, 103, 123.92184
25463, 117, 20.942974
25464, 112, 136.90485
25465, 106, 47.348
25466, 116, 96.453964
25467, 115, 98.42157
25468, 100, 14.706856
25469, 116, 104.82965
25470, 118, 101.13827
25471, 102, 90.38207
25472, 112, 141.05353
25473, 110, 93.09157
25474, 107, 112.80287
25475, 107, 20.38537
25476, 106, 54.2528
25477, 109, 140.44553
25478, 108, 97.31319
25479, 104, 65.34675
25480, 102, 139.21298
25481, 104, 39.64087
25482, 111, 17.817799
25483, 105, 33.811176
25484, 104, 127.442505
25485, 111, 23.566675
25486, 105, 67.82149
25487, 116, 52.94069
25488, 119, 105.77207
25489, 102, 124.07533
25490, 106, 61.51985
25491, 105, 40.801495
25492, 103, 49.71637
25493, 102, 37.696312
25494, 104, 26.461235
25495, 106, 122.33814
25496, 101, 1.3233662
25497, 102, 144.4115
25498, 105, 6.3482075
25499, 109, 124.77656
25500, 117, 121.02553
25501, 112, 74.221115
25502, 107, 30.370634
25503, 114, 29.976484
25504, 103, 28.690062
25505, 112, 80.456436
25506, 111, 29.861221
25507, 117, 128.90967
25508, 114, 73.69321
25509, 114, 66.73122
25510, 101, 61.272846
25511, 105, 74.435905
25512, 116, 41.36415
25513, 117, 102.98596
25514, 115, 4.936561
25515, 113, 122.3353
25516, 117, 49.80126
25517, 117, 131.89047
25518, 102, 118.40271
25519, 113, 0.90984106
25520, 108, 131.8289
25521, 113, 8.129999
25522, 112, 138.29984
25523, 103, 11.814263
25524, 108, 115.61146
25525, 112, 44.381992
25526, 118, 17.570713
25527, 119, 45.557114
25528, 104, 40.90994
25529, 119, 12.913102
25530, 115, 5.0825624
25531, 119, 134.31339
25532, 115, 133.8088
25533, 109, 67.82027
25534, 116, 74.90064
25535, 101, 20.875507
25536, 104, 94.25488
25537, 113, 1.2226492
25538, 100, 114.940346
25539, 113, 69.00683
25540, 111, 25.265049
25541, 107, 71.20529
25542, 112, 7.937068
25543, 119, 101.46098
25544, 104, 71.37876
25545, 116, 10.890904
25546, 101, 14.339277
25547, 102, 10.94318
25548, 106, 96.586464
25549, 118, 39.9782
25550, 112, 73.22045
25551, 114, 29.207567
25552, 114, 127.67903
25553, 114, 147.61258
25554, 101, 97.89286
25555, 116, 94.987076
25556, 104, 74.47092
25557, 105, 116.26546
25558, 118, 63.18142
25559, 117, 10.765028
25560, 116, 72.15221
25561, 107, 73.73326
25562, 113, 79.7438
25563, 110, 78.690056
25564, 106, 0.61576366
25565, 106, 86.56586
25566, 113, 32.304096
25567, 114, 75.964645
25568, 104, 30.667555
25569, 112, 84.413124
25570, 118, 13.362998
25571, 103, 117.82015
25572, 107, 129.83093
25573, 111, 92.98242
25574, 104, 47.29134
25575, 103, 115.60401
25576, 105, 28.622711
25577, 104, 128.52977
25578, 111, 88.56443
25579, 102, 107.18988
25580, 113, 39.397556
25581, 114, 12.095931
25582, 119, 112.768364
25583, 109, 22.649351
25584, 112, 95.61672
25585, 110, 92.14384
25586, 113, 30.793663
25587, 104, 109.51651
25588, 114, 89.116844
25589, 101, 116.064064
25590, 110, 141.40952
25591, 108, 110.6016
25592, 111, 70.51817
25593, 100, 138.98135
25594, 102, 27.628452
25595, 112, 3.9571972
25596, 109, 107.70866
25597, 114, 139.26712
25598, 100, 133.46594
25599, 104, 4.023287
25600, 103, 11.090782
25601, 101, 141.56668
25602, 118, 41.08168
25603, 112, 36.238834
25604, 103, 140.454
25605, 113, 34.388298
25606, 116, 35.358585
25607, 119, 74.64469
25608, 108, 4.346502
25609, 113, 109.19817
25610, 114, 68.09584
25611, 113, 7.5014057
25612, 107, 2.2170334
25613, 119, 136.73137
25614, 117, 21.659267
25615, 112, 99.778854
25616, 118, 94.19188
25617, 113, 13.116323
25618, 118, 26.6678
25619, 106, 146.96863
25620, 115, 125.7909
25621, 101, 84.2847
25622, 110, 138.00822
25623, 117, 128.19504
25624, 114, 68.312454
25625, 102, 105.034035
25626, 108, 89.404045
25627, 116, 80.54777
25628, 106, 52.561497
25629, 106, 145.5775
25630, 119, 110.44348
25631, 116, 125.16532
25632, 111, 47.247444
25633, 113, 14.862335
25634, 115, 139.45065
25635, 115, 141.4347
25636, 102, 65.929276
25637, 104, 30.057022
25638, 102, 15.924427
25639, 116, 95.94801
25640, 116, 94.6291
25641, 101, 81.541176
25642, 116, 21.55543
25643, 117, 71.44931
25644, 114, 42.94392
25645, 110, 79.92973
25646, 105, 81.12603
25647, 112, 70.07385
25648, 119, 90.76079
25649, 103, 9.475395
25650, 110, 62.74624
25651, 113, 4.0310025
25652, 106, 76.23252
25653, 116, 84.77797
25654, 111, 78.14255
25655, 115, 83.82574
25656, 108, 36.68325
25657, 104, 82.99352
25658, 110, 94.8116
25659, 107, 8.075157
25660, 100, 82.33622
25661, 103, 86.833305
25662, 101, 136.0807
25663, 111, 68.81178
25664, 113, 1.425308
25665, 117, 34.044556
25666, 115, 65.03947
25667, 113, 89.58274
25668, 117, 2.9756606
25669, 104, 114.62646
25670, 118, 111.4703
25671, 113, 86.4634
25672, 118, 96.88595
25673, 104, 77.41822
25674, 119, 10.922429
25675, 105, 75.16005
25676, 106, 104.62513
25677, 113, 91.2963
25678, 116, 67.03577
25679, 103, 127.22037
25680, 117, 32.06234
25681, 113, 43.042866
25682, 117, 11.696559
25683, 105, 36.859318
25684, 100, 118.918625
25685, 115, 85.93939
25686, 115, 25.701115
25687, 108, 46.39464
25688, 110, 0.84379613
25689, 116, 63.880383
25690, 110, 30.140574
25691, 107, 12.554017
25692, 113, 138.56714
25693, 100, 94.653824
25694, 115, 19.444523
25695, 114, 110.57892
25696, 108, 129.67732
25697, 115, 136.58098
25698, 109, 69.64053
25699, 106, 37.168434
25700, 119, 85.66927
25701, 115, 84.19624
25702, 109, 69.08212
25703, 114, 86.880356
25704, 110, 85.91739
25705, 119, 0.6951213
25706, 100, 68.66244
25707, 110, 13.331214
25708, 100, 61.253304
25709, 100, 73.71536
25710, 118, 57.79432
25711, 103, 51.173473
25712, 104, 71.47284
25713, 111, 133.4368
25714, 116, 120.00385
25715, 117, 103.56492
25716, 101, 80.36528
25717, 102, 62.30513
25718, 108, 4.139641
25719, 116, 36.990417
25720, 107, 73.611786
25721, 101, 13.069832
25722, 118, 41.064594
25723, 111, 52.71232
25724, 104, 88.73706
25725, 111, 10.147842
25726, 118, 1.6757995
25727, 114, 59.043995
25728, 110, 71.69093
25729, 102, 102.74478
25730, 116, 120.339836
25731, 111, 123.84218
25732, 104, 107.13792
25733, 108, 1.2344152
25734, 116, 102.90095
25735, 114, 121.441925
25736, 108, 103.7163
25737, 101, 59.630592
25738, 109, 41.976444
25739, 116, 94.58483
25740, 110, 103.16736
25741, 116, 7.6610594
25742, 113, 131.9268
25743, 113, 82.0142
25744, 110, 98.30472
25745, 112, 1.3969749
25746, 108, 37.072117
25747, 103, 55.51479
25748, 111, 123.91859
25749, 111, 81.61961
25750, 109, 1.9624561
25751, 117, 135.51805
25752, 118, 142.30305
25753, 113, 65.007675
25754, 112, 78.61361
25755, 115, 7.9834166
25756, 115, 140.62639
25757, 106, 81.87035
25758, 101, 47.938023
25759, 100, 34.408566
25760, 116, 17.079725
25761, 107, 93.554214
25762, 116, 64.459145
25763, 115, 58.936985
25764, 107, 0.97458065
25765, 119, 83.282715
25766, 117, 85.855484
25767, 106, 113.989555
25768, 102, 76.00354
25769, 110, 8.166271
25770, 109, 39.682755
25771, 116, 36.956646
25772, 109, 141.35774
25773, 118, 36.96657
25774, 112, 58.93322
25775, 116, 136.18848
25776, 107, 26.896423
25777, 116, 110.748856
25778, 111, 14.118791
25779, 103, 75.430504
25780, 116, 11.575654
25781, 112, 98.40754
25782, 117, 112.65747
25783, 104, 54.142124
25784, 102, 64.57159
25785, 112, 99.69432
25786, 119, 138.7112
25787, 105, 90.04794
25788, 114, 127.24788
25789, 117, 92.52199
25790, 106, 51.973515
25791, 110, 93.13452
25792, 115, 80.141685
25793, 107, 6.4620137
25794, 115, 66.96375
25795, 104, 56.390797
25796, 119, 87.71058
25797, 119, 123.72583
25798, 116, 49.143105
25799, 101, 31.239447
25800, 108, 117.34622
25801, 107, 14.865419
25802, 112, 35.68874
25803, 112, 145.09865
25804, 103, 147.41771
25805, 109, 32.67941
25806, 105, 84.68739
25807, 104, 41.269005
25808, 117, 45.40361
25809, 116, 78.926346
25810, 110, 123.11088
25811, 111, 70.62049
25812, 112, 128.25089
25813, 107, 86.92091
25814, 109, 69.236755
25815, 115, 99.70217
25816, 114, 42.711926
25817, 117, 39.50453
25818, 115, 138.73526
25819, 105, 141.36215
25820, 119, 121.00062
25821, 111, 30.25733
25822, 114, 134.1457
25823, 111, 149.8818
25824, 116, 79.7185
25825, 109, 94.2536
25826, 110, 60.401398
25827, 103, 54.0661
25828, 119, 110.7035
25829, 117, 129.02768
25830, 101, 135.152
25831, 110, 133.05077
25832, 117, 65.24048
25833, 104, 139.6822
25834, 106, 19.938147
25835, 115, 67.59721
25836, 105, 127.05987
25837, 119, 138.15479
25838, 101, 84.295364
25839, 104, 58.975037
25840, 109, 73.76534
25841, 111, 54.870068
25842, 111, 54.89418
25843, 105, 34.89384
25844, 114, 6.050107
25845, 115, 113.06097
25846, 108, 148.09679
25847, 101, 93.750626
25848, 112, 69.63489
25849, 109, 32.706295
25850, 105, 117.96013
25851, 111, 51.961853
25852, 109, 117.56597
25853, 112, 26.49495
25854, 106, 114.30004
25855, 113, 85.03411
25856, 104, 49.70978
25857, 109, 47.739662
25858, 103, 62.83908
25859, 108, 57.21099
25860, 114, 149.33824
25861, 114, 56.17791
25862, 111, 100.648125
25863, 118, 133.02492
25864, 117, 97.364845
25865, 110, 69.949776
25866, 114, 72.65439
25867, 119, 34.99566
25868, 115, 123.34871
25869, 107, 18.4015
25870, 104, 39.18795
25871, 103, 122.74628
25872, 107, 3.033936
25873, 106, 2.9695897
25874, 107, 6.308073
25875, 101, 38.19928
25876, 114, 51.409016
25877, 106, 110.555855
25878, 118, 36.24698
25879, 100, 87.62207
25880, 111, 101.1409
25881, 110, 108.01026
25882, 114, 41.666462
25883, 106, 77.66207
25884, 111, 57.375687
25885, 117, 61.090824
25886, 117, 74.97127
25887, 108, 115.83595
25888, 118, 28.65233
25889, 112, 81.440125
25890, 107, 3.9150953
25891, 114, 72.92215
25892, 116, 53.189
25893, 113, 72.1013
25894, 114, 4.250872
25895, 113, 131.3601
25896, 109, 16.708677
25897, 114, 129.6395
25898, 104, 131.54747
25899, 115, 124.03409
25900, 114, 56.437336
25901, 101, 46.251316
25902, 118, 37.673317
25903, 119, 28.664785
25904, 100, 129.3597
25905, 100, 64.366394
25906, 118, 34.140076
25907, 105, 83.47569
25908, 106, 84.36925
25909, 101, 92.539825
25910, 109, 119.97096
25911, 114, 76.72104
25912, 107, 12.545917
25913, 105, 20.016825
25914, 104, 111.867935
25915, 110, 72.67101
25916, 113, 132.09402
25917, 111, 119.466225
25918, 105, 59.5917
25919, 114, 61.719784
25920, 117, 16.701231
25921, 117, 54.294304
25922, 114, 35.19574
25923, 101, 113.477936
25924, 109, 82.93512
25925, 116, 13.741091
25926, 117, 9.14678
25927, 100, 8.824968
25928, 111, 67.61111
25929, 103, 52.025673
25930, 117, 103.18315
25931, 114, 20.191214
25932, 112, 127.51082
25933, 108, 44.716965
25934, 113, 140.58907
25935, 109, 103.54219
25936, 116, 46.021755
25937, 116, 39.323322
25938, 116, 134.3906
25939, 115, 96.958786
25940, 114, 98.66496
25941, 102, 48.293575
25942, 116, 146.37535
25943, 100, 111.7049
25944, 102, 0.7543355
25945, 112, 28.602943
25946, 110, 52.35934
25947, 104, 42.740974
25948, 101, 67.12378
25949, 114, 25.505617
25950, 106, 84.94326
25951, 115, 144.91307
25952, 117, 52.568542
25953, 110, 133.9394
25954, 112, 98.748314
25955, 119, 108.30497
25956, 102, 25.540941
25957, 118, 77.93994
25958, 111, 45.03807
25959, 107, 46.26282
25960, 103, 32.039032
25961, 106, 141.22565
25962, 102, 81.33799
25963, 106, 33.014454
25964, 118, 48.964725
25965, 116, 143.37642
25966, 117, 115.4974
25967, 114, 131.68411
25968, 100, 4.227197
25969, 116, 62.7248
25970, 102, 32.579185
25971, 113, 80.775154
25972, 104, 56.23236
25973, 116, 99.17642
25974, 110, 128.32173
25975, 111, 69.78931
25976, 101, 68.510506
25977, 111, 110.041534
25978, 101, 13.5755005
25979, 105, 122.25929
25980, 118, 27.190456
25981, 105, 138.57521
25982, 115, 0.7190019
25983, 118, 55.5142
25984, 103, 47.96007
25985, 113, 4.115528
25986, 104, 66.78875
25987, 103, 138.2222
25988, 110, 135.19986
25989, 109, 5.9857073
25990, 104, 146.28432
25991, 103, 51.319805
25992, 106, 136.39944
25993, 110, 115.24421
25994, 115, 37.48218
25995, 111, 48.250008
25996, 118, 96.57291
25997, 117, 61.855503
25998, 118, 24.793724
25999, 106, 25.007307
26000, 106, 138.91399
26001, 110, 0.52069724
26002, 101, 30.111399
26003, 114, 74.03036
26004, 106, 7.1214705
26005, 103, 63.60171
26006, 109, 102.336
26007, 103, 44.844193
26008, 109, 90.950005
26009, 100, 63.546932
26010, 112, 2.7612448
26011, 109, 93.02867
26012, 105, 108.98752
26013, 119, 31.858492
26014, 117, 32.17966
26015, 102, 114.8679
26016, 114, 88.355995
26017, 101, 1.0041565
26018, 100, 45.818283
26019, 109, 113.75519
26020, 109, 114.257805
26021, 111, 59.343903
26022, 103, 88.5431
26023, 102, 122.80403
26024, 115, 15.496579
26025, 115, 25.690619
26026, 106, 141.59576
26027, 102, 28.134504
26028, 100, 65.73884
26029, 114, 110.16272
26030, 114, 99.49822
26031, 104, 109.357346
26032, 118, 58.325325
26033, 110, 81.53178
26034, 108, 116.09611
26035, 104, 24.855047
26036, 110, 26.52473
26037, 105, 133.03148
26038, 110, 121.601746
26039, 111, 138.57639
26040, 108, 29.942268
26041, 110, 128.81493
26042, 113, 41.794556
26043, 111, 19.46996
26044, 117, 69.74713
26045, 111, 112.58829
26046, 102, 52.986305
26047, 105, 83.584724
26048, 101, 115.73538
26049, 103, 2.1859736
26050, 114, 58.52023
26051, 103, 46.22493
26052, 103, 126.66222
26053, 114, 109.01206
26054, 106, 133.42471
26055, 101, 36.445847
26056, 113, 43.985367
26057, 112, 66.99596
26058, 109, 94.61092
26059, 111, 1.3783693
26060, 102, 79.91116
26061, 115, 38.54931
26062, 108, 29.897503
26063, 103, 14.653882
26064, 113, 28.506205
26065, 117, 52.21594
26066, 105, 9.672207
26067, 103, 129.90096
26068, 107, 36.24444
26069, 112, 110.470894
26070, 119, 36.53839
26071, 112, 120.47879
26072, 108, 61.58394
26073, 112, 71.88829
26074, 110, 47.958523
26075, 109, 93.4936
26076, 108, 115.48856
26077, 107, 122.94633
26078, 112, 88.30889
26079, 108, 76.76102
26080, 108, 80.39324
26081, 107, 64.396614
26082, 104, 123.003944
26083, 106, 69.077545
26084, 105, 79.08798
26085, 101, 91.59669
26086, 106, 76.046616
26087, 111, 57.133423
26088, 105, 143.40907
26089, 109, 21.508419
26090, 104, 13.094375
26091, 105, 53.193157
26092, 107, 128.0082
26093, 114, 111.803665
26094, 115, 15.669841
26095, 107, 97.09195
26096, 104, 100.34399
26097, 104, 116.52004
26098, 106, 14.641419
26099, 115, 107.40323
26100, 109, 109.49492
26101, 110, 138.32942
26102, 109, 98.170975
26103, 106, 82.04326
26104, 106, 50.160797
26105, 118, 11.884832
26106, 119, 53.666996
26107, 108, 137.21803
26108, 111, 114.57123
26109, 104, 113.66575
26110, 112, 89.36862
26111, 118, 3.75596
26112, 119, 6.760454
26113, 102, 55.113663
26114, 105, 148.53725
26115, 103, 125.42055
26116, 101, 51.959145
26117, 113, 57.40463
26118, 115, 108.17668
26119, 116, 75.36204
26120, 104, 136.94106
26121, 100, 46.717815
26122, 102, 38.903816
26123, 118, 38.17556
26124, 108, 63.78616
26125, 110, 18.642202
26126, 107, 21.537235
26127, 103, 64.87695
26128, 102, 134.74362
26129, 119, 85.6634
26130, 114, 142.14568
26131, 105, 112.4103
26132, 110, 108.977005
26133, 106, 49.872627
26134, 108, 6.71238
26135, 119, 105.28558
26136, 115, 1.0691375
26137, 114, 5.1825194
26138, 104, 134.66267
26139, 115, 73.45587
26140, 103, 50.911903
26141, 119, 131.87717
26142, 109, 39.70574
26143, 112, 147.68541
26144, 102, 36.407635
26145, 101, 91.30715
26146, 115, 109.24615
26147, 115, 34.88036
26148, 103, 54.088398
26149, 102, 124.080345
26150, 119, 98.154625
26151, 117, 37.08273
26152, 104, 119.27322
26153, 107, 18.8923
26154, 107, 112.532684
26155, 100, 134.71109
26156, 111, 88.986115
26157, 102, 72.70933
26158, 113, 35.123043
26159, 109, 85.039375
26160, 119, 63.100834
26161, 112, 30.623594
26162, 115, 22.56521
26163, 106, 74.68243
26164, 104, 86.169075
26165, 102, 13.1283045
26166, 111, 40.87413
26167, 113, 105.003746
26168, 108, 47.203846
26169, 106, 9.350154
26170, 104, 103.43933
26171, 101, 83.79818
26172, 111, 147.30733
26173, 112, 12.289256
26174, 116, 45.253033
26175, 107, 77.067474
26176, 110, 148.90182
26177, 117, 109.60755
26178, 100, 56.894894
26179, 102, 117.6747
26180, 101, 58.01915
26181, 110, 45.332516
26182, 107, 108.381775
26183, 108, 130.10985
26184, 113, 105.63114
26185, 106, 15.449095
26186, 108, 77.87507
26187, 102, 142.5929
26188, 110, 134.14398
26189, 108, 46.032402
26190, 100, 38.85236
26191, 106, 27.380642
26192, 118, 125.9144
26193, 113, 144.77542
26194, 101, 105.94843
26195, 108, 24.974602
26196, 119, 145.02141
26197, 118, 62.914753
26198, 109, 57.333076
26199, 110, 19.070042
26200, 104, 128.04076
26201, 111, 134.82402
26202, 107, 0.54056346
26203, 119, 97.50611
26204, 107, 83.028465
26205, 117, 105.81399
26206, 109, 80.515854
26207, 111, 124.52732
26208, 110, 134.52705
26209, 110, 7.4483066
26210, 119, 39.588707
26211, 101, 57.102272
26212, 103, 13.9806385
26213, 109, 7.273838
26214, 110, 78.06436
26215, 102, 58.930717
26216, 114, 139.60883
26217, 104, 82.45391
26218, 114, 74.53596
26219, 103, 72.931755
26220, 111, 7.803753
26221, 106, 118.89424
26222, 113, 32.038334
26223, 116, 121.17427
26224, 108, 109.010086
26225, 104, 130.16428
26226, 105, 126.9435
26227, 103, 40.062653
26228, 102, 146.06241
26229, 111, 16.354206
26230, 101, 54.163975
26231, 109, 98.84315
26232, 114, 139.38257
26233, 112, 49.7135
26234, 115, 47.995296
26235, 112, 5.632263
26236, 103, 137.77203
26237, 119, 78.973236
26238, 103, 93.161026
26239, 118, 112.825424
26240, 108, 38.60172
26241, 100, 27.825836
26242, 118, 78.220726
26243, 101, 10.877368
26244, 108, 49.76136
26245, 118, 10.151875
26246, 110, 87.6394
26247, 107, 30.484898
26248, 114, 27.364397
26249, 100, 11.295613
26250, 115, 56.522575
26251, 112, 35.41942
26252, 105, 129.14465
26253, 116, 15.872669
26254, 100, 110.19416
26255, 103, 88.15182
26256, 104, 98.395386
26257, 106, 127.30628
26258, 116, 11.237848
26259, 107, 118.84081
26260, 110, 55.35595
26261, 115, 104.784134
26262, 104, 108.87955
26263, 109, 4.156065
26264, 106, 5.152005
26265, 109, 51.041035
26266, 101, 45.97612
26267, 105, 51.10183
26268, 106, 13.036627
26269, 109, 9.594136
26270, 119, 80.449615
26271, 108, 139.64816
26272, 110, 141.19644
26273, 114, 58.189175
26274, 111, 131.62953
26275, 118, 67.20495
26276, 119, 116.51927
26277, 109, 57.79607
26278, 114, 29.823938
26279, 101, 125.80448
26280, 101, 111.64676
26281, 104, 25.279167
26282, 114, 120.81097
26283, 105, 47.537193
26284, 119, 87.234184
26285, 102, 90.38882
26286, 106, 131.00482
26287, 112, 82.19419
26288, 104, 61.829994
26289, 103, 33.439137
26290, 116, 3.063655
26291, 103, 125.955246
26292, 106, 36.125797
26293, 103, 12.087321
26294, 106, 90.084915
26295, 118, 95.551056
26296, 106, 127.96749
26297, 114, 102.58352
26298, 110, 64.65671
26299, 111, 24.396309
26300, 113, 148.48087
26301, 103, 47.362312
26302, 100, 112.58846
26303, 103, 1.3180465
26304, 107, 141.97316
26305, 118, 86.62342
26306, 101, 41.981094
26307, 118, 147.13599
26308, 103, 98.74799
26309, 108, 56.954643
26310, 116, 142.29092
26311, 101, 136.7965
26312, 110, 13.042089
26313, 104, 71.39954
26314, 112, 35.771828
26315, 100, 120.160866
26316, 110, 47.109756
26317, 119, 90.0283
26318, 117, 35.22192
26319, 119, 9.08187
26320, 100, 108.19183
26321, 112, 43.960636
26322, 103, 19.577105
26323, 119, 80.0268
