50611, 110, 41.982525
50612, 103, 60.147633
50613, 104, 61.08622
50614, 119, 19.50455
50615, 102, 134.45439
50616, 116, 137.31036
50617, 105, 132.8628
50618, 113, 11.000758
50619, 118, 69.51583
50620, 117, 113.44136
50621, 110, 124.197464
50622, 113, 103.78482
50623, 104, 90.98604
50624, 114, 12.149111
50625, 104, 139.68524
50626, 113, 146.70929
50627, 101, 128.06343
50628, 100, 124.236115
50629, 116, 50.068367
50630, 119, 3.3160596
50631, 110, 108.98819
50632, 113, 100.01215
50633, 103, 8.061621
50634, 109, 128.75484
50635, 109, 34.552975
50636, 106, 110.35066
50637, 118, 148.50105
50638, 100, 76.47338
50639, 119, 69.39694
50640, 116, 15.557331
50641, 110, 64.69144
50642, 106, 62.850075
50643, 105, 135.81664
50644, 119, 105.7527
50645, 108, 22.98301
50646, 118, 100.386604
50647, 116, 141.03957
50648, 118, 144.73471
50649, 101, 60.687904
50650, 111, 1.0312021
50651, 110, 104.48029
50652, 106, 118.11393
50653, 107, 35.945248
50654, 105, 64.81258
50655, 100, 58.713196
50656, 111, 116.135925
50657, 113, 145.64322
50658, 101, 10.265001
50659, 108, 104.74226
50660, 105, 65.842804
50661, 110, 94.091835
50662, 116, 128.16713
50663, 112, 131.51796
50664, 116, 141.74846
50665, 110, 21.836964
50666, 113, 79.04722
50667, 116, 44.539967
50668, 100, 49.181664
50669, 107, 29.855267
50670, 105, 49.568573
50671, 119, 95.98005
50672, 102, 37.08999
50673, 103, 8.178655
50674, 109, 72.95432
50675, 101, 17.098778
50676, 114, 127.58809
50677, 111, 71.9332
50678, 117, 4.5161514
50679, 106, 21.660894
50680, 112, 44.256832
50681, 117, 76.154076
50682, 109, 116.47182
50683, 103, 52.01473
50684, 101, 101.36476
50685, 114, 94.74924
50686, 107, 28.517988
50687, 117, 128.62022
50688, 109, 64.99734
50689, 101, 114.993576
50690, 110, 93.18766
50691, 113, 121.15638
50692, 103, 63.923317
50693, 102, 57.37584
50694, 116, 73.051285
50695, 116, 65.0065
50696, 116, 148.30911
50697, 105, 91.00362
50698, 112, 18.912292
50699, 117, 87.83408
50700, 105, 4.516858
50701, 112, 39.96782
50702, 106, 124.21538
50703, 100, 47.40663
50704, 107, 1.9996494
50705, 102, 46.406937
50706, 103, 21.064505
50707, 109, 131.50485
50708, 112, 79.987404
50709, 100, 149.31947
50710, 114, 56.92582
50711, 119, 19.356241
50712, 111, 62.8907
50713, 107, 148.51839
50714, 118, 133.71538
50715, 114, 64.15901
50716, 115, 98.84619
50717, 100, 60.59984
50718, 119, 31.87327
50719, 115, 141.54291
50720, 106, 117.99995
50721, 111, 19.30832
50722, 109, 87.56895
50723, 116, 148.99602
50724, 109, 71.23894
50725, 115, 83.85665
50726, 109, 34.813507
50727, 116, 3.4505992
50728, 113, 139.83757
50729, 116, 66.141846
50730, 103, 34.405537
50731, 104, 55.146297
50732, 100, 2.2050261
50733, 103, 25.333427
50734, 111, 51.996105
50735, 113, 4.731613
50736, 103, 34.318344
50737, 111, 147.62021
50738, 113, 136.32843
50739, 106, 92.512215
50740, 111, 143.96841
50741, 115, 87.14073
50742, 104, 67.294075
50743, 105, 28.861956
50744, 102, 114.391975
50745, 115, 64.33467
50746, 100, 20.372387
50747, 102, 92.784065
50748, 113, 109.08668
50749, 115, 140.83191
50750, 116, 104.903244
50751, 107, 40.018673
50752, 109, 9.503201
50753, 118, 88.90331
50754, 115, 42.840546
50755, 116, 19.874678
50756, 112, 42.275475
50757, 105, 74.39392
50758, 100, 20.752653
50759, 107, 129.18047
50760, 112, 101.76121
50761, 114, 72.20473
50762, 107, 8.865282
50763, 108, 37.759842
50764, 106, 51.042706
50765, 105, 121.55698
50766, 101, 143.32224
50767, 109, 59.107677
50768, 108, 143.9722
50769, 113, 140.14082
50770, 113, 56.68316
50771, 114, 24.422274
50772, 106, 33.015472
50773, 104, 71.90267
50774, 119, 79.09681
50775, 102, 134.48021
50776, 100, 67.52473
50777, 117, 118.0842
50778, 100, 96.28943
50779, 117, 87.31317
50780, 104, 61.508774
50781, 111, 129.08777
50782, 108, 20.638052
50783, 104, 61.94945
50784, 110, 143.50577
50785, 102, 64.96784
50786, 102, 135.92021
50787, 115, 31.50319
50788, 118, 74.78202
50789, 103, 44.801144
50790, 119, 95.470665
50791, 100, 131.99948
50792, 100, 28.9935
50793, 103, 28.820265
50794, 119, 116.75393
50795, 114, 118.22475
50796, 112, 95.72717
50797, 102, 77.217636
50798, 113, 86.9678
50799, 114, 13.199311
50800, 107, 127.71668
50801, 103, 80.52348
50802, 103, 47.041397
50803, 102, 117.83185
50804, 117, 98.51791
50805, 116, 56.17809
50806, 116, 130.06412
50807, 115, 105.152214
50808, 103, 148.34727
50809, 101, 69.22137
50810, 109, 113.027245
50811, 114, 15.739838
50812, 118, 27.966509
50813, 108, 84.82251
50814, 111, 20.797338
50815, 108, 36.43392
50816, 103, 91.48267
50817, 108, 47.609943
50818, 112, 64.05093
50819, 105, 79.69598
50820, 108, 134.84584
50821, 109, 20.72669
50822, 108, 58.00472
50823, 102, 61.243336
50824, 116, 35.60778
50825, 102, 127.84261
50826, 114, 97.46166
50827, 112, 133.12401
50828, 104, 40.037926
50829, 112, 149.44275
50830, 117, 75.218925
50831, 117, 55.01082
50832, 112, 97.489914
50833, 102, 30.129845
50834, 101, 134.09845
50835, 109, 102.967896
50836, 115, 131.84184
50837, 109, 78.79382
50838, 116, 30.741316
50839, 109, 116.51434
50840, 116, 109.53891
50841, 117, 56.85407
50842, 112, 89.04241
50843, 107, 138.06395
50844, 100, 129.44115
50845, 100, 47.743526
50846, 105, 126.44316
50847, 117, 141.83124
50848, 101, 133.51367
50849, 101, 11.710766
50850, 114, 28.81456
50851, 116, 10.1890955
50852, 116, 89.55666
50853, 116, 129.83888
50854, 112, 100.84273
50855, 106, 145.23112
50856, 103, 146.55853
50857, 110, 15.554791
50858, 114, 80.877716
50859, 107, 27.354822
50860, 110, 60.242252
50861, 115, 100.57134
50862, 117, 129.306
50863, 109, 60.44138
50864, 117, 26.108578
50865, 101, 81.87171
50866, 114, 126.93174
50867, 112, 121.74681
50868, 101, 100.41279
50869, 105, 122.356606
50870, 115, 68.60199
50871, 113, 98.46854
50872, 109, 13.341173
50873, 102, 73.16528
50874, 119, 33.031895
50875, 117, 136.14972
50876, 112, 82.54128
50877, 116, 35.580547
50878, 117, 117.670845
50879, 114, 24.235922
50880, 112, 134.97003
50881, 101, 96.456566
50882, 116, 3.7504077
50883, 102, 137.73958
50884, 113, 6.077367
50885, 112, 46.819942
50886, 103, 40.771366
50887, 108, 27.697786
50888, 113, 114.34505
50889, 109, 112.26488
50890, 113, 57.816635
50891, 119, 131.72894
50892, 103, 41.633614
50893, 114, 8.54719
50894, 112, 144.0571
50895, 112, 53.942154
50896, 103, 9.271047
50897, 106, 115.67532
50898, 100, 64.58426
50899, 113, 23.968336
50900, 119, 23.225811
50901, 110, 54.77996
50902, 115, 85.827225
50903, 111, 121.34504
50904, 100, 132.46388
50905, 102, 114.16362
50906, 112, 106.07489
50907, 102, 72.51058
50908, 102, 114.65696
50909, 113, 121.454796
50910, 114, 95.66472
50911, 118, 138.70111
50912, 116, 93.2442
50913, 104, 46.55588
50914, 116, 35.286106
50915, 102, 103.19996
50916, 114, 1.7397523
50917, 103, 70.91592
50918, 110, 92.65215
50919, 117, 60.29612
50920, 110, 92.17036
50921, 105, 61.152622
50922, 112, 123.26635
50923, 110, 134.2155
50924, 102, 12.43523
50925, 109, 76.51084
50926, 116, 0.8255571
50927, 102, 116.907364
50928, 115, 117.84331
50929, 118, 132.12341
50930, 103, 49.557255
50931, 101, 92.206924
50932, 114, 107.51192
50933, 119, 70.03897
50934, 100, 34.832275
50935, 119, 143.05104
50936, 116, 41.469757
50937, 114, 76.34132
50938, 100, 74.98789
50939, 106, 120.28593
50940, 103, 53.500072
50941, 106, 17.713013
50942, 108, 138.86606
50943, 116, 93.837456
50944, 101, 70.93465
50945, 117, 133.46852
50946, 107, 125.934235
50947, 100, 22.246725
50948, 109, 97.752014
50949, 118, 88.25037
50950, 107, 16.427511
50951, 110, 71.96455
50952, 106, 0.15671253
50953, 114, 147.47931
50954, 109, 13.087884
50955, 107, 59.179955
50956, 108, 34.155304
50957, 111, 135.1034
50958, 115, 70.507965
50959, 108, 104.071365
50960, 106, 51.15272
50961, 112, 124.96508
50962, 104, 100.832756
50963, 105, 40.853065
50964, 116, 120.079834
50965, 118, 56.79844
50966, 118, 94.03954
50967, 113, 69.531685
50968, 103, 49.356
50969, 108, 105.43571
50970, 117, 47.144257
50971, 119, 30.569618
50972, 109, 115.7272
50973, 114, 17.390575
50974, 105, 22.334763
50975, 116, 89.96517
50976, 107, 128.9277
50977, 111, 123.27968
50978, 118, 27.026527
50979, 114, 53.93766
50980, 101, 128.03784
50981, 119, 105.81617
50982, 118, 62.550957
50983, 104, 123.00215
50984, 110, 69.429054
50985, 101, 82.12207
50986, 107, 52.068794
50987, 113, 91.040306
50988, 109, 51.767708
50989, 113, 127.569
50990, 101, 148.21109
50991, 111, 109.22472
50992, 118, 77.47178
50993, 105, 105.35478
50994, 113, 42.999977
50995, 110, 63.984283
50996, 101, 105.42105
50997, 110, 119.2796
50998, 109, 23.673552
50999, 108, 2.4935603
51000, 114, 129.76262
51001, 112, 22.654465
51002, 119, 97.91854
51003, 103, 67.83546
51004, 117, 137.79321
51005, 108, 149.3179
51006, 101, 1.3661206
51007, 119, 34.83788
51008, 113, 95.43991
51009, 104, 94.06092
51010, 100, 101.405876
51011, 118, 89.95615
51012, 116, 28.949833
51013, 102, 98.299355
51014, 111, 85.63375
51015, 100, 144.63518
51016, 113, 46.348186
51017, 104, 149.34506
51018, 107, 61.648106
51019, 105, 120.92185
51020, 104, 45.96219
51021, 108, 120.708786
51022, 118, 37.1748
51023, 109, 101.15309
51024, 117, 85.0337
51025, 117, 84.56477
51026, 119, 69.08242
51027, 106, 128.75427
51028, 103, 16.093557
51029, 106, 147.53732
51030, 103, 2.3845196
51031, 102, 57.066284
51032, 112, 46.18445
51033, 109, 135.9088
51034, 117, 20.591255
51035, 107, 107.61197
51036, 105, 16.811068
51037, 118, 12.787771
51038, 108, 27.683168
51039, 113, 117.76735
51040, 111, 26.46954
51041, 118, 20.627985
51042, 107, 57.978336
51043, 107, 133.86
51044, 101, 105.08277
51045, 107, 12.698239
51046, 113, 140.26112
51047, 102, 123.67193
51048, 102, 95.659874
51049, 119, 140.08565
51050, 101, 115.10886
51051, 110, 139.68005
51052, 116, 18.282715
51053, 110, 68.79775
51054, 107, 143.88081
51055, 103, 28.328588
51056, 111, 91.24948
51057, 119, 48.49165
51058, 113, 130.76494
51059, 112, 35.686443
51060, 100, 23.46324
51061, 105, 35.32641
51062, 112, 51.78761
51063, 102, 141.49281
51064, 100, 6.4389915
51065, 115, 137.6538
51066, 112, 130.22777
51067, 107, 84.173134
51068, 101, 31.325394
51069, 117, 136.12366
51070, 119, 51.90052
51071, 109, 63.053406
51072, 117, 66.19486
51073, 106, 100.27302
51074, 115, 109.92008
51075, 114, 136.01187
51076, 110, 77.612175
51077, 108, 20.38747
51078, 105, 7.140711
51079, 106, 78.400246
51080, 106, 1.7693549
51081, 110, 135.09755
51082, 114, 27.559706
51083, 116, 42.5426
51084, 108, 26.557695
51085, 102, 58.793076
51086, 106, 118.7748
51087, 103, 85.11522
51088, 114, 5.7752075
51089, 109, 99.44446
51090, 111, 109.73928
51091, 114, 120.9126
51092, 107, 110.836044
51093, 118, 107.56062
51094, 116, 146.17036
51095, 103, 63.856037
51096, 113, 91.929565
51097, 103, 145.16933
51098, 110, 35.11432
51099, 115, 51.085773
51100, 101, 65.41392
51101, 100, 24.54553
51102, 111, 33.99858
51103, 107, 9.385559
51104, 107, 80.678925
51105, 109, 73.138985
51106, 104, 120.76115
51107, 112, 140.69373
51108, 117, 24.81619
51109, 107, 54.575497
51110, 105, 80.99365
51111, 117, 98.45319
51112, 112, 138.0356
51113, 111, 120.520905
51114, 109, 108.34964
51115, 118, 136.7618
51116, 116, 138.70389
51117, 116, 58.513042
51118, 105, 93.71349
51119, 111, 117.20307
51120, 103, 65.41046
51121, 107, 84.55896
51122, 107, 39.071926
51123, 119, 123.38306
51124, 105, 132.32977
51125, 109, 76.45529
51126, 101, 32.7156
51127, 118, 102.96259
51128, 108, 73.139725
51129, 109, 3.049636
51130, 110, 58.19816
51131, 110, 1.4368773
51132, 107, 79.74774
51133, 113, 12.413343
51134, 118, 125.98011
51135, 109, 128.30913
51136, 100, 64.83848
51137, 100, 130.39908
51138, 117, 63.89586
51139, 119, 124.38142
51140, 105, 56.78446
51141, 109, 87.79328
51142, 107, 145.679
51143, 109, 121.920685
51144, 116, 119.60648
51145, 114, 67.696014
51146, 104, 19.425907
51147, 109, 5.4532795
51148, 100, 113.25548
51149, 114, 53.43518
51150, 109, 126.82342
51151, 111, 16.858328
51152, 119, 21.12549
51153, 115, 86.38774
51154, 103, 19.424387
51155, 104, 143.07011
51156, 109, 39.70439
51157, 100, 92.89223
51158, 100, 61.508335
51159, 108, 104.944
51160, 119, 22.399261
51161, 102, 80.427155
51162, 114, 140.80695
51163, 113, 38.10414
51164, 107, 80.15677
51165, 116, 46.84428
51166, 101, 149.97972
51167, 113, 112.95266
51168, 112, 123.60051
51169, 108, 144.33626
51170, 105, 101.9908
51171, 102, 69.09818
51172, 100, 109.51196
51173, 108, 16.30143
51174, 116, 37.40709
51175, 111, 11.65545
51176, 100, 11.826047
51177, 107, 32.122913
51178, 111, 24.741554
51179, 116, 131.03342
51180, 117, 88.25833
51181, 109, 38.35228
51182, 108, 49.447113
51183, 103, 113.99424
51184, 107, 123.370476
51185, 107, 51.692802
51186, 113, 5.6632967
51187, 111, 53.081543
51188, 115, 133.26852
51189, 103, 102.92619
51190, 100, 121.547485
51191, 113, 123.36478
51192, 102, 118.54208
51193, 119, 37.02151
51194, 111, 123.07475
51195, 102, 107.34
51196, 116, 58.46404
51197, 102, 12.475938
51198, 103, 82.140015
51199, 103, 84.31576
51200, 115, 88.4381
51201, 102, 70.400826
51202, 119, 125.448746
51203, 114, 146.64417
51204, 109, 117.07671
51205, 101, 84.26149
51206, 103, 93.74274
51207, 108, 6.2507005
51208, 113, 68.056244
51209, 114, 24.556715
51210, 104, 31.676065
51211, 101, 63.03131
51212, 118, 37.696392
51213, 107, 10.755345
51214, 118, 103.0388
51215, 109, 114.801636
51216, 111, 89.570404
51217, 109, 23.238104
51218, 117, 29.351986
51219, 116, 78.80954
51220, 115, 136.77493
51221, 115, 127.1582
51222, 114, 27.521154
51223, 101, 93.01184
51224, 114, 89.81243
51225, 109, 104.39817
51226, 116, 46.68246
51227, 102, 143.38843
51228, 110, 67.029015
51229, 108, 15.526173
51230, 117, 94.32638
51231, 101, 104.46264
51232, 113, 103.53302
51233, 106, 12.343213
51234, 100, 140.4338
51235, 111, 146.19731
51236, 102, 94.793594
51237, 106, 6.011233
51238, 101, 1.7974734
51239, 100, 7.3884935
51240, 104, 40.357376
51241, 113, 129.0883
51242, 102, 13.118836
51243, 103, 102.54873
51244, 113, 82.97121
51245, 113, 74.55338
51246, 112, 24.256021
51247, 113, 137.18307
51248, 108, 129.00424
51249, 108, 104.82344
51250, 102, 29.45019
51251, 118, 78.790215
51252, 100, 113.43359
51253, 116, 11.2955065
51254, 102, 23.543491
51255, 105, 110.413864
51256, 116, 109.048805
51257, 104, 135.89384
51258, 113, 126.164345
51259, 117, 18.877977
51260, 116, 119.1835
51261, 106, 128.62013
51262, 100, 40.625908
51263, 110, 25.201044
51264, 102, 93.020546
51265, 102, 58.008823
51266, 114, 83.08411
51267, 102, 112.2464
51268, 100, 53.021156
51269, 108, 22.501177
51270, 107, 54.82757
51271, 113, 82.2267
51272, 116, 4.73485
51273, 113, 6.7814918
51274, 116, 74.60648
51275, 105, 42.05633
51276, 110, 39.577515
51277, 112, 57.629086
51278, 116, 64.33936
51279, 110, 12.570119
51280, 106, 138.70157
51281, 118, 18.392515
51282, 110, 112.84997
51283, 116, 92.96297
51284, 102, 36.88508
51285, 118, 143.83618
51286, 111, 78.778854
51287, 114, 91.99912
51288, 112, 126.621346
51289, 118, 18.127056
51290, 101, 98.555725
51291, 115, 2.0414472
51292, 119, 107.64831
51293, 108, 139.88531
51294, 113, 147.24893
51295, 118, 78.412926
51296, 114, 71.44428
51297, 118, 126.385216
51298, 117, 97.72381
51299, 112, 126.428986
51300, 103, 135.75279
51301, 102, 98.77967
51302, 114, 146.9137
51303, 112, 147.13625
51304, 117, 17.760471
51305, 102, 66.947845
51306, 119, 130.44998
51307, 116, 27.461878
51308, 111, 9.714702
51309, 104, 72.930664
51310, 119, 115.90999
51311, 113, 121.501564
51312, 107, 143.63498
51313, 115, 60.568016
51314, 106, 84.08595
51315, 110, 45.701748
51316, 105, 79.94271
51317, 119, 127.72642
51318, 101, 136.9299
51319, 105, 136.91988
51320, 105, 48.48456
51321, 111, 101.6637
51322, 103, 71.72481
51323, 103, 132.5289
51324, 111, 122.11009
51325, 119, 27.816761
51326, 110, 56.698555
51327, 101, 41.01651
51328, 107, 51.5495
51329, 116, 47.26364
51330, 103, 82.54908
51331, 119, 71.7991
51332, 113, 79.04077
51333, 106, 122.88975
51334, 116, 9.647611
51335, 114, 64.46143
51336, 109, 6.8835945
51337, 114, 45.054844
51338, 113, 43.381058
51339, 106, 148.24316
51340, 119, 14.335746
51341, 118, 101.826775
51342, 100, 116.06058
51343, 111, 34.081604
51344, 104, 124.38621
51345, 113, 18.808578
51346, 101, 47.553806
51347, 102, 6.869495
51348, 105, 3.8695426
51349, 114, 63.48576
51350, 110, 67.024925
51351, 115, 129.90404
51352, 101, 99.35174
51353, 111, 3.3224611
51354, 109, 4.2313457
51355, 113, 17.67355
51356, 101, 16.646423
51357, 106, 132.47073
51358, 112, 142.79237
51359, 118, 120.132935
51360, 101, 28.264618
51361, 111, 132.97295
51362, 118, 87.186935
51363, 110, 66.360344
51364, 102, 47.915527
51365, 116, 76.70362
51366, 113, 43.146767
51367, 118, 24.08967
51368, 118, 126.857765
51369, 110, 95.45953
51370, 112, 125.58066
51371, 113, 56.214657
51372, 104, 111.14686
51373, 115, 125.22864
51374, 113, 3.5402565
51375, 110, 89.52269
51376, 118, 78.324425
51377, 113, 10.58473
51378, 109, 29.716373
51379, 110, 42.58103
51380, 102, 55.315037
51381, 108, 63.400402
51382, 115, 82.05137
51383, 117, 82.45797
51384, 117, 77.81477
51385, 105, 94.93815
51386, 119, 31.186045
51387, 115, 90.70915
51388, 116, 73.670074
51389, 103, 118.63284
51390, 105, 72.87772
51391, 103, 61.235565
51392, 106, 25.088346
51393, 115, 31.670586
51394, 109, 126.71046
51395, 101, 130.57425
51396, 105, 53.28765
51397, 115, 37.18704
51398, 108, 36.23572
51399, 103, 48.906086
51400, 116, 3.0024738
51401, 104, 82.34449
51402, 113, 55.715786
51403, 119, 54.011242
51404, 110, 90.42576
51405, 116, 136.80902
51406, 100, 92.0242
51407, 100, 62.855877
51408, 115, 131.70186
51409, 114, 100.66711
51410, 101, 119.97419
51411, 111, 73.52889
51412, 104, 142.79803
51413, 110, 123.728806
51414, 118, 3.6419125
51415, 104, 133.3027
51416, 118, 93.159485
51417, 116, 97.66325
51418, 117, 140.91403
51419, 101, 2.2387505
51420, 105, 94.55558
51421, 109, 108.14756
51422, 110, 44.79644
51423, 115, 123.51274
51424, 105, 9.490442
51425, 102, 72.2604
51426, 117, 101.62477
51427, 100, 27.858362
51428, 116, 6.2416434
51429, 115, 22.112677
51430, 108, 31.345984
51431, 100, 28.623846
51432, 107, 108.615814
51433, 113, 115.94326
51434, 110, 41.27207
51435, 105, 2.3626418
51436, 112, 82.24893
51437, 103, 95.65096
51438, 108, 126.78575
51439, 110, 9.718788
51440, 101, 143.2955
51441, 111, 114.02231
51442, 112, 36.1607
51443, 106, 66.69777
51444, 105, 111.93746
51445, 107, 102.38105
51446, 107, 142.75
51447, 104, 138.55635
51448, 106, 90.394806
51449, 117, 80.59767
51450, 111, 137.28722
51451, 115, 109.400955
51452, 103, 65.16537
51453, 102, 149.75325
51454, 102, 40.161636
51455, 107, 88.76098
51456, 101, 4.852027
51457, 101, 109.83128
51458, 119, 129.89331
51459, 105, 75.47359
51460, 102, 56.655014
51461, 105, 118.03326
51462, 116, 59.28641
51463, 119, 149.2766
51464, 104, 59.621437
51465, 100, 74.952995
51466, 118, 1.3831705
51467, 115, 129.35637
51468, 106, 57.902195
51469, 114, 81.49562
51470, 111, 2.8699727
51471, 103, 113.03032
51472, 109, 119.46455
51473, 100, 11.570415
51474, 114, 147.34943
51475, 114, 129.02496
51476, 107, 95.52358
51477, 104, 80.30232
51478, 105, 44.859177
51479, 118, 116.186966
51480, 110, 121.346085
51481, 106, 105.36338
51482, 117, 81.62327
51483, 108, 72.893524
51484, 101, 130.21301
51485, 102, 36.302204
51486, 114, 3.0767083
51487, 111, 104.26526
51488, 111, 60.219177
51489, 114, 41.96147
51490, 101, 17.638313
51491, 109, 8.765369
51492, 114, 60.92195
51493, 100, 120.37535
51494, 103, 23.255835
51495, 113, 101.47196
51496, 111, 91.90081
51497, 114, 142.87009
51498, 116, 89.40697
51499, 115, 85.18888
51500, 115, 37.73363
51501, 101, 139.69461
51502, 105, 45.615032
51503, 115, 7.741177
51504, 109, 39.944065
51505, 119, 125.36933
51506, 114, 10.7577505
51507, 109, 142.08887
51508, 105, 46.84157
51509, 100, 65.204704
51510, 110, 102.59714
51511, 116, 23.838884
51512, 109, 12.993282
51513, 108, 132.76195
51514, 103, 32.313
51515, 103, 12.931082
51516, 109, 3.5084457
51517, 112, 116.82742
51518, 118, 147.69388
51519, 111, 6.4447136
51520, 115, 77.278694
51521, 111, 126.472725
51522, 105, 125.07569
51523, 114, 144.98074
51524, 106, 64.76174
51525, 112, 106.17965
51526, 116, 117.59843
51527, 109, 123.531746
51528, 109, 141.63966
51529, 114, 139.6252
51530, 104, 87.01001
51531, 104, 125.725586
51532, 118, 43.496265
51533, 114, 17.776438
51534, 104, 14.680865
51535, 117, 28.796143
51536, 115, 115.63855
51537, 101, 43.563454
51538, 114, 122.65456
51539, 117, 121.91177
51540, 114, 106.43481
51541, 107, 90.970245
51542, 108, 70.93698
51543, 114, 6.3150644
51544, 100, 94.33515
51545, 111, 34.659515
51546, 111, 109.546585
51547, 114, 63.16267
51548, 112, 117.01941
51549, 105, 1.6639084
51550, 110, 57.048645
51551, 116, 48.44966
51552, 109, 20.329687
51553, 113, 74.82749
51554, 102, 0.18476844
51555, 105, 107.33872
51556, 113, 48.98658
51557, 114, 114.231964
51558, 100, 118.4942
51559, 116, 81.54143
51560, 117, 89.858086
51561, 104, 84.0176
51562, 112, 111.33428
51563, 107, 62.59075
51564, 119, 72.39447
51565, 105, 87.13042
51566, 106, 149.88489
51567, 105, 77.284706
51568, 108, 44.814064
51569, 103, 62.661873
51570, 107, 129.38644
51571, 106, 39.11556
51572, 107, 13.274664
51573, 119, 129.82565
51574, 108, 100.86493
51575, 110, 50.97716
51576, 119, 63.492645
51577, 114, 128.22276
51578, 113, 33.712093
51579, 105, 25.104984
51580, 118, 13.73891
51581, 107, 35.718693
51582, 105, 35.25642
51583, 114, 94.30882
51584, 114, 15.474218
51585, 103, 35.531742
51586, 116, 25.998615
51587, 104, 32.763935
51588, 104, 22.415936
51589, 118, 102.69049
51590, 109, 56.766388
51591, 115, 36.687927
51592, 111, 47.592964
51593, 104, 35.588676
51594, 105, 12.493703
51595, 104, 25.53919
51596, 107, 144.03792
51597, 112, 101.156906
51598, 112, 1.327157
51599, 114, 35.320946
51600, 113, 98.538216
51601, 119, 26.668695
51602, 102, 52.315556
51603, 107, 51.56479
51604, 103, 137.27863
51605, 112, 40.582832
51606, 104, 145.2659
51607, 114, 77.64173
51608, 115, 118.64519
51609, 100, 101.32568
51610, 110, 76.44317
51611, 119, 89.62362
51612, 105, 126.701035
51613, 100, 57.478542
51614, 118, 61.705524
51615, 100, 8.048021
51616, 111, 113.49708
51617, 115, 61.388077
51618, 100, 87.07364
51619, 117, 87.21128
51620, 108, 87.84054
51621, 115, 10.770312
51622, 108, 115.73322
51623, 104, 19.04541
51624, 104, 112.94396
51625, 102, 113.14913
51626, 116, 21.532103
51627, 112, 143.81377
51628, 106, 51.470615
51629, 115, 111.82251
51630, 113, 79.26682
51631, 105, 3.0509949
51632, 103, 1.6016722
51633, 103, 86.81122
51634, 107, 140.73347
51635, 116, 101.41677
51636, 104, 130.2076
51637, 116, 145.15508
51638, 106, 86.93989
51639, 118, 75.054474
51640, 104, 64.56238
51641, 110, 130.03783
51642, 111, 25.360617
51643, 119, 71.258995
51644, 113, 61.145836
51645, 115, 12.723362
51646, 116, 60.312946
51647, 106, 146.49365
51648, 117, 46.378754
51649, 103, 94.93628
51650, 110, 114.7486
51651, 117, 88.90035
51652, 111, 111.385
51653, 101, 40.102585
51654, 115, 23.5863
51655, 103, 80.72283
51656, 106, 118.43469
51657, 105, 104.17047
51658, 110, 20.00547
51659, 110, 97.11166
51660, 103, 65.10356
51661, 104, 11.375955
51662, 104, 81.21054
51663, 104, 44.815735
51664, 117, 72.51747
51665, 106, 22.77884
51666, 112, 106.075745
51667, 116, 4.4065924
51668, 105, 139.8143
51669, 109, 28.754211
51670, 110, 94.85172
51671, 116, 81.71653
51672, 107, 99.56558
51673, 119, 86.189926
51674, 100, 137.09175
51675, 100, 84.63285
51676, 100, 51.657352
51677, 111, 1.269874
51678, 115, 35.39181
51679, 115, 127.80947
51680, 116, 9.797984
51681, 117, 117.71615
51682, 114, 80.13585
51683, 118, 129.13919
51684, 111, 16.592413
51685, 113, 102.8825
51686, 103, 58.59395
51687, 107, 93.43477
51688, 116, 106.75458
51689, 104, 64.61724
51690, 113, 79.4514
51691, 115, 31.374336
51692, 102, 144.55174
51693, 119, 29.667128
51694, 118, 7.578197
51695, 117, 82.15892
51696, 118, 0.8198887
51697, 117, 130.86192
51698, 107, 126.20911
51699, 102, 111.30351
51700, 116, 102.54213
51701, 117, 125.56467
51702, 105, 100.79174
51703, 117, 30.276981
51704, 105, 96.18088
51705, 118, 125.04449
51706, 111, 140.43607
51707, 119, 88.30533
51708, 100, 74.068565
51709, 109, 41.86526
51710, 115, 87.83373
51711, 112, 135.2464
51712, 101, 67.14669
51713, 119, 55.359444
51714, 112, 11.6158695
51715, 117, 72.916756
51716, 109, 131.00146
51717, 109, 65.946754
51718, 113, 58.984493
51719, 110, 19.108603
51720, 102, 119.07893
51721, 106, 58.984093
51722, 103, 60.833786
51723, 102, 141.52531
51724, 119, 83.19505
51725, 109, 126.88651
51726, 102, 63.880974
51727, 105, 38.09099
51728, 115, 101.169464
51729, 100, 110.69858
51730, 115, 9.170357
51731, 107, 34.14223
51732, 105, 95.64572
51733, 103, 77.011055
51734, 106, 2.3477287
51735, 103, 126.77707
51736, 110, 19.546366
51737, 101, 43.860825
51738, 110, 54.140022
51739, 102, 27.996227
51740, 119, 146.942
51741, 103, 55.906086
51742, 103, 110.495026
51743, 115, 51.18641
51744, 112, 54.509647
51745, 108, 144.48419
51746, 101, 107.71241
51747, 108, 109.99874
51748, 115, 23.40693
51749, 118, 9.0399475
51750, 100, 19.618284
51751, 102, 54.221382
51752, 112, 20.064121
51753, 116, 113.44976
51754, 102, 35.49906
51755, 101, 83.08994
51756, 113, 124.10173
51757, 119, 49.16768
51758, 114, 33.875755
51759, 108, 66.52387
51760, 116, 35.435333
51761, 103, 44.120834
51762, 101, 107.26268
51763, 116, 88.26021
51764, 100, 60.328003
51765, 108, 123.42355
51766, 102, 131.21875
51767, 116, 19.327105
51768, 116, 95.381584
51769, 103, 62.55716
51770, 118, 35.140453
51771, 108, 71.098976
51772, 119, 85.01872
51773, 109, 97.36176
51774, 103, 13.547641
51775, 119, 14.583063
51776, 108, 26.767265
51777, 101, 43.52433
51778, 116, 139.38516
51779, 110, 0.3635019
51780, 102, 63.690083
51781, 107, 122.10608
51782, 114, 143.3275
51783, 110, 22.426628
51784, 118, 93.39398
51785, 108, 63.345676
51786, 104, 76.555565
51787, 109, 25.107094
51788, 116, 20.19647
51789, 107, 138.69249
51790, 112, 82.8887
51791, 116, 9.709874
51792, 111, 7.317397
51793, 104, 121.75675
51794, 119, 113.05209
51795, 116, 113.09977
51796, 102, 113.08294
51797, 115, 125.77441
51798, 106, 85.343475
51799, 107, 3.314683
51800, 107, 17.035389
51801, 105, 10.768667
51802, 106, 39.44664
51803, 118, 110.61287
51804, 106, 11.311099
51805, 110, 80.46615
51806, 118, 55.470264
51807, 119, 99.15649
51808, 112, 81.335365
51809, 112, 48.59975
51810, 101, 21.19984
51811, 110, 0.21942258
51812, 113, 107.811356
51813, 104, 96.9653
51814, 111, 31.126446
51815, 102, 91.04649
51816, 110, 78.63593
51817, 115, 58.356457
51818, 102, 147.38539
51819, 119, 46.142776
51820, 114, 29.737007
51821, 104, 10.444861
51822, 104, 84.39939
51823, 105, 84.595436
51824, 116, 36.58686
51825, 105, 85.340965
51826, 109, 22.028383
51827, 118, 80.4274
51828, 110, 26.65109
51829, 102, 3.458342
51830, 104, 141.04556
51831, 109, 97.20337
51832, 107, 96.28332
51833, 119, 108.87617
51834, 113, 35.09329
51835, 103, 77.572205
51836, 101, 139.83698
51837, 119, 113.235344
51838, 102, 52.010868
51839, 111, 49.49955
51840, 119, 21.29842
51841, 117, 110.041046
51842, 112, 41.487747
51843, 103, 62.979706
51844, 103, 31.611773
51845, 104, 80.52815
51846, 100, 123.80446
51847, 114, 29.719484
51848, 115, 114.86428
51849, 117, 46.987812
51850, 101, 7.233229
51851, 119, 45.739487
51852, 105, 76.95446
51853, 116, 77.733635
51854, 117, 72.39183
51855, 118, 116.91384
51856, 108, 28.081127
51857, 100, 32.29571
51858, 110, 148.39119
51859, 104, 47.946106
51860, 104, 88.4402
51861, 113, 44.605762
51862, 106, 57.98597
51863, 104, 61.100872
51864, 105, 59.82703
51865, 109, 68.997604
51866, 119, 47.104973
51867, 103, 136.08403
51868, 104, 5.464035
51869, 118, 80.3447
51870, 118, 95.52876
51871, 105, 100.59758
51872, 114, 94.74709
51873, 113, 87.12299
51874, 100, 59.80735
51875, 105, 85.77569
51876, 106, 95.53526
51877, 104, 14.052415
51878, 106, 44.403416
51879, 107, 54.735027
51880, 118, 4.1341333
51881, 104, 75.91945
51882, 102, 104.398865
51883, 115, 119.22583
51884, 113, 96.067375
51885, 100, 112.8894
51886, 113, 110.6365
51887, 116, 75.45027
51888, 111, 102.661995
51889, 102, 112.146835
51890, 113, 62.74701
51891, 118, 39.77987
51892, 105, 134.89458
51893, 111, 122.10377
51894, 107, 38.61469
51895, 111, 122.627304
51896, 104, 5.858293
51897, 103, 98.99393
51898, 107, 65.08967
51899, 100, 43.120346
51900, 101, 99.662575
51901, 110, 88.74388
51902, 117, 134.28716
51903, 111, 130.15215
51904, 118, 148.55
51905, 110, 80.95058
51906, 101, 147.60405
51907, 113, 56.13202
51908, 101, 11.295936
51909, 106, 70.80396
51910, 108, 146.26384
51911, 100, 127.07362
51912, 119, 94.6952
51913, 111, 29.39914
51914, 105, 14.686051
51915, 108, 39.070015
51916, 118, 122.208145
51917, 112, 66.52568
51918, 113, 28.302982
51919, 109, 72.614525
51920, 101, 41.773582
51921, 115, 146.00578
51922, 108, 103.74031
51923, 106, 58.431377
51924, 107, 75.56091
51925, 106, 45.803555
51926, 105, 103.08157
51927, 110, 88.69024
51928, 108, 43.005547
51929, 104, 118.98084
51930, 115, 7.131305
51931, 103, 83.16241
51932, 117, 81.23951
51933, 106, 149.56183
51934, 112, 87.947556
51935, 119, 13.994953
51936, 104, 97.33128
51937, 111, 54.321903
51938, 100, 10.887936
51939, 109, 118.59314
51940, 104, 104.853645
51941, 115, 105.65376
51942, 100, 89.62634
51943, 100, 56.88841
51944, 105, 81.18843
51945, 112, 6.9785447
51946, 116, 118.142296
51947, 104, 3.8690329
51948, 116, 5.111611
51949, 101, 38.495483
51950, 102, 100.71803
51951, 106, 93.025856
51952, 106, 71.184
51953, 110, 72.830284
51954, 102, 88.520256
51955, 108, 62.029346
51956, 109, 116.2504
51957, 113, 89.13208
51958, 118, 116.4733
51959, 103, 7.8926144
51960, 107, 32.85435
51961, 115, 21.283712
51962, 113, 15.685693
51963, 118, 85.77595
51964, 112, 13.914594
51965, 108, 59.231606
51966, 117, 65.092705
51967, 112, 129.49513
51968, 115, 45.452473
51969, 105, 68.18915
51970, 115, 61.82659
51971, 102, 83.03568
51972, 103, 94.75129
51973, 115, 16.736572
51974, 113, 7.6041074
51975, 116, 46.38665
51976, 100, 55.396416
51977, 118, 85.34041
51978, 109, 40.12608
51979, 103, 115.762436
51980, 115, 93.00914
51981, 111, 55.388824
51982, 111, 3.3013434
51983, 100, 74.78839
51984, 107, 63.013638
51985, 104, 73.02433
51986, 118, 53.478928
51987, 104, 131.66513
51988, 107, 140.37982
51989, 103, 27.283556
51990, 114, 39.048985
51991, 106, 22.51626
51992, 101, 70.69373
51993, 105, 61.563885
51994, 114, 95.590004
51995, 117, 102.46596
51996, 105, 114.64431
51997, 107, 120.51587
51998, 101, 42.64366
51999, 103, 101.81117
52000, 106, 110.344505
52001, 112, 54.529167
52002, 111, 44.011436
52003, 108, 28.491318
52004, 105, 111.17118
52005, 109, 20.204105
52006, 103, 99.66965
52007, 112, 48.92655
52008, 104, 54.26808
52009, 113, 14.736566
52010, 113, 145.17398
52011, 102, 10.137883
52012, 101, 66.30706
52013, 102, 19.693449
52014, 109, 77.04773
52015, 119, 76.28068
52016, 111, 145.94205
52017, 112, 43.29578
52018, 104, 99.89241
52019, 102, 91.41918
52020, 115, 12.324938
52021, 116, 67.18443
52022, 107, 12.517012
52023, 104, 114.06638
52024, 116, 7.881716
52025, 102, 30.737686
52026, 112, 93.580124
52027, 110, 58.014153
52028, 104, 143.45161
52029, 112, 26.15812
52030, 108, 75.35857
52031, 113, 126.52852
52032, 111, 35.263332
52033, 107, 7.5090857
52034, 102, 39.876724
52035, 111, 10.146162
52036, 117, 28.875
52037, 101, 81.10874
52038, 110, 108.54367
52039, 116, 3.5983176
52040, 118, 25.678486
52041, 111, 51.935265
52042, 108, 104.076004
52043, 105, 79.117065
52044, 107, 136.68068
52045, 108, 26.709293
52046, 103, 121.215614
52047, 102, 111.96827
52048, 103, 116.647644
52049, 104, 57.485622
52050, 104, 110.45396
52051, 103, 82.87123
52052, 110, 2.978477
52053, 111, 8.391121
52054, 101, 81.29884
52055, 109, 93.152374
52056, 105, 97.06809
52057, 119, 132.78761
52058, 117, 103.93816
52059, 107, 49.681644
52060, 114, 106.84806
52061, 102, 128.27187
52062, 119, 36.875553
52063, 113, 18.49494
52064, 103, 54.24946
52065, 106, 136.12508
52066, 115, 32.60039
52067, 115, 146.8516
52068, 103, 132.70464
52069, 115, 16.367413
52070, 113, 42.388298
52071, 115, 149.13869
52072, 119, 33.37402
52073, 100, 75.97809
52074, 107, 29.737616
52075, 105, 124.33737
52076, 109, 98.29159
52077, 109, 17.54128
52078, 114, 103.50904
52079, 107, 141.31494
52080, 112, 36.69972
52081, 100, 138.39467
52082, 117, 59.893494
52083, 112, 77.0922
52084, 115, 132.55632
52085, 103, 36.80849
52086, 101, 129.39775
52087, 113, 60.782547
52088, 119, 82.74334
52089, 112, 95.24874
52090, 117, 128.00447
52091, 100, 55.499
52092, 107, 114.63174
52093, 102, 83.68081
52094, 114, 24.071602
52095, 111, 128.38866
52096, 119, 106.05267
52097, 104, 45.149536
52098, 115, 28.590256
52099, 108, 95.100395
52100, 119, 7.46052
52101, 108, 95.03974
52102, 115, 71.48178
52103, 111, 142.48798
52104, 109, 17.315
52105, 105, 48.73173
52106, 107, 52.263424
52107, 113, 23.121284
52108, 116, 126.14265
52109, 115, 39.48816
52110, 119, 44.23574
52111, 108, 68.520996
52112, 118, 84.52805
52113, 117, 36.919292
52114, 118, 70.696655
52115, 114, 114.65914
52116, 104, 130.6155
52117, 104, 88.985756
52118, 115, 50.440346
52119, 112, 2.3687482
52120, 106, 6.83662
52121, 103, 144.12363
52122, 112, 23.397276
52123, 102, 130.47911
52124, 113, 63.523426
52125, 117, 47.590836
52126, 103, 100.10015
52127, 105, 36.59217
52128, 101, 116.33688
52129, 101, 79.72968
52130, 101, 126.87943
52131, 105, 107.40029
52132, 116, 148.00015
52133, 116, 145.56073
52134, 110, 43.067337
52135, 112, 62.30419
52136, 116, 131.85182
52137, 101, 96.215805
52138, 105, 27.902655
52139, 104, 86.20454
52140, 102, 50.64099
52141, 107, 16.209143
52142, 111, 45.816128
52143, 106, 85.0181
52144, 110, 103.49539
52145, 106, 137.93564
52146, 117, 7.7763853
52147, 117, 96.9725
52148, 107, 77.221214
52149, 110, 83.586586
52150, 100, 76.7062
52151, 115, 51.890938
52152, 108, 55.757618
52153, 101, 38.165062
52154, 103, 64.0312
52155, 106, 39.314182
52156, 110, 24.903372
52157, 101, 30.53305
52158, 104, 97.68645
52159, 103, 133.07547
52160, 105, 100.26756
52161, 117, 76.39661
52162, 114, 86.163925
52163, 108, 127.94875
52164, 108, 77.179306
52165, 117, 147.95297
52166, 119, 99.660866
52167, 110, 111.898445
52168, 103, 126.547844
52169, 106, 89.41836
52170, 116, 3.9959283
52171, 110, 18.807533
52172, 108, 129.06937
52173, 101, 74.01968
52174, 106, 49.552433
52175, 106, 81.97631
52176, 105, 49.900703
52177, 115, 96.77095
52178, 114, 67.23633
52179, 110, 127.92664
52180, 109, 127.780266
52181, 115, 90.11526
52182, 106, 51.92981
52183, 109, 138.6915
52184, 114, 79.95801
52185, 118, 66.38615
52186, 115, 34.581917
52187, 108, 50.39942
52188, 101, 60.982723
52189, 108, 100.051544
52190, 105, 76.11949
52191, 108, 57.436035
52192, 119, 110.69107
52193, 114, 75.08213
52194, 109, 113.76409
52195, 116, 75.5453
52196, 110, 30.367739
52197, 106, 44.852097
52198, 106, 113.97979
52199, 115, 51.011242
52200, 117, 8.070267
52201, 110, 126.32016
52202, 113, 132.20505
52203, 107, 59.827915
52204, 101, 28.143078
52205, 102, 0.4977107
52206, 119, 16.179264
52207, 103, 104.22752
52208, 108, 17.494976
52209, 116, 0.7019788
52210, 105, 133.37053
