2200, 108, 6.4045963
2201, 115, 64.96025
2202, 101, 89.868256
2203, 101, 23.817167
2204, 110, 95.99994
2205, 111, 12.628153
2206, 119, 73.551094
2207, 106, 142.59425
2208, 111, 112.25188
2209, 113, 99.908775
2210, 113, 2.6030123
2211, 114, 119.521645
2212, 116, 32.14791
2213, 119, 2.892065
2214, 113, 134.3985
2215, 101, 146.70258
2216, 118, 76.99887
2217, 109, 120.48156
2218, 115, 109.31464
2219, 117, 140.8345
2220, 119, 117.30251
2221, 112, 28.383038
2222, 109, 69.87171
2223, 119, 35.57082
2224, 108, 68.91517
2225, 109, 135.96667
2226, 113, 11.595779
2227, 101, 11.578327
2228, 111, 100.03195
2229, 118, 147.83429
2230, 114, 22.24947
2231, 114, 88.83742
2232, 113, 16.052494
2233, 118, 142.51344
2234, 108, 132.11641
2235, 110, 4.641178
2236, 112, 113.25436
2237, 118, 47.044167
2238, 101, 149.48387
2239, 108, 113.53802
2240, 107, 29.86527
2241, 117, 58.306038
2242, 104, 142.88461
2243, 105, 121.73793
2244, 116, 64.32991
2245, 100, 24.896399
2246, 110, 39.058712
2247, 103, 140.94696
2248, 114, 108.400246
2249, 118, 107.92687
2250, 117, 64.93009
2251, 107, 119.3518
2252, 110, 20.691097
2253, 104, 107.640175
2254, 118, 72.249344
2255, 105, 72.34079
2256, 100, 102.57488
2257, 119, 0.8951694
2258, 110, 46.60366
2259, 117, 50.53398
2260, 107, 46.098892
2261, 104, 129.69113
2262, 114, 138.96057
2263, 109, 149.11884
2264, 104, 47.07132
2265, 112, 133.72055
2266, 102, 80.45766
2267, 119, 50.35318
2268, 108, 140.06729
2269, 101, 58.469376
2270, 118, 43.833008
2271, 119, 92.989426
2272, 102, 19.130623
2273, 116, 105.40425
2274, 116, 38.70855
2275, 111, 56.251297
2276, 100, 38.793987
2277, 104, 57.078686
2278, 108, 73.95124
2279, 102, 102.82694
2280, 113, 79.34726
2281, 118, 116.694435
2282, 110, 142.30838
2283, 112, 48.352272
2284, 110, 57.155567
2285, 102, 34.159256
2286, 111, 43.091324
2287, 103, 133.2556
2288, 112, 27.32739
2289, 111, 67.5118
2290, 117, 68.56779
2291, 106, 108.99951
2292, 103, 53.83974
2293, 112, 38.34277
2294, 105, 138.54802
2295, 109, 44.3123
2296, 104, 42.060356
2297, 109, 54.66915
2298, 105, 28.683311
2299, 110, 124.27044
2300, 112, 147.08952
2301, 114, 83.7021
2302, 113, 45.99013
2303, 116, 129.05522
2304, 111, 1.1655629
2305, 106, 145.59976
2306, 100, 36.40868
2307, 103, 91.99734
2308, 103, 105.60605
2309, 104, 27.832031
2310, 113, 107.87296
2311, 116, 92.25914
2312, 103, 40.280487
2313, 117, 111.88609
2314, 113, 139.57816
2315, 114, 82.80799
2316, 117, 84.3308
2317, 113, 67.13475
2318, 103, 34.397167
2319, 106, 29.468287
2320, 110, 67.83678
2321, 107, 72.4796
2322, 119, 116.48761
2323, 113, 117.79772
2324, 111, 46.84107
2325, 112, 51.119526
2326, 117, 40.662163
2327, 102, 86.064095
2328, 116, 75.86648
2329, 100, 149.14645
2330, 114, 17.297129
2331, 100, 139.65392
2332, 106, 148.07518
2333, 106, 67.30904
2334, 100, 111.25234
2335, 108, 8.414287
2336, 100, 36.41762
2337, 100, 83.227715
2338, 111, 107.44322
2339, 115, 60.491924
2340, 117, 41.71951
2341, 112, 89.46491
2342, 118, 53.16683
2343, 109, 123.12162
2344, 109, 132.75137
2345, 101, 46.423565
2346, 119, 110.42595
2347, 116, 30.773851
2348, 106, 61.27957
2349, 115, 138.95398
2350, 105, 84.52835
2351, 114, 22.525808
2352, 112, 127.86598
2353, 111, 97.85713
2354, 110, 82.10971
2355, 114, 44.597607
2356, 109, 142.05008
2357, 117, 13.972342
2358, 112, 139.396
2359, 104, 40.01221
2360, 118, 0.06518662
2361, 117, 20.272001
2362, 118, 30.039097
2363, 106, 131.09137
2364, 116, 3.3795385
2365, 105, 124.899155
2366, 107, 37.627754
2367, 111, 44.131924
2368, 110, 139.35358
2369, 112, 53.43168
2370, 104, 110.89044
2371, 108, 137.41557
2372, 118, 67.05846
2373, 109, 101.28091
2374, 109, 44.867313
2375, 119, 30.061214
2376, 113, 53.7907
2377, 104, 15.9103
2378, 116, 81.05518
2379, 104, 29.040054
2380, 102, 11.169756
2381, 106, 70.121185
2382, 102, 119.66415
2383, 108, 122.58592
2384, 112, 13.270211
2385, 119, 144.45271
2386, 104, 85.63622
2387, 101, 145.2352
2388, 116, 69.74016
2389, 110, 76.6501
2390, 117, 101.85667
2391, 116, 71.53922
2392, 104, 53.415047
2393, 115, 141.82576
2394, 111, 35.9513
2395, 106, 131.779
2396, 106, 120.7419
2397, 110, 113.988655
2398, 118, 76.51671
2399, 101, 58.06824
2400, 108, 147.14476
2401, 111, 28.348885
2402, 116, 18.000608
2403, 110, 111.206024
2404, 118, 131.78876
2405, 107, 77.90556
2406, 105, 79.85068
2407, 105, 20.543968
2408, 102, 20.077515
2409, 108, 14.634186
2410, 104, 145.61362
2411, 107, 146.5896
2412, 103, 16.763645
2413, 111, 51.46493
2414, 108, 132.20383
2415, 118, 86.57758
2416, 102, 38.905994
2417, 110, 6.750038
2418, 119, 30.39946
2419, 117, 41.58586
2420, 118, 61.85231
2421, 111, 20.738617
2422, 106, 142.01907
2423, 108, 119.81389
2424, 113, 104.854324
2425, 101, 111.47538
2426, 117, 4.70902
2427, 119, 12.981998
2428, 103, 124.59348
2429, 103, 88.78603
2430, 102, 116.586525
2431, 119, 69.57848
2432, 118, 86.71272
2433, 107, 82.48746
2434, 112, 112.489136
2435, 105, 21.559399
2436, 107, 64.10918
2437, 100, 148.6118
2438, 106, 104.11245
2439, 106, 105.15653
2440, 116, 90.13672
2441, 104, 128.04283
2442, 119, 140.11734
2443, 107, 45.865738
2444, 116, 66.41463
2445, 110, 120.16775
2446, 117, 122.11245
2447, 108, 5.275333
2448, 110, 140.8179
2449, 105, 0.58249533
2450, 118, 93.5441
2451, 117, 74.782715
2452, 104, 138.23715
2453, 101, 111.47343
2454, 117, 79.08256
2455, 103, 63.373768
2456, 105, 41.22963
2457, 105, 122.61268
2458, 114, 56.731224
2459, 113, 28.298655
2460, 108, 96.04819
2461, 114, 31.892681
2462, 102, 37.444057
2463, 110, 145.94725
2464, 104, 57.50537
2465, 117, 147.61491
2466, 110, 97.27776
2467, 100, 20.341417
2468, 103, 2.1984816
2469, 102, 9.973177
2470, 103, 73.299
2471, 109, 144.9364
2472, 119, 14.396069
2473, 118, 125.0206
2474, 101, 115.95556
2475, 118, 139.53384
2476, 114, 39.87644
2477, 117, 20.352495
2478, 111, 121.97777
2479, 101, 50.729996
2480, 101, 74.833855
2481, 107, 66.80316
2482, 112, 45.217278
2483, 102, 27.813704
2484, 102, 109.80722
2485, 108, 71.37554
2486, 110, 46.73986
2487, 104, 33.060516
2488, 113, 78.179306
2489, 112, 121.97452
2490, 101, 89.13276
2491, 117, 35.910282
2492, 113, 89.2386
2493, 111, 79.19082
2494, 108, 82.87582
2495, 111, 105.11401
2496, 104, 126.66377
2497, 115, 44.09609
2498, 104, 86.82865
2499, 118, 127.020424
2500, 103, 82.382805
2501, 106, 55.044792
2502, 110, 47.582306
2503, 106, 89.1608
2504, 100, 37.967484
2505, 111, 112.100044
2506, 101, 55.739666
2507, 105, 108.60587
2508, 103, 122.58848
2509, 119, 68.79968
2510, 114, 113.34255
2511, 118, 112.02081
2512, 117, 97.79772
2513, 115, 83.37249
2514, 108, 40.242165
2515, 111, 129.46046
2516, 102, 79.864655
2517, 113, 6.4617367
2518, 101, 7.2720947
2519, 103, 115.89504
2520, 115, 47.99645
2521, 113, 87.52364
2522, 108, 149.5855
2523, 116, 108.57921
2524, 117, 63.52576
2525, 103, 20.244928
2526, 104, 23.022322
2527, 102, 119.78974
2528, 118, 57.15451
2529, 114, 68.2231
2530, 100, 128.95781
2531, 101, 69.129074
2532, 106, 30.105024
2533, 115, 149.49954
2534, 114, 66.49848
2535, 104, 27.763752
2536, 106, 9.85828
2537, 113, 137.62021
2538, 101, 100.68045
2539, 103, 140.37886
2540, 103, 146.5902
2541, 101, 36.599297
2542, 105, 120.31101
2543, 101, 48.534267
2544, 104, 77.40669
2545, 102, 135.28358
2546, 102, 143.26547
2547, 118, 128.17953
2548, 106, 77.91741
2549, 114, 52.794136
2550, 116, 3.74313
2551, 115, 72.200966
2552, 117, 61.103592
2553, 100, 11.380282
2554, 100, 13.882237
2555, 119, 83.622536
2556, 110, 131.74055
2557, 100, 46.54332
2558, 119, 137.6497
2559, 107, 41.08725
2560, 108, 10.806674
2561, 107, 41.698364
2562, 102, 115.4518
2563, 109, 125.15067
2564, 113, 28.482744
2565, 112, 92.53931
2566, 113, 129.35378
2567, 105, 12.601063
2568, 111, 17.49022
2569, 117, 1.4433146
2570, 111, 99.69579
2571, 112, 101.85865
2572, 115, 70.75261
2573, 111, 133.93639
2574, 106, 6.4181147
2575, 118, 27.910799
2576, 112, 35.736958
2577, 100, 96.40243
2578, 105, 91.22737
2579, 106, 75.66693
2580, 108, 103.26073
2581, 112, 9.948286
2582, 116, 120.79244
2583, 114, 145.16112
2584, 114, 58.751724
2585, 105, 115.40978
2586, 100, 11.478817
2587, 111, 68.3265
2588, 107, 128.53128
2589, 104, 64.45215
2590, 113, 98.8129
2591, 107, 120.07594
2592, 117, 146.30031
2593, 109, 80.70698
2594, 119, 73.121025
2595, 108, 135.70372
2596, 103, 94.388016
2597, 119, 108.33764
2598, 112, 71.38207
2599, 101, 88.78474
2600, 104, 17.75524
2601, 117, 28.237967
2602, 118, 24.836979
2603, 108, 106.76806
2604, 115, 136.59152
2605, 109, 22.543726
2606, 116, 145.26488
2607, 109, 38.830116
2608, 108, 89.435905
2609, 106, 45.223106
2610, 106, 104.59391
2611, 108, 61.221878
2612, 116, 27.12637
2613, 103, 9.996763
2614, 104, 83.08957
2615, 118, 130.4133
2616, 116, 54.169384
2617, 116, 31.449875
2618, 102, 139.80244
2619, 116, 144.0083
2620, 107, 7.9770417
2621, 102, 30.754324
2622, 112, 79.99802
2623, 115, 95.76805
2624, 111, 13.624755
2625, 119, 52.057816
2626, 119, 143.90292
2627, 118, 5.1840305
2628, 111, 118.03398
2629, 105, 61.56689
2630, 108, 118.89891
2631, 117, 97.213066
2632, 117, 83.77973
2633, 115, 115.90541
2634, 111, 89.04102
2635, 103, 105.65192
2636, 103, 26.46894
2637, 103, 51.812626
2638, 103, 20.02708
2639, 100, 94.69821
2640, 114, 11.306861
2641, 100, 10.070926
2642, 107, 31.739786
2643, 111, 148.56367
2644, 118, 73.2505
2645, 117, 0.38029253
2646, 103, 117.82562
2647, 115, 46.969406
2648, 112, 118.207695
2649, 114, 51.43994
2650, 105, 22.199642
2651, 108, 147.92496
2652, 105, 7.7948303
2653, 114, 148.34354
2654, 112, 34.418205
2655, 101, 127.85585
2656, 114, 26.052376
2657, 116, 47.878155
2658, 104, 88.15965
2659, 112, 71.871925
2660, 115, 109.35775
2661, 105, 34.750004
2662, 103, 101.311676
2663, 107, 130.13826
2664, 116, 112.59944
2665, 119, 112.13067
2666, 106, 73.11514
2667, 115, 3.5600333
2668, 102, 127.91346
2669, 114, 94.41882
2670, 109, 101.17971
2671, 109, 30.09738
2672, 104, 98.064026
2673, 102, 100.63151
2674, 110, 124.587
2675, 118, 90.66008
2676, 104, 70.19484
2677, 107, 126.506874
2678, 109, 45.36136
2679, 117, 47.553886
2680, 107, 49.513695
2681, 117, 46.211403
2682, 101, 127.7684
2683, 110, 33.41149
2684, 115, 17.685556
2685, 101, 55.36816
2686, 109, 143.34846
2687, 104, 18.723866
2688, 118, 31.83928
2689, 112, 118.41996
2690, 102, 53.4692
2691, 115, 30.661163
2692, 108, 61.823765
2693, 103, 143.40462
2694, 110, 79.67197
2695, 113, 5.7239323
2696, 108, 75.096436
2697, 111, 88.49482
2698, 110, 108.12607
2699, 112, 127.45618
2700, 113, 59.39709
2701, 102, 2.133563
2702, 113, 36.94618
2703, 119, 5.087614
2704, 111, 59.68827
2705, 104, 136.32713
2706, 119, 72.77745
2707, 108, 109.72517
2708, 108, 99.71011
2709, 111, 122.72909
2710, 102, 20.535225
2711, 113, 93.26376
2712, 108, 71.08165
2713, 104, 45.079063
2714, 109, 40.572365
2715, 107, 114.0995
2716, 109, 90.395485
2717, 102, 47.357002
2718, 104, 28.592428
2719, 114, 68.46349
2720, 102, 82.42601
2721, 101, 13.917178
2722, 113, 76.81831
2723, 117, 0.66044927
2724, 107, 75.369194
2725, 117, 140.98903
2726, 117, 60.33699
2727, 111, 92.26234
2728, 101, 124.10691
2729, 101, 42.90971
2730, 109, 130.10017
2731, 105, 140.96692
2732, 108, 6.7678394
2733, 109, 90.193436
2734, 101, 125.750336
2735, 112, 32.73654
2736, 104, 12.25099
2737, 107, 61.403908
2738, 109, 128.25095
2739, 113, 128.22223
2740, 104, 65.41169
2741, 113, 87.786934
2742, 114, 46.233932
2743, 119, 126.37372
2744, 109, 50.760582
2745, 114, 147.5399
2746, 112, 141.15875
2747, 116, 84.37684
2748, 118, 41.12548
2749, 102, 75.66957
2750, 105, 87.392334
2751, 119, 52.180515
2752, 115, 50.004414
2753, 116, 126.42775
2754, 104, 69.36261
2755, 100, 53.51581
2756, 113, 99.31157
2757, 118, 78.40997
2758, 102, 127.01479
2759, 114, 100.65715
2760, 111, 18.301178
2761, 110, 144.74762
2762, 105, 43.05918
2763, 114, 41.078075
2764, 119, 46.093655
2765, 101, 146.50677
2766, 116, 22.525513
2767, 110, 127.209915
2768, 107, 138.97917
2769, 109, 42.7888
2770, 104, 43.829254
2771, 114, 80.823784
2772, 119, 32.92678
2773, 119, 74.00437
2774, 105, 104.57909
2775, 105, 26.134703
2776, 108, 141.95746
2777, 111, 20.650524
2778, 100, 22.487514
2779, 115, 80.128044
2780, 119, 122.77152
2781, 112, 98.24005
2782, 106, 59.171562
2783, 114, 47.72207
2784, 103, 19.224241
2785, 119, 50.0988
2786, 103, 134.39554
2787, 119, 88.537796
2788, 118, 122.80161
2789, 107, 43.731766
2790, 117, 92.48009
2791, 118, 141.63805
2792, 111, 3.85319
2793, 116, 99.78064
2794, 103, 133.37444
2795, 116, 120.09618
2796, 100, 136.16328
2797, 106, 19.188345
2798, 116, 105.75167
2799, 119, 33.39967
2800, 118, 77.86936
2801, 100, 110.915985
2802, 104, 9.282607
2803, 108, 96.77251
2804, 112, 147.03896
2805, 115, 75.246864
2806, 106, 19.19259
2807, 113, 30.711946
2808, 112, 2.2981346
2809, 102, 7.0417376
2810, 119, 16.669813
2811, 112, 106.64177
2812, 112, 148.41174
2813, 116, 69.25724
2814, 117, 0.77084005
2815, 115, 95.62381
2816, 112, 94.97249
2817, 112, 131.64423
2818, 100, 25.268179
2819, 117, 70.60588
2820, 100, 31.735558
2821, 108, 15.439484
2822, 118, 148.21349
2823, 104, 92.799995
2824, 106, 117.76838
2825, 106, 148.64537
2826, 106, 35.94977
2827, 117, 133.58669
2828, 100, 8.472437
2829, 104, 148.4392
2830, 117, 113.181694
2831, 114, 27.748526
2832, 116, 139.71906
2833, 104, 13.783201
2834, 109, 39.65038
2835, 111, 38.464405
2836, 117, 39.0383
2837, 100, 81.91216
2838, 105, 110.09139
2839, 103, 134.52612
2840, 101, 105.51891
2841, 113, 123.79893
2842, 117, 107.90425
2843, 101, 67.988495
2844, 104, 124.06557
2845, 104, 129.39555
2846, 102, 78.78512
2847, 116, 136.10509
2848, 116, 31.037172
2849, 101, 50.535393
2850, 117, 90.45268
2851, 109, 40.468224
2852, 109, 81.96863
2853, 118, 123.16426
2854, 110, 49.88284
2855, 101, 53.190556
2856, 109, 138.15721
2857, 106, 47.900684
2858, 103, 115.4893
2859, 116, 120.981094
2860, 110, 128.34155
2861, 102, 102.47785
2862, 101, 90.410866
2863, 109, 121.65981
2864, 105, 9.099546
2865, 106, 139.38164
2866, 114, 145.61833
2867, 107, 14.284086
2868, 117, 46.987526
2869, 111, 4.0607033
2870, 100, 123.09589
2871, 103, 2.1768184
2872, 103, 108.40951
2873, 100, 0.82916915
2874, 108, 25.042973
2875, 104, 24.76935
2876, 116, 19.041065
2877, 119, 30.805841
2878, 105, 96.31452
2879, 106, 146.3437
2880, 119, 132.06052
2881, 114, 23.167446
2882, 100, 117.46488
2883, 109, 144.87454
2884, 100, 86.91643
2885, 106, 34.903675
2886, 101, 122.77356
2887, 117, 49.921165
2888, 100, 82.85411
2889, 110, 105.03428
2890, 105, 60.92105
2891, 102, 119.40229
2892, 111, 89.90048
2893, 109, 39.097656
2894, 108, 89.362495
2895, 113, 25.182537
2896, 114, 138.41908
2897, 118, 17.640076
2898, 115, 67.26118
2899, 103, 48.081905
2900, 102, 59.734673
2901, 105, 53.73425
2902, 110, 28.155067
2903, 117, 133.07059
2904, 111, 145.75609
2905, 107, 10.976645
2906, 117, 82.88787
2907, 102, 116.053604
2908, 114, 60.839626
2909, 104, 62.502846
2910, 115, 108.49675
2911, 115, 30.064157
2912, 109, 25.288286
2913, 117, 93.54782
2914, 117, 32.29806
2915, 118, 0.940758
2916, 105, 145.86346
2917, 110, 106.680855
2918, 112, 99.15485
2919, 113, 1.8989146
2920, 105, 92.53611
2921, 104, 23.81385
2922, 106, 123.58865
2923, 109, 57.580723
2924, 101, 82.53257
2925, 113, 41.87161
2926, 109, 133.8002
2927, 113, 63.468655
2928, 113, 132.69957
2929, 102, 107.60103
2930, 114, 73.49894
2931, 106, 91.87213
2932, 107, 118.259285
2933, 101, 118.38826
2934, 119, 34.35863
2935, 109, 1.0724097
2936, 115, 119.40585
2937, 118, 111.470795
2938, 100, 135.21222
2939, 102, 24.427048
2940, 110, 118.69356
2941, 110, 78.61094
2942, 119, 69.920746
2943, 118, 66.819565
2944, 114, 61.377705
2945, 102, 53.151253
2946, 110, 9.480116
2947, 118, 87.16227
2948, 107, 137.14989
2949, 117, 93.42401
2950, 106, 62.437855
2951, 111, 24.982157
2952, 107, 2.3558378
2953, 113, 59.63165
2954, 117, 8.822197
2955, 118, 130.6467
2956, 102, 75.00983
2957, 118, 103.35045
2958, 105, 70.401405
2959, 110, 120.740364
2960, 103, 60.786724
2961, 108, 125.25078
2962, 108, 80.17309
2963, 115, 131.49913
2964, 117, 148.68657
2965, 109, 133.97246
2966, 105, 51.543385
2967, 115, 53.377747
2968, 103, 9.75928
2969, 112, 135.35223
2970, 107, 72.731476
2971, 110, 139.58899
2972, 109, 7.604697
2973, 104, 34.887394
2974, 116, 141.88554
2975, 119, 10.969681
2976, 115, 98.3034
2977, 109, 111.316414
2978, 106, 102.91873
2979, 105, 94.30572
2980, 104, 44.264664
2981, 117, 120.03692
2982, 102, 31.699186
2983, 111, 143.22258
2984, 112, 35.056194
2985, 119, 17.289421
2986, 118, 113.8078
2987, 107, 74.71274
2988, 119, 67.313484
2989, 105, 20.005005
2990, 103, 143.52562
2991, 115, 84.245895
2992, 113, 48.68929
2993, 102, 87.742226
2994, 101, 84.39874
2995, 111, 117.9477
2996, 106, 20.812521
2997, 111, 78.077
2998, 119, 114.0923
2999, 104, 135.58238
3000, 114, 110.07603
3001, 112, 37.858738
3002, 102, 57.09168
3003, 119, 139.70459
3004, 111, 123.954185
3005, 115, 29.824947
3006, 106, 45.25499
3007, 102, 15.363873
3008, 102, 49.16551
3009, 107, 136.3969
3010, 109, 78.05733
3011, 107, 147.01314
3012, 117, 102.85966
3013, 119, 104.91033
3014, 113, 107.76258
3015, 114, 77.158264
3016, 100, 148.57837
3017, 115, 40.24414
3018, 109, 114.30388
3019, 105, 15.629474
3020, 114, 39.117954
3021, 110, 101.14143
3022, 117, 112.77956
3023, 112, 93.75747
3024, 112, 48.486416
3025, 115, 70.05036
3026, 110, 27.877378
3027, 112, 111.35352
3028, 107, 9.697562
3029, 108, 9.5487
3030, 101, 35.014496
3031, 106, 43.7593
3032, 105, 129.68108
3033, 103, 128.30505
3034, 112, 19.738949
3035, 116, 113.56618
3036, 111, 131.09225
3037, 103, 14.10664
3038, 106, 137.81915
3039, 116, 95.15487
3040, 103, 94.862724
3041, 117, 61.55862
3042, 104, 4.5242696
3043, 100, 33.092415
3044, 115, 141.81651
3045, 101, 122.926674
3046, 113, 27.533707
3047, 116, 148.95428
3048, 108, 128.64418
3049, 106, 48.60886
3050, 107, 70.58757
3051, 112, 16.330862
3052, 109, 27.571947
3053, 100, 95.308945
3054, 107, 81.849045
3055, 103, 112.4454
3056, 113, 45.399696
3057, 105, 52.79191
3058, 116, 148.83603
3059, 107, 149.31233
3060, 103, 144.13643
3061, 105, 15.125317
3062, 102, 130.62953
3063, 112, 103.38086
3064, 111, 14.074802
3065, 109, 90.92361
3066, 104, 65.58512
3067, 111, 107.80595
3068, 102, 45.156555
3069, 104, 23.512047
3070, 116, 24.827787
3071, 107, 94.06477
3072, 110, 107.34053
3073, 107, 120.576515
3074, 119, 101.18942
3075, 111, 113.51326
3076, 118, 85.79366
3077, 113, 115.76124
3078, 106, 20.419327
3079, 106, 38.732494
3080, 112, 68.46112
3081, 102, 50.901558
3082, 117, 63.614838
3083, 113, 14.482265
3084, 111, 52.38988
3085, 111, 91.46317
3086, 115, 128.93706
3087, 102, 118.45496
3088, 119, 108.247406
3089, 107, 143.68002
3090, 116, 136.99251
3091, 115, 84.87736
3092, 113, 53.986446
3093, 119, 100.270584
3094, 104, 44.920555
3095, 106, 111.86651
3096, 118, 140.29097
3097, 113, 121.539856
3098, 101, 80.12461
3099, 115, 23.871677
3100, 114, 135.64548
3101, 100, 51.91472
3102, 111, 147.58679
3103, 107, 81.40302
3104, 112, 118.78036
3105, 112, 12.250918
3106, 100, 149.91881
3107, 105, 116.46986
3108, 110, 12.039203
3109, 101, 120.80675
3110, 110, 103.15614
3111, 103, 78.102036
3112, 117, 28.37009
3113, 106, 88.81462
3114, 101, 144.34467
3115, 112, 114.711464
3116, 108, 34.813644
3117, 107, 77.75927
3118, 110, 121.65449
3119, 110, 60.09781
3120, 101, 21.355238
3121, 108, 116.99159
3122, 115, 66.39175
3123, 107, 125.39786
3124, 113, 11.590674
3125, 106, 77.24344
3126, 103, 63.011723
3127, 105, 43.797718
3128, 116, 21.324331
3129, 101, 127.65745
3130, 105, 148.24937
3131, 104, 29.461061
3132, 105, 27.742687
3133, 100, 148.73233
3134, 110, 87.61805
3135, 116, 80.905396
3136, 114, 109.60391
3137, 114, 69.31487
3138, 107, 88.11057
3139, 115, 33.15846
3140, 106, 54.51992
3141, 112, 126.574615
3142, 107, 47.591705
3143, 103, 38.22984
3144, 110, 25.223537
3145, 103, 101.63836
3146, 112, 122.034325
3147, 118, 71.90985
3148, 115, 129.36359
3149, 109, 36.018875
3150, 113, 136.93257
3151, 116, 141.94025
3152, 111, 25.43183
3153, 103, 68.70466
3154, 106, 135.64598
3155, 113, 72.26904
3156, 117, 1.1568993
3157, 108, 129.73924
3158, 100, 124.229576
3159, 100, 97.73638
3160, 115, 93.50142
3161, 107, 103.85327
3162, 103, 11.673662
3163, 112, 125.87991
3164, 100, 126.126305
3165, 101, 50.20516
3166, 115, 42.32441
3167, 108, 75.30224
3168, 116, 80.59405
3169, 109, 23.314047
3170, 110, 76.714035
3171, 100, 29.803339
3172, 105, 98.68293
3173, 112, 20.416912
3174, 114, 116.48006
3175, 104, 34.68637
3176, 118, 119.97512
3177, 116, 110.071556
3178, 104, 48.64079
3179, 115, 96.87985
3180, 115, 139.03186
3181, 108, 141.34998
3182, 109, 21.364975
3183, 115, 23.687311
3184, 107, 111.153725
3185, 107, 144.5005
3186, 106, 121.26015
3187, 108, 4.1113706
3188, 100, 29.72163
3189, 119, 50.20422
3190, 101, 48.858635
3191, 108, 27.722178
3192, 108, 99.556526
3193, 104, 129.81018
3194, 111, 55.227684
3195, 118, 62.959698
3196, 110, 121.187874
3197, 114, 91.55236
3198, 112, 65.92125
3199, 104, 45.80623
3200, 100, 19.17101
3201, 101, 59.134804
3202, 114, 115.71034
3203, 115, 35.028656
3204, 111, 57.50563
3205, 110, 16.784817
3206, 119, 31.647392
3207, 117, 31.76457
3208, 111, 27.150616
3209, 116, 84.95836
3210, 114, 87.18381
3211, 117, 3.5964756
3212, 103, 4.479021
3213, 103, 18.708328
3214, 114, 19.566473
3215, 105, 17.838827
3216, 116, 64.67853
3217, 109, 25.19863
3218, 105, 62.28487
3219, 103, 77.38306
3220, 108, 141.13455
3221, 107, 46.22781
3222, 117, 52.86279
3223, 101, 70.44807
3224, 108, 25.564474
3225, 113, 86.37429
3226, 105, 143.05284
3227, 110, 106.95184
3228, 100, 18.954464
3229, 117, 18.749767
3230, 115, 78.967766
3231, 105, 58.605946
3232, 115, 110.689865
3233, 106, 4.910946
3234, 106, 108.372185
3235, 114, 139.0242
3236, 113, 85.27549
3237, 118, 138.76227
3238, 115, 2.6330352
3239, 100, 67.81518
3240, 114, 22.835737
3241, 110, 49.31234
3242, 103, 69.046165
3243, 113, 82.36245
3244, 100, 61.889576
3245, 110, 49.740227
3246, 110, 135.81233
3247, 108, 12.749845
3248, 119, 86.67333
3249, 104, 78.50408
3250, 106, 8.91037
3251, 111, 5.918929
3252, 119, 3.9435089
3253, 112, 47.31304
3254, 107, 15.013093
3255, 116, 84.17164
3256, 119, 76.77158
3257, 114, 70.205536
3258, 113, 143.94464
3259, 102, 37.520546
3260, 104, 60.04838
3261, 110, 86.95296
3262, 101, 60.18312
3263, 117, 91.62251
3264, 115, 72.048874
3265, 100, 92.862724
3266, 112, 82.39928
3267, 117, 77.17252
3268, 107, 144.15135
3269, 119, 93.67774
3270, 103, 58.873226
3271, 101, 111.22607
3272, 108, 27.16198
3273, 108, 39.719376
3274, 115, 101.54346
3275, 106, 125.51293
3276, 110, 60.029366
3277, 102, 25.856451
3278, 116, 47.469334
3279, 103, 106.82424
3280, 117, 99.07058
3281, 116, 65.74787
3282, 111, 68.667244
3283, 107, 114.8493
3284, 113, 148.14743
3285, 105, 128.7484
3286, 101, 119.667404
3287, 106, 45.779095
3288, 104, 34.98773
3289, 116, 19.730858
3290, 117, 57.526215
3291, 106, 117.53874
3292, 119, 40.884895
3293, 105, 148.53705
3294, 116, 53.268642
3295, 104, 116.60366
3296, 109, 63.515667
3297, 116, 125.10401
3298, 106, 29.168335
3299, 100, 64.469666
3300, 110, 12.770846
3301, 110, 92.366165
3302, 100, 101.82828
3303, 116, 108.51711
3304, 109, 132.36057
3305, 101, 124.78174
3306, 112, 96.2986
3307, 106, 42.781796
3308, 109, 144.93582
3309, 119, 117.57026
3310, 111, 130.71822
3311, 105, 11.071425
3312, 102, 4.4601917
3313, 108, 82.27708
3314, 102, 36.329956
3315, 118, 27.238047
3316, 114, 3.1829953
3317, 100, 140.14685
3318, 117, 11.455491
3319, 102, 129.8806
3320, 117, 62.363514
3321, 108, 53.194847
3322, 103, 91.18124
3323, 103, 17.629025
3324, 108, 6.1801224
3325, 116, 91.04529
3326, 101, 70.610535
3327, 105, 145.02951
3328, 116, 16.318031
3329, 105, 3.0465603
3330, 115, 11.711508
3331, 116, 6.9337964
3332, 116, 7.6497674
3333, 105, 22.367817
3334, 103, 50.187893
3335, 117, 91.587006
3336, 112, 104.07398
3337, 114, 50.51228
3338, 116, 2.134931
3339, 117, 86.67645
3340, 102, 70.35375
3341, 107, 113.38917
3342, 116, 69.666016
3343, 102, 110.216194
3344, 109, 8.207882
3345, 106, 41.591217
3346, 116, 113.705154
3347, 111, 77.96416
3348, 116, 20.82636
3349, 116, 132.11774
3350, 111, 26.625368
3351, 113, 22.885635
3352, 117, 27.083408
3353, 102, 44.60112
3354, 108, 121.42703
3355, 107, 99.863556
3356, 105, 24.600372
3357, 114, 126.47343
3358, 115, 103.19268
3359, 118, 13.768664
3360, 111, 26.527977
3361, 107, 25.180569
3362, 116, 86.49189
3363, 119, 62.048496
3364, 117, 78.991455
3365, 105, 25.229958
3366, 107, 62.897514
3367, 117, 15.396765
3368, 104, 61.878544
3369, 104, 101.40682
3370, 119, 10.12221
3371, 107, 143.91238
3372, 118, 1.6665369
3373, 115, 0.34991205
3374, 100, 110.51189
3375, 109, 20.898521
3376, 104, 134.35281
3377, 106, 15.001103
3378, 100, 55.424454
3379, 101, 143.6239
3380, 110, 98.0884
3381, 117, 106.689766
3382, 116, 1.2363285
3383, 100, 117.44315
3384, 117, 69.25001
3385, 100, 93.92649
3386, 119, 84.82521
3387, 119, 20.713377
3388, 114, 91.29691
3389, 118, 126.43656
3390, 118, 54.48548
3391, 104, 54.51952
3392, 108, 139.45743
3393, 113, 84.113754
3394, 104, 36.346695
3395, 103, 71.91878
3396, 111, 52.126827
3397, 109, 134.50188
3398, 108, 11.825654
3399, 108, 111.566246
3400, 103, 24.614256
3401, 119, 118.253426
3402, 102, 105.69216
3403, 108, 88.489624
3404, 114, 79.729744
3405, 111, 94.43534
3406, 114, 22.965816
3407, 113, 11.480668
3408, 119, 20.537647
3409, 115, 104.9254
3410, 106, 7.905382
3411, 113, 139.04503
3412, 112, 85.520485
3413, 117, 23.660963
3414, 111, 126.472084
3415, 106, 26.193005
3416, 100, 43.32885
3417, 112, 59.21048
3418, 111, 129.21861
3419, 114, 5.6491165
3420, 118, 119.57468
3421, 104, 25.650305
3422, 101, 17.64274
3423, 113, 67.83121
3424, 111, 72.10391
3425, 118, 121.83864
3426, 105, 68.06583
3427, 107, 125.93417
3428, 109, 1.592356
3429, 110, 39.364494
3430, 117, 29.852888
3431, 111, 127.43255
3432, 111, 13.19789
3433, 103, 103.59633
3434, 117, 142.0536
3435, 102, 89.77885
3436, 106, 91.875465
3437, 105, 134.97935
3438, 118, 84.913445
3439, 114, 129.52005
3440, 106, 98.49954
3441, 115, 47.76956
3442, 109, 4.4906435
3443, 111, 95.218445
3444, 114, 88.41407
3445, 108, 31.774181
3446, 110, 124.37259
3447, 114, 113.0196
3448, 118, 18.942627
3449, 109, 17.832882
3450, 115, 23.345116
3451, 102, 70.75915
3452, 103, 129.71312
3453, 113, 22.698856
3454, 108, 91.780045
3455, 108, 106.4569
3456, 119, 43.29349
3457, 101, 142.20576
3458, 101, 26.517445
3459, 118, 12.66244
3460, 102, 126.18121
3461, 113, 137.21196
3462, 110, 20.931995
3463, 111, 120.67912
3464, 101, 52.787365
3465, 103, 26.389227
3466, 115, 112.13697
3467, 109, 65.689354
3468, 119, 84.837204
3469, 114, 106.10255
3470, 110, 127.42097
3471, 100, 126.9146
3472, 113, 46.443237
3473, 110, 24.120417
3474, 105, 27.816921
3475, 112, 92.15616
3476, 101, 83.888504
3477, 119, 115.07228
3478, 107, 87.25942
3479, 103, 149.10645
3480, 108, 7.183251
3481, 111, 46.819923
3482, 105, 58.237732
3483, 115, 65.56912
3484, 103, 105.43109
3485, 116, 13.928148
3486, 103, 137.6824
3487, 117, 87.845825
3488, 103, 81.271706
3489, 110, 61.92416
3490, 112, 80.24473
3491, 106, 29.887577
3492, 108, 1.0047734
3493, 113, 123.39305
3494, 117, 130.9669
3495, 118, 109.27526
3496, 112, 100.44346
3497, 108, 144.62372
3498, 108, 7.77061
3499, 104, 65.5826
3500, 115, 143.82318
3501, 116, 145.32681
3502, 110, 129.49174
3503, 102, 125.424385
3504, 115, 113.431046
3505, 100, 26.033922
3506, 104, 20.23235
3507, 113, 63.079567
3508, 110, 110.09478
3509, 103, 22.283417
3510, 117, 111.15461
3511, 101, 3.9759636
3512, 105, 53.817307
3513, 108, 76.19997
3514, 100, 24.462605
3515, 103, 120.751854
3516, 111, 112.586205
3517, 102, 98.90748
3518, 117, 133.57008
3519, 105, 124.088745
3520, 109, 74.85727
3521, 111, 52.2237
3522, 115, 46.782696
3523, 117, 100.23653
3524, 114, 69.33977
3525, 103, 43.80322
3526, 115, 30.297768
3527, 104, 35.54247
3528, 103, 93.83458
3529, 106, 88.948524
3530, 118, 131.84013
3531, 114, 132.45021
3532, 101, 11.032167
3533, 113, 73.96953
3534, 108, 44.21745
3535, 117, 122.12883
3536, 109, 82.44246
3537, 102, 125.86952
3538, 105, 103.28563
3539, 105, 104.6362
3540, 119, 103.5797
3541, 104, 137.41159
3542, 116, 69.48931
3543, 113, 8.755535
3544, 102, 78.3444
3545, 116, 44.285202
3546, 103, 42.167793
3547, 117, 77.679474
3548, 107, 45.09151
3549, 108, 95.88178
3550, 111, 77.81879
3551, 113, 90.81098
3552, 114, 113.98419
3553, 101, 77.07212
3554, 113, 114.92435
3555, 101, 70.917175
3556, 101, 19.620895
3557, 106, 81.00694
3558, 107, 146.96661
3559, 116, 59.410877
3560, 116, 119.7053
3561, 108, 25.557697
3562, 104, 38.643066
3563, 106, 121.98694
3564, 101, 148.18425
3565, 105, 31.13983
3566, 118, 53.58547
3567, 116, 56.637222
3568, 103, 20.410332
3569, 108, 68.820595
3570, 113, 132.94038
3571, 108, 81.09391
3572, 117, 128.80972
3573, 102, 91.16672
3574, 110, 62.156055
3575, 100, 56.078606
3576, 107, 73.068726
3577, 115, 21.498951
3578, 111, 87.29559
3579, 109, 84.296394
3580, 107, 14.143708
3581, 110, 109.5494
3582, 106, 75.710175
3583, 103, 34.059986
3584, 105, 136.71558
3585, 107, 13.056439
3586, 109, 126.886284
3587, 114, 149.71513
3588, 106, 59.235405
3589, 105, 132.84851
3590, 119, 47.949726
3591, 118, 57.488304
3592, 103, 117.35287
3593, 104, 24.776531
3594, 115, 8.059019
3595, 104, 100.4062
3596, 113, 68.45362
3597, 116, 27.00406
3598, 106, 138.13432
3599, 111, 20.167377
3600, 118, 108.22692
3601, 102, 37.09329
3602, 118, 99.50969
3603, 101, 137.50066
3604, 118, 146.63957
3605, 104, 27.207453
3606, 103, 139.52243
3607, 101, 6.0850916
3608, 118, 3.1885834
3609, 114, 4.409319
3610, 104, 16.950024
3611, 108, 64.88343
3612, 102, 33.828075
3613, 101, 140.45161
3614, 108, 100.54732
3615, 103, 117.27677
3616, 118, 149.03867
3617, 102, 8.593959
3618, 117, 135.96791
3619, 100, 44.340054
3620, 119, 92.32974
3621, 119, 77.70663
3622, 102, 137.74951
3623, 115, 127.546135
3624, 109, 130.59595
3625, 100, 11.392325
3626, 117, 39.07136
3627, 103, 31.101662
3628, 115, 57.801945
3629, 109, 96.18124
3630, 119, 7.2571545
3631, 102, 63.01505
3632, 104, 32.671844
3633, 111, 57.638695
3634, 112, 61.519318
3635, 103, 136.38945
3636, 118, 90.87316
3637, 116, 110.88036
3638, 100, 32.899223
3639, 101, 79.01574
3640, 116, 24.923033
3641, 102, 114.15595
3642, 104, 48.58667
3643, 119, 3.4322798
3644, 109, 56.35414
3645, 103, 75.14723
3646, 118, 81.59412
3647, 118, 12.303695
3648, 116, 136.3684
3649, 112, 142.46777
3650, 109, 143.9083
3651, 103, 106.37888
3652, 113, 103.00167
3653, 101, 36.75704
3654, 105, 45.80842
3655, 111, 103.92568
3656, 113, 97.05451
3657, 117, 21.280502
3658, 106, 102.68848
3659, 107, 138.44496
3660, 112, 122.347336
3661, 119, 29.368374
3662, 103, 110.64409
3663, 100, 62.59229
3664, 109, 22.758759
3665, 110, 90.64831
3666, 106, 42.227955
3667, 102, 0.1219064
3668, 103, 103.642914
3669, 114, 56.309937
3670, 118, 38.330082
3671, 103, 48.872986
3672, 114, 130.71591
3673, 105, 145.91722
3674, 113, 16.583992
3675, 118, 97.76359
3676, 117, 58.12295
3677, 118, 42.76978
3678, 107, 36.40186
3679, 100, 129.47011
3680, 104, 83.30221
3681, 118, 145.23141
3682, 119, 129.57944
3683, 104, 59.768085
3684, 105, 18.61123
3685, 119, 113.136444
3686, 114, 90.22705
3687, 109, 81.13322
3688, 117, 122.0034
3689, 111, 27.032152
3690, 115, 110.39623
3691, 110, 54.12088
3692, 119, 66.66989
3693, 119, 29.732279
3694, 113, 97.376205
3695, 100, 105.694595
3696, 107, 46.658314
3697, 100, 79.99465
3698, 100, 59.895542
3699, 107, 8.673191
3700, 110, 37.393856
3701, 110, 3.729567
3702, 101, 33.79576
3703, 113, 85.02538
3704, 109, 46.69
3705, 114, 107.58291
3706, 112, 36.347607
3707, 109, 41.726894
3708, 100, 21.78686
3709, 112, 44.405167
3710, 112, 6.9806724
3711, 103, 86.55664
3712, 101, 113.64942
3713, 105, 94.62991
3714, 102, 87.260216
3715, 108, 100.82412
3716, 107, 78.97993
3717, 116, 23.68101
3718, 110, 54.710297
3719, 118, 42.613308
3720, 104, 35.5748
3721, 104, 43.104977
3722, 113, 144.22112
3723, 100, 140.74054
3724, 112, 31.3408
3725, 108, 49.0552
3726, 101, 87.97102
3727, 118, 145.86664
3728, 109, 118.523056
3729, 113, 110.29767
3730, 104, 79.12685
3731, 104, 106.8064
3732, 116, 128.40483
3733, 108, 29.43888
3734, 115, 64.92427
3735, 112, 117.49212
3736, 109, 147.19884
3737, 101, 20.754862
3738, 111, 105.71308
3739, 119, 42.113014
3740, 103, 51.127045
3741, 105, 149.13593
3742, 111, 82.19964
3743, 105, 65.08804
3744, 108, 120.8733
3745, 114, 22.412798
3746, 115, 36.38301
3747, 105, 49.75607
3748, 106, 78.57212
3749, 117, 62.785435
3750, 102, 106.364044
3751, 102, 63.186577
3752, 100, 90.69493
3753, 106, 62.73897
3754, 112, 114.10603
3755, 117, 132.73306
3756, 110, 3.7149758
3757, 104, 88.23602
3758, 107, 75.06322
3759, 119, 94.00657
3760, 100, 47.89636
3761, 115, 28.06922
3762, 107, 83.98492
3763, 101, 51.521374
3764, 107, 75.270874
3765, 118, 142.72823
3766, 100, 83.62968
3767, 104, 14.786795
3768, 113, 31.489286
3769, 110, 40.019104
3770, 102, 30.815434
3771, 108, 149.15714
3772, 111, 82.30149
3773, 113, 45.260666
3774, 102, 68.5026
3775, 117, 71.68774
3776, 113, 120.43362
3777, 113, 74.207146
3778, 119, 55.494957
3779, 116, 5.7912645
3780, 112, 141.6643
3781, 112, 14.272883
3782, 108, 86.05037
3783, 111, 147.68547
3784, 108, 85.92283
3785, 103, 95.62324
3786, 106, 32.435497
3787, 100, 101.88245
3788, 118, 130.14415
3789, 117, 29.343277
3790, 106, 49.06936
3791, 110, 83.761475
3792, 118, 28.690168
3793, 106, 66.89015
3794, 109, 89.91222
3795, 103, 34.32984
3796, 118, 81.16175
3797, 117, 5.3293524
3798, 103, 144.35551
3799, 113, 103.69243
3800, 109, 17.752174
3801, 103, 105.725235
3802, 104, 67.22899
3803, 101, 91.96914
3804, 100, 32.747055
3805, 106, 72.91211
3806, 115, 114.46724
3807, 119, 18.109068
3808, 118, 1.5251577
3809, 106, 31.269041
3810, 110, 38.73076
3811, 101, 69.57543
3812, 114, 14.442757
3813, 110, 22.990822
3814, 112, 86.377655
3815, 108, 111.06773
3816, 108, 100.646866
3817, 116, 36.909683
3818, 104, 57.03758
3819, 113, 114.664276
3820, 111, 45.990353
3821, 108, 66.4997
3822, 118, 65.59074
3823, 105, 148.2933
3824, 117, 110.59494
3825, 113, 18.916039
3826, 105, 109.57186
3827, 113, 100.2712
3828, 108, 55.17818
3829, 103, 147.92697
3830, 106, 95.51532
3831, 114, 120.27542
3832, 111, 115.708626
3833, 108, 44.995907
3834, 103, 132.44565
3835, 107, 129.74718
3836, 102, 96.48765
3837, 102, 92.51384
3838, 111, 140.9785
3839, 102, 105.96261
3840, 105, 101.23153
3841, 100, 93.12426
3842, 112, 32.76699
3843, 118, 28.6591
3844, 112, 45.32943
3845, 114, 124.19314
3846, 103, 35.428825
3847, 112, 50.65318
3848, 105, 63.231262
3849, 105, 147.09451
3850, 111, 131.32376
3851, 116, 146.30104
3852, 115, 53.73562
3853, 113, 50.41445
3854, 111, 109.50195
3855, 103, 11.281005
3856, 118, 25.978956
3857, 119, 99.46855
3858, 119, 58.014008
3859, 119, 82.6135
3860, 103, 46.73835
3861, 111, 11.588216
3862, 103, 107.32703
3863, 115, 135.72806
3864, 107, 106.45211
3865, 114, 0.15017688
3866, 112, 29.301453
3867, 101, 111.484764
3868, 110, 49.79563
3869, 117, 121.27255
3870, 100, 149.57118
3871, 102, 117.21428
3872, 109, 86.37226
3873, 107, 145.45366
3874, 118, 10.199976
3875, 107, 78.537476
3876, 104, 6.9850626
3877, 112, 129.3796
3878, 105, 4.2478504
3879, 102, 89.67691
3880, 105, 14.101285
3881, 105, 131.0319
3882, 109, 58.771893
3883, 103, 93.65013
3884, 115, 120.69646
3885, 119, 18.26367
3886, 102, 90.138885
3887, 103, 59.170353
3888, 103, 76.75418
3889, 109, 80.1732
3890, 100, 62.963123
3891, 103, 96.34917
3892, 105, 72.13214
3893, 103, 50.246803
3894, 114, 86.496254
3895, 117, 60.96237
3896, 100, 7.607469
3897, 105, 22.915274
3898, 104, 80.83709
3899, 106, 90.72669
3900, 113, 47.42059
3901, 115, 76.982956
3902, 101, 17.10349
3903, 113, 6.9668503
3904, 119, 114.53865
3905, 110, 116.61117
3906, 105, 132.98322
3907, 104, 11.362177
3908, 113, 113.34641
3909, 113, 122.60234
3910, 106, 87.51038
3911, 114, 138.38683
3912, 108, 63.929497
3913, 117, 50.76422
3914, 119, 120.60887
3915, 116, 65.13245
3916, 116, 23.308395
3917, 112, 75.64351
3918, 111, 31.133696
3919, 114, 57.373085
3920, 108, 4.952967
3921, 102, 145.77223
3922, 101, 64.07548
3923, 106, 30.501785
3924, 110, 145.38747
3925, 102, 101.312584
3926, 117, 19.616354
3927, 110, 129.44565
3928, 101, 126.91807
3929, 105, 85.59022
3930, 108, 7.9240947
3931, 109, 60.175983
3932, 105, 149.22435
3933, 114, 144.93285
3934, 118, 58.66189
3935, 103, 110.72665
3936, 107, 43.309002
3937, 103, 41.58368
3938, 109, 48.840096
3939, 103, 63.40221
3940, 104, 69.89426
3941, 108, 106.77359
3942, 113, 24.758112
3943, 111, 103.58229
3944, 100, 119.523125
3945, 110, 94.92441
3946, 112, 87.28221
3947, 112, 41.18937
3948, 118, 16.36777
3949, 100, 118.66916
3950, 102, 145.67822
3951, 113, 71.37638
3952, 107, 17.18349
3953, 113, 20.091946
3954, 108, 69.685104
3955, 108, 125.75179
3956, 110, 41.766403
3957, 103, 128.21109
3958, 111, 1.586017
3959, 113, 6.053334
3960, 103, 43.841084
3961, 104, 53.47856
3962, 112, 97.993744
3963, 114, 118.088036
3964, 104, 79.85985
3965, 110, 67.81276
3966, 115, 119.26049
3967, 119, 138.74124
3968, 116, 14.588678
3969, 107, 18.840302
3970, 119, 74.70743
3971, 119, 35.018528
3972, 101, 67.36768
3973, 113, 145.0559
3974, 101, 58.81066
3975, 112, 27.108086
3976, 116, 136.36774
3977, 115, 112.73748
3978, 118, 118.10846
3979, 100, 62.92694
3980, 102, 68.34289
3981, 111, 19.162174
3982, 108, 19.41585
3983, 108, 118.29387
3984, 103, 44.32962
3985, 112, 117.51913
3986, 100, 109.17636
3987, 118, 92.82208
3988, 108, 49.045578
3989, 110, 52.716145
3990, 118, 123.893906
3991, 110, 135.86127
3992, 111, 108.67875
3993, 107, 6.845731
3994, 100, 31.185766
3995, 104, 147.12476
3996, 106, 147.63516
3997, 117, 77.52697
3998, 112, 98.72444
3999, 100, 106.054985
4000, 113, 38.961205
4001, 118, 92.68158
4002, 104, 56.78199
4003, 101, 56.509354
4004, 111, 52.37227
4005, 109, 123.638435
4006, 119, 29.648056
4007, 100, 139.7313
4008, 118, 62.596054
4009, 103, 30.148897
4010, 117, 146.16858
4011, 100, 120.16142
4012, 100, 37.544205
4013, 115, 123.68129
4014, 119, 42.5555
4015, 100, 116.113785
4016, 116, 12.20119
4017, 101, 41.79397
4018, 111, 76.258736
4019, 117, 128.31589
4020, 115, 110.71531
4021, 112, 72.81567
4022, 104, 130.56496
4023, 116, 146.044
4024, 107, 23.199446
4025, 113, 17.152618
4026, 103, 126.65988
4027, 107, 67.4367
4028, 111, 100.19827
4029, 102, 17.96582
4030, 103, 73.05741
4031, 101, 16.408216
4032, 107, 19.755892
4033, 110, 104.06156
4034, 109, 58.99299
4035, 112, 88.07682
4036, 106, 11.6268215
4037, 111, 147.75688
4038, 113, 60.25309
4039, 114, 4.5948653
4040, 109, 59.375507
4041, 119, 123.341774
4042, 119, 130.30782
4043, 109, 23.847708
4044, 110, 140.80386
4045, 119, 71.53218
4046, 110, 139.53418
4047, 108, 29.680878
4048, 103, 49.777706
4049, 110, 92.17937
4050, 117, 113.830315
4051, 108, 149.8612
4052, 113, 95.45974
