79748, 100, 84.147995
79749, 115, 117.83627
79750, 101, 130.30005
79751, 108, 71.66184
79752, 106, 52.940502
79753, 108, 62.836746
79754, 104, 0.61556697
79755, 102, 54.662464
79756, 116, 113.48213
79757, 117, 24.454208
79758, 101, 114.19829
79759, 109, 92.65159
79760, 116, 42.66895
79761, 119, 85.899704
79762, 118, 135.52472
79763, 109, 71.86813
79764, 105, 9.665635
79765, 111, 63.947224
79766, 116, 131.96281
79767, 109, 102.98396
79768, 114, 147.3206
79769, 112, 17.26124
79770, 118, 67.93383
79771, 111, 21.636898
79772, 109, 116.85444
79773, 113, 108.95664
79774, 108, 121.849915
79775, 113, 32.75096
79776, 107, 49.322624
79777, 100, 11.317671
79778, 104, 23.009768
79779, 116, 42.555607
79780, 108, 63.651905
79781, 105, 85.66497
79782, 115, 40.116154
79783, 114, 110.326385
79784, 105, 33.975086
79785, 110, 127.20052
79786, 119, 144.69017
79787, 116, 28.81109
79788, 100, 36.555416
79789, 112, 36.075943
79790, 116, 145.90141
79791, 107, 58.674583
79792, 105, 76.30511
79793, 118, 31.976027
79794, 112, 141.29904
79795, 111, 135.4062
79796, 110, 52.24335
79797, 118, 34.208824
79798, 110, 56.83397
79799, 100, 142.213
79800, 117, 108.11216
79801, 116, 92.45404
79802, 106, 83.314445
79803, 114, 60.071953
79804, 109, 71.71804
79805, 118, 49.55941
79806, 100, 63.89661
79807, 116, 97.14875
79808, 116, 11.835319
79809, 112, 83.19354
79810, 102, 149.44925
79811, 104, 89.15661
79812, 119, 74.22185
79813, 115, 23.33479
79814, 102, 141.23503
79815, 105, 10.064676
79816, 107, 58.168762
79817, 104, 96.36094
79818, 105, 48.114967
79819, 119, 92.45771
79820, 101, 124.03993
79821, 103, 81.04064
79822, 115, 94.38999
79823, 102, 4.9869866
79824, 108, 41.528465
79825, 107, 95.892845
79826, 102, 25.685656
79827, 106, 4.935801
79828, 116, 84.659966
79829, 102, 73.49385
79830, 117, 110.27669
79831, 107, 67.98333
79832, 108, 36.5358
79833, 101, 60.04868
79834, 114, 15.0013
79835, 115, 27.413507
79836, 100, 93.67404
79837, 116, 103.08784
79838, 107, 20.041107
79839, 107, 49.506615
79840, 108, 13.948131
79841, 119, 72.32928
79842, 112, 50.39244
79843, 111, 3.6966205
79844, 103, 117.61877
79845, 112, 84.60232
79846, 114, 12.65671
79847, 110, 140.70113
79848, 102, 102.97106
79849, 104, 83.42066
79850, 101, 113.045044
79851, 105, 15.667113
79852, 111, 77.185715
79853, 100, 90.019325
79854, 119, 127.290726
79855, 102, 79.865036
79856, 118, 75.08889
79857, 106, 12.395453
79858, 118, 137.79172
79859, 100, 102.58804
79860, 115, 63.464783
79861, 116, 35.04449
79862, 111, 43.799973
79863, 115, 80.41925
79864, 108, 9.569174
79865, 101, 118.036285
79866, 117, 113.57867
79867, 111, 96.79606
79868, 111, 103.29285
79869, 112, 130.41827
79870, 107, 21.929232
79871, 102, 114.84018
79872, 119, 132.53668
79873, 119, 3.3718765
79874, 104, 142.58513
79875, 112, 104.47022
79876, 100, 91.87619
79877, 113, 149.69136
79878, 109, 39.65332
79879, 107, 109.666374
79880, 115, 83.40329
79881, 119, 147.4207
79882, 102, 115.59128
79883, 117, 95.01659
79884, 106, 23.305294
79885, 101, 107.6914
79886, 111, 21.234262
79887, 105, 88.73855
79888, 117, 5.657583
79889, 118, 67.682304
79890, 101, 9.765887
79891, 111, 142.58041
79892, 114, 74.83746
79893, 107, 102.0789
79894, 100, 137.2462
79895, 115, 79.60993
79896, 105, 50.94579
79897, 105, 95.74424
79898, 109, 121.106674
79899, 101, 143.96872
79900, 106, 36.266666
79901, 114, 72.84995
79902, 102, 26.93518
79903, 100, 97.1038
79904, 119, 46.54845
79905, 101, 27.91914
79906, 105, 87.72235
79907, 100, 42.055
79908, 117, 25.505205
79909, 110, 94.247665
79910, 105, 131.49203
79911, 116, 32.38549
79912, 108, 53.58972
79913, 109, 22.120008
79914, 108, 44.42534
79915, 106, 148.68695
79916, 119, 29.06895
79917, 113, 94.04948
79918, 115, 26.765022
79919, 117, 27.003193
79920, 103, 57.17988
79921, 116, 47.85795
79922, 105, 60.369648
79923, 110, 1.8537998
79924, 103, 26.955833
79925, 107, 108.51595
79926, 117, 20.911833
79927, 106, 70.896416
79928, 101, 108.10777
79929, 100, 25.751343
79930, 103, 102.28393
79931, 118, 13.758927
79932, 119, 75.3032
79933, 113, 33.48842
79934, 106, 119.27968
79935, 105, 139.89655
79936, 102, 47.925068
79937, 105, 27.606958
79938, 100, 83.79427
79939, 104, 19.962152
79940, 106, 9.39264
79941, 104, 123.64884
79942, 111, 122.22301
79943, 113, 81.33835
79944, 110, 22.069555
79945, 101, 89.28795
79946, 106, 59.133957
79947, 102, 47.073483
79948, 101, 107.361664
79949, 111, 51.822792
79950, 102, 96.90319
79951, 109, 78.57015
79952, 113, 32.935417
79953, 108, 98.215225
79954, 112, 42.87859
79955, 108, 2.1980345
79956, 113, 75.34518
79957, 107, 15.805229
79958, 117, 141.98933
79959, 104, 36.17177
79960, 115, 11.017862
79961, 110, 44.077377
79962, 106, 2.89506
79963, 105, 47.15749
79964, 116, 41.576027
79965, 104, 110.018135
79966, 109, 101.26202
79967, 108, 3.16692
79968, 111, 140.9774
79969, 112, 90.94441
79970, 110, 122.87725
79971, 105, 10.622629
79972, 100, 56.832245
79973, 101, 41.563225
79974, 107, 14.6535425
79975, 112, 4.952341
79976, 115, 121.81025
79977, 100, 17.713907
79978, 111, 132.4567
79979, 119, 14.3139925
79980, 100, 143.55847
79981, 107, 1.5240043
79982, 109, 8.286095
79983, 105, 37.118385
79984, 107, 113.31298
79985, 119, 57.005516
79986, 109, 144.88396
79987, 109, 110.458015
79988, 113, 13.607973
79989, 105, 38.353363
79990, 113, 58.698563
79991, 100, 60.720314
79992, 110, 50.741673
79993, 102, 124.727234
79994, 119, 113.84608
79995, 107, 71.89996
79996, 112, 5.658147
79997, 109, 90.38367
79998, 102, 139.97488
79999, 101, 13.381362
80000, 106, 111.668945
80001, 107, 103.49095
80002, 115, 72.405304
80003, 116, 91.121544
80004, 100, 62.474255
80005, 108, 85.73045
80006, 107, 43.573387
80007, 111, 123.447624
80008, 115, 1.2662619
80009, 104, 133.16847
80010, 119, 63.287716
80011, 106, 101.50403
80012, 112, 32.25766
80013, 100, 68.45753
80014, 110, 128.78404
80015, 107, 29.87271
80016, 104, 36.86474
80017, 116, 147.76096
80018, 103, 53.136475
80019, 117, 138.59984
80020, 115, 142.86954
80021, 110, 38.230625
80022, 109, 67.08283
80023, 106, 26.44668
80024, 108, 1.942572
80025, 113, 94.80257
80026, 110, 77.88465
80027, 101, 82.67266
80028, 115, 9.318638
80029, 111, 32.74876
80030, 111, 46.881927
80031, 112, 71.09345
80032, 110, 61.656715
80033, 100, 34.861027
80034, 114, 29.238207
80035, 117, 3.8614333
80036, 109, 65.4316
80037, 103, 27.245825
80038, 108, 117.452
80039, 103, 116.520004
80040, 112, 43.890182
80041, 114, 13.869882
80042, 111, 115.541626
80043, 110, 70.9929
80044, 108, 21.142065
80045, 116, 35.597984
80046, 119, 108.5751
80047, 103, 96.29863
80048, 103, 132.39189
80049, 116, 16.978088
80050, 111, 104.03926
80051, 118, 24.50991
80052, 102, 5.1986127
80053, 108, 26.993795
80054, 109, 2.9050648
80055, 116, 92.34517
80056, 119, 76.91611
80057, 103, 51.619873
80058, 118, 108.81999
80059, 106, 47.66256
80060, 110, 48.43383
80061, 100, 5.6803107
80062, 117, 114.15858
80063, 100, 120.239784
80064, 106, 108.17289
80065, 103, 44.576534
80066, 111, 135.06993
80067, 108, 115.75849
80068, 113, 144.63684
80069, 115, 9.350869
80070, 116, 144.57172
80071, 110, 76.15355
80072, 105, 149.26624
80073, 115, 41.087624
80074, 107, 4.0985675
80075, 105, 4.6933203
80076, 107, 12.021831
80077, 106, 38.14037
80078, 116, 56.892693
80079, 112, 9.573573
80080, 114, 118.82564
80081, 116, 100.52735
80082, 106, 84.79397
80083, 114, 87.362724
80084, 118, 148.58977
80085, 109, 95.9919
80086, 104, 41.914505
80087, 104, 103.27632
80088, 101, 7.0049195
80089, 115, 136.04282
80090, 106, 46.00845
80091, 101, 6.251603
80092, 108, 94.464355
80093, 118, 21.993362
80094, 114, 67.28563
80095, 107, 113.57543
80096, 114, 0.8716285
80097, 104, 117.88056
80098, 117, 42.65873
80099, 103, 59.239563
80100, 110, 113.62919
80101, 114, 55.06999
80102, 104, 110.69943
80103, 114, 95.824905
80104, 104, 122.55242
80105, 101, 75.22333
80106, 105, 24.143297
80107, 102, 83.25097
80108, 106, 49.839046
80109, 108, 120.67877
80110, 113, 77.5676
80111, 117, 45.37737
80112, 110, 69.737526
80113, 119, 135.98674
80114, 103, 108.150604
80115, 111, 9.202123
80116, 118, 74.48189
80117, 104, 112.70447
80118, 105, 19.531927
80119, 102, 0.9394616
80120, 107, 122.12665
80121, 119, 110.90371
80122, 114, 73.00171
80123, 117, 24.756208
80124, 100, 27.476227
80125, 111, 115.974915
80126, 114, 97.61868
80127, 116, 104.22247
80128, 107, 66.3172
80129, 101, 83.53535
80130, 119, 59.680607
80131, 108, 137.7319
80132, 100, 139.70126
80133, 107, 61.765408
80134, 109, 106.31203
80135, 116, 25.168472
80136, 113, 56.71793
80137, 105, 91.96139
80138, 105, 121.45333
80139, 115, 71.954056
80140, 100, 126.10079
80141, 100, 49.10252
80142, 110, 90.93186
80143, 114, 30.880728
80144, 118, 65.79617
80145, 117, 78.99934
80146, 105, 111.91744
80147, 118, 13.801897
80148, 107, 115.69417
80149, 111, 54.175964
80150, 108, 75.54272
80151, 115, 133.58594
80152, 104, 87.17239
80153, 115, 52.598576
80154, 103, 95.308075
80155, 118, 0.59829354
80156, 101, 81.59705
80157, 102, 73.46262
80158, 115, 34.68014
80159, 102, 60.53195
80160, 111, 12.301317
80161, 102, 34.773285
80162, 104, 108.076706
80163, 114, 67.74923
80164, 114, 49.368748
80165, 113, 127.385895
80166, 106, 16.194588
80167, 119, 93.33171
80168, 107, 52.30372
80169, 106, 78.41014
80170, 111, 40.801247
80171, 116, 49.05189
80172, 116, 33.497776
80173, 118, 117.56118
80174, 119, 28.993723
80175, 112, 129.06856
80176, 103, 61.6881
80177, 108, 72.56242
80178, 100, 113.29231
80179, 113, 124.86215
80180, 116, 98.67634
80181, 101, 3.3580363
80182, 119, 14.737246
80183, 118, 19.619545
80184, 119, 53.519093
80185, 116, 99.516335
80186, 104, 46.183865
80187, 117, 102.25695
80188, 118, 131.15338
80189, 118, 84.085846
80190, 110, 74.81746
80191, 116, 24.670914
80192, 109, 30.284733
80193, 115, 74.43312
80194, 106, 29.827265
80195, 111, 88.132774
80196, 100, 74.1992
80197, 102, 18.624777
80198, 103, 85.185486
80199, 109, 41.538334
80200, 116, 58.029118
80201, 111, 94.38999
80202, 106, 94.57199
80203, 118, 144.23172
80204, 106, 80.70408
80205, 110, 119.03489
80206, 101, 57.910324
80207, 104, 46.225376
80208, 119, 68.66693
80209, 100, 6.667757
80210, 114, 49.686195
80211, 115, 23.071272
80212, 100, 44.783817
80213, 110, 58.70336
80214, 119, 19.839298
80215, 114, 131.60791
80216, 110, 135.87589
80217, 116, 72.710304
80218, 110, 97.18113
80219, 108, 93.50576
80220, 112, 43.86582
80221, 106, 98.57661
80222, 111, 139.84306
80223, 101, 126.97757
80224, 115, 129.02936
80225, 105, 115.1714
80226, 119, 38.987247
80227, 113, 91.2727
80228, 119, 141.37025
80229, 108, 28.498114
80230, 115, 69.906296
80231, 113, 77.12636
80232, 110, 25.679531
80233, 118, 82.97299
80234, 105, 6.5725117
80235, 103, 73.23959
80236, 102, 48.1184
80237, 113, 8.7598
80238, 102, 143.16644
80239, 107, 118.05169
80240, 114, 9.440025
80241, 110, 134.14915
80242, 115, 101.42161
80243, 108, 148.00992
80244, 113, 57.80271
80245, 105, 113.08364
80246, 115, 134.10115
80247, 119, 61.685505
80248, 108, 28.292593
80249, 115, 100.02678
80250, 115, 98.522255
80251, 108, 40.60134
80252, 119, 104.84147
80253, 100, 3.1567187
80254, 111, 149.59193
80255, 110, 63.498
80256, 106, 87.614914
80257, 111, 116.83035
80258, 115, 71.51213
80259, 102, 20.684294
80260, 113, 19.704393
80261, 108, 119.78457
80262, 112, 130.26701
80263, 103, 80.068375
80264, 108, 40.379726
80265, 112, 2.4645567
80266, 105, 58.748665
80267, 102, 60.99802
80268, 104, 116.58127
80269, 117, 132.16106
80270, 103, 16.214062
80271, 110, 25.841778
80272, 100, 128.82365
80273, 103, 13.83943
80274, 116, 15.972072
80275, 106, 106.692345
80276, 113, 7.685101
80277, 119, 32.420208
80278, 115, 74.17057
80279, 100, 25.116072
80280, 105, 68.84713
80281, 108, 105.22302
80282, 104, 27.316797
80283, 107, 89.283005
80284, 108, 145.01619
80285, 104, 21.292698
80286, 100, 88.68753
80287, 113, 92.790474
80288, 103, 14.910471
80289, 101, 42.02723
80290, 110, 126.27483
80291, 114, 17.54686
80292, 116, 11.735094
80293, 101, 120.27943
80294, 102, 68.56979
80295, 119, 87.33601
80296, 119, 51.967056
80297, 109, 46.730976
80298, 116, 68.120865
80299, 109, 52.933163
80300, 104, 55.620594
80301, 103, 95.20605
80302, 112, 148.30417
80303, 102, 62.038754
80304, 104, 65.38427
80305, 111, 120.802185
80306, 109, 129.38057
80307, 107, 80.23533
80308, 100, 82.87222
80309, 106, 45.647415
80310, 100, 135.62624
80311, 107, 92.3311
80312, 112, 26.516184
80313, 110, 135.16895
80314, 117, 130.48843
80315, 101, 14.44957
80316, 107, 67.6333
80317, 117, 5.218148
80318, 112, 4.0333004
80319, 102, 40.124935
80320, 105, 72.13062
80321, 113, 12.937939
80322, 116, 117.76003
80323, 106, 20.587849
80324, 112, 91.246376
80325, 111, 10.545641
80326, 113, 86.81573
80327, 119, 18.718359
80328, 116, 90.05121
80329, 115, 11.662647
80330, 107, 54.636856
80331, 113, 138.76135
80332, 114, 27.605295
80333, 106, 79.43594
80334, 103, 71.321144
80335, 116, 45.658966
80336, 112, 37.871082
80337, 110, 30.518719
80338, 117, 122.88964
80339, 103, 3.6845326
80340, 118, 113.95508
80341, 119, 45.688965
80342, 105, 58.601788
80343, 112, 42.48814
80344, 103, 27.147522
80345, 118, 30.990252
80346, 113, 51.12157
80347, 117, 96.5285
80348, 114, 68.5815
80349, 115, 95.400635
80350, 119, 72.546906
80351, 105, 122.013176
80352, 110, 85.67919
80353, 111, 87.289604
80354, 117, 49.110542
80355, 111, 111.53481
80356, 100, 142.09648
80357, 106, 81.94825
80358, 108, 18.808382
80359, 102, 92.05436
80360, 117, 24.213257
80361, 110, 130.29709
80362, 107, 2.5206952
80363, 113, 73.464325
80364, 107, 92.86807
80365, 117, 119.28062
80366, 115, 136.07372
80367, 110, 75.87958
80368, 106, 126.44259
80369, 100, 7.1842165
80370, 108, 128.2394
80371, 104, 110.9095
80372, 111, 116.28512
80373, 105, 113.50806
80374, 100, 25.498734
80375, 117, 103.227234
80376, 110, 7.9215736
80377, 113, 22.577396
80378, 113, 91.04307
80379, 101, 143.2766
80380, 103, 10.863108
80381, 116, 9.122104
80382, 113, 60.284275
80383, 112, 53.781303
80384, 113, 81.67213
80385, 114, 136.75063
80386, 111, 115.99836
80387, 106, 43.848583
80388, 118, 146.30649
80389, 108, 142.59737
80390, 113, 92.25691
80391, 109, 49.628387
80392, 116, 125.82353
80393, 103, 52.128464
80394, 105, 78.78538
80395, 106, 82.43025
80396, 108, 79.63082
80397, 104, 77.26142
80398, 114, 134.387
80399, 107, 1.304841
80400, 101, 82.77905
80401, 114, 31.877348
80402, 113, 98.711174
80403, 104, 1.6175598
80404, 104, 0.63458383
80405, 100, 101.80832
80406, 114, 25.876799
80407, 106, 22.097736
80408, 102, 8.489719
80409, 104, 42.38497
80410, 104, 80.8108
80411, 106, 138.40625
80412, 107, 70.41619
80413, 100, 120.31934
80414, 113, 43.667187
80415, 100, 48.08876
80416, 105, 105.51793
80417, 104, 109.17444
80418, 109, 52.720814
80419, 105, 76.78477
80420, 115, 120.32667
80421, 118, 70.971664
80422, 105, 144.81485
80423, 113, 76.060394
80424, 113, 34.038673
80425, 118, 22.377491
80426, 109, 69.2264
80427, 117, 138.5894
80428, 115, 6.752291
80429, 108, 88.70489
80430, 105, 86.56229
80431, 107, 128.92259
80432, 102, 16.430899
80433, 102, 55.248302
80434, 116, 29.275703
80435, 115, 99.57052
80436, 110, 117.005264
80437, 107, 62.97673
80438, 100, 28.372997
80439, 108, 1.9660592
80440, 110, 138.83609
80441, 118, 101.54556
80442, 104, 130.45708
80443, 110, 38.95907
80444, 102, 105.75553
80445, 105, 60.85716
80446, 116, 56.149693
80447, 105, 97.582535
80448, 107, 135.8313
80449, 113, 73.43568
80450, 112, 46.25944
80451, 111, 12.623477
80452, 100, 110.42722
80453, 119, 107.15966
80454, 112, 85.70789
80455, 103, 83.03891
80456, 112, 59.88966
80457, 116, 96.27265
80458, 111, 58.9095
80459, 110, 61.771782
80460, 104, 83.49782
80461, 107, 56.47656
80462, 100, 52.67501
80463, 110, 72.90916
80464, 106, 30.111998
80465, 101, 109.03991
80466, 112, 66.76227
80467, 119, 47.10279
80468, 105, 0.27972758
80469, 117, 4.092872
80470, 107, 105.0419
80471, 105, 61.591183
80472, 109, 121.8469
80473, 112, 50.325153
80474, 111, 4.790881
80475, 117, 9.39973
80476, 104, 29.445478
80477, 103, 81.08773
80478, 106, 139.68492
80479, 118, 84.63017
80480, 113, 133.6032
80481, 101, 23.252865
80482, 113, 45.195866
80483, 110, 108.597305
80484, 109, 100.51196
80485, 104, 137.47598
80486, 112, 130.56277
80487, 119, 114.43957
80488, 101, 84.18231
80489, 111, 108.956116
80490, 100, 122.84009
80491, 119, 88.291214
80492, 113, 141.55443
80493, 100, 109.896614
80494, 108, 79.720276
80495, 117, 88.94802
80496, 106, 50.998566
80497, 110, 24.2778
80498, 116, 93.96822
80499, 119, 66.11724
80500, 102, 113.1859
80501, 118, 43.031948
80502, 106, 9.184143
80503, 109, 122.05503
80504, 106, 144.86893
80505, 108, 119.457756
80506, 113, 100.92796
80507, 101, 127.15139
80508, 114, 116.55531
80509, 102, 117.953735
80510, 103, 48.54743
80511, 107, 20.945183
80512, 108, 86.766045
80513, 109, 21.15124
80514, 111, 126.4105
80515, 103, 40.87684
80516, 104, 49.181084
80517, 102, 76.819626
80518, 102, 59.470375
80519, 116, 9.498042
80520, 110, 66.99986
80521, 100, 98.51078
80522, 109, 17.06062
80523, 109, 137.0806
80524, 104, 75.16259
80525, 101, 94.86095
80526, 105, 76.83352
80527, 100, 4.4335036
80528, 111, 140.51126
80529, 111, 135.69067
80530, 112, 77.92367
80531, 110, 9.325541
80532, 119, 36.954063
80533, 102, 19.37222
80534, 109, 81.03294
80535, 117, 35.85145
80536, 110, 39.852127
80537, 108, 110.18491
80538, 107, 82.807076
80539, 109, 103.5066
80540, 117, 80.168915
80541, 117, 89.747
80542, 115, 119.27773
80543, 113, 99.41816
80544, 113, 83.837944
80545, 110, 30.427954
80546, 113, 99.685684
80547, 111, 74.90934
80548, 113, 83.749466
80549, 108, 110.90563
80550, 117, 83.63841
80551, 118, 4.918188
80552, 103, 130.0186
80553, 119, 70.66144
80554, 118, 141.6306
80555, 116, 127.917854
80556, 111, 52.261063
80557, 105, 16.9054
80558, 106, 88.246414
80559, 106, 52.049732
80560, 100, 101.27869
80561, 118, 79.08581
80562, 112, 61.349693
80563, 108, 149.60287
80564, 116, 126.07474
80565, 108, 79.806206
80566, 113, 118.73433
80567, 102, 102.75552
80568, 116, 38.351387
80569, 112, 94.02907
80570, 105, 103.56794
80571, 116, 64.70387
80572, 101, 99.15267
80573, 100, 68.03442
80574, 113, 19.105125
80575, 116, 142.48943
80576, 106, 91.773926
80577, 112, 42.147
80578, 107, 4.1712103
80579, 105, 54.100372
80580, 108, 111.46011
80581, 108, 50.356632
80582, 112, 41.086033
80583, 115, 130.43867
80584, 109, 63.87955
80585, 109, 8.624617
80586, 108, 138.12563
80587, 115, 55.59506
80588, 114, 103.45537
80589, 100, 6.714043
80590, 101, 65.13157
80591, 102, 90.03658
80592, 117, 26.976479
80593, 112, 20.51796
80594, 112, 1.8129498
80595, 117, 48.43381
80596, 105, 120.13738
80597, 110, 91.986015
80598, 106, 89.92829
80599, 116, 125.535286
80600, 106, 91.06853
80601, 118, 44.41757
80602, 101, 66.078415
80603, 110, 94.8093
80604, 104, 146.66682
80605, 116, 29.243034
80606, 102, 7.4849367
80607, 106, 118.054214
80608, 105, 47.19538
80609, 113, 135.20065
80610, 102, 56.52404
80611, 101, 138.76936
80612, 115, 47.64845
80613, 106, 91.18163
80614, 101, 111.69258
80615, 104, 125.95348
80616, 108, 57.397797
80617, 113, 38.40622
80618, 117, 38.373245
80619, 109, 11.200547
80620, 113, 136.29639
80621, 112, 138.57825
80622, 106, 59.73941
80623, 113, 128.25742
80624, 109, 67.17229
80625, 117, 116.81968
80626, 102, 147.90918
80627, 118, 39.240746
80628, 117, 143.60355
80629, 115, 133.07002
80630, 103, 37.257393
80631, 108, 128.09131
80632, 102, 0.26157796
80633, 117, 74.98977
80634, 118, 94.85836
80635, 119, 2.106276
80636, 116, 108.84185
80637, 104, 115.718506
80638, 105, 1.9795507
80639, 110, 38.659744
80640, 113, 22.561382
80641, 101, 17.432741
80642, 102, 32.921898
80643, 114, 122.00525
80644, 105, 136.3697
80645, 115, 75.88051
80646, 101, 128.88263
80647, 113, 110.493706
80648, 116, 34.191513
80649, 109, 24.034462
80650, 109, 83.926994
80651, 106, 52.25216
80652, 102, 90.335045
80653, 101, 134.84154
80654, 117, 79.0187
80655, 117, 135.52821
80656, 115, 79.56826
80657, 110, 88.17201
80658, 119, 148.31442
80659, 103, 104.95708
80660, 111, 135.24374
80661, 110, 95.251625
80662, 115, 44.001057
80663, 116, 86.73133
80664, 101, 44.00316
80665, 100, 7.610616
80666, 106, 94.916504
80667, 102, 65.68125
80668, 115, 74.695946
80669, 106, 3.7995994
80670, 115, 62.485706
80671, 100, 90.320656
80672, 107, 56.536667
80673, 114, 134.00368
80674, 109, 23.479906
80675, 115, 61.762234
80676, 116, 57.79742
80677, 102, 137.61725
80678, 104, 109.81221
80679, 118, 75.58648
80680, 102, 131.34802
80681, 117, 68.14773
80682, 106, 9.478659
80683, 114, 27.025143
80684, 118, 22.892126
80685, 110, 129.14368
80686, 112, 112.75354
80687, 111, 57.622593
80688, 115, 53.45299
80689, 113, 106.937614
80690, 106, 28.186592
80691, 108, 67.912704
80692, 104, 146.5321
80693, 105, 8.221015
80694, 113, 71.43924
80695, 109, 62.57507
80696, 119, 107.465706
80697, 117, 148.32478
80698, 118, 43.551136
80699, 108, 147.41055
80700, 113, 108.46383
80701, 109, 67.35484
80702, 110, 148.17874
80703, 100, 72.04673
80704, 102, 115.608696
80705, 107, 98.69796
80706, 117, 139.1708
80707, 106, 56.74831
80708, 101, 97.8891
80709, 119, 86.76899
80710, 118, 17.47655
80711, 106, 33.132442
80712, 116, 109.2161
80713, 104, 82.63732
80714, 111, 6.851488
80715, 118, 103.95388
80716, 106, 84.08994
80717, 110, 21.910017
80718, 103, 143.29321
80719, 113, 145.20486
80720, 107, 107.11427
80721, 115, 102.92463
80722, 107, 34.05312
80723, 107, 121.486465
80724, 107, 41.849354
80725, 109, 96.99634
80726, 119, 45.137688
80727, 112, 92.75238
80728, 100, 93.17141
80729, 118, 3.2882094
80730, 104, 38.103542
80731, 109, 77.010574
80732, 100, 44.290504
80733, 104, 137.0665
80734, 109, 62.050404
80735, 114, 43.818256
80736, 106, 48.908714
80737, 115, 109.90292
80738, 101, 141.3699
80739, 110, 136.15276
80740, 115, 14.86288
80741, 119, 0.91774464
80742, 117, 72.11496
80743, 108, 117.7109
80744, 100, 4.1957617
80745, 118, 48.225357
80746, 111, 5.841127
80747, 102, 23.191006
80748, 107, 92.705055
80749, 116, 105.102745
80750, 107, 51.386513
80751, 100, 62.08258
80752, 116, 87.357635
80753, 105, 69.59912
80754, 100, 40.008938
80755, 115, 117.05776
80756, 119, 144.54915
80757, 112, 107.08524
80758, 101, 6.777334
80759, 100, 22.312
80760, 115, 53.5029
80761, 116, 92.26355
80762, 108, 47.13766
80763, 119, 18.643454
80764, 118, 74.4992
80765, 108, 129.36215
80766, 105, 145.1613
80767, 101, 83.732445
80768, 115, 115.1456
80769, 104, 44.55119
80770, 114, 27.086369
80771, 111, 131.72044
80772, 102, 118.57891
80773, 113, 122.490906
80774, 101, 131.90744
80775, 116, 75.4826
80776, 114, 44.261196
80777, 109, 139.07712
80778, 107, 65.25665
80779, 100, 87.99211
80780, 119, 94.96592
80781, 117, 41.819786
80782, 114, 117.12238
80783, 114, 117.55356
80784, 116, 57.31534
80785, 113, 58.719788
80786, 118, 8.135417
80787, 103, 49.092587
80788, 117, 3.764543
80789, 112, 0.81506073
80790, 116, 79.82084
80791, 105, 129.97249
80792, 119, 43.502872
80793, 101, 122.59896
80794, 109, 17.554325
80795, 104, 132.15666
80796, 108, 106.61162
80797, 112, 149.98578
80798, 118, 60.402775
80799, 101, 49.264606
80800, 104, 124.41721
80801, 109, 24.60833
80802, 109, 139.00134
80803, 103, 47.219994
80804, 102, 17.524588
80805, 119, 30.705643
80806, 109, 128.03503
80807, 113, 149.81284
80808, 107, 149.58473
80809, 110, 105.525826
80810, 102, 9.448904
80811, 118, 142.47954
80812, 115, 42.073418
80813, 105, 127.31683
80814, 100, 29.177982
80815, 112, 49.19285
80816, 118, 101.11533
80817, 116, 149.62152
80818, 103, 17.038948
80819, 112, 104.78427
80820, 109, 145.99469
80821, 114, 139.1722
80822, 118, 25.758192
80823, 110, 119.609184
80824, 111, 36.665886
80825, 112, 135.68167
80826, 112, 123.04403
80827, 101, 7.9872966
80828, 107, 43.82201
80829, 117, 142.66011
80830, 112, 148.99002
80831, 104, 71.46423
80832, 107, 104.52268
80833, 105, 79.81052
80834, 116, 104.17538
80835, 107, 59.51375
80836, 104, 1.6055971
80837, 107, 126.50874
80838, 118, 46.552464
80839, 117, 43.372116
80840, 102, 89.69129
80841, 116, 67.88028
80842, 101, 107.47975
80843, 107, 140.22426
80844, 100, 112.12155
80845, 109, 49.30178
80846, 111, 124.4965
80847, 111, 137.34898
80848, 110, 27.695454
80849, 102, 78.15437
80850, 100, 40.609486
80851, 118, 138.05058
80852, 103, 121.83412
80853, 103, 21.96723
80854, 100, 98.33888
80855, 103, 113.17756
80856, 110, 60.054703
80857, 118, 139.93243
80858, 100, 105.10447
80859, 109, 81.668686
80860, 118, 91.420784
80861, 102, 71.58029
80862, 104, 99.63991
80863, 107, 129.28047
80864, 116, 6.1602206
80865, 104, 124.48645
80866, 117, 39.966854
80867, 103, 36.07631
80868, 104, 20.589315
80869, 114, 120.55361
80870, 111, 104.4594
80871, 112, 121.21223
80872, 117, 54.381527
80873, 102, 94.531105
80874, 104, 38.3987
80875, 103, 6.5164356
80876, 105, 148.67072
80877, 115, 135.03757
80878, 108, 11.539856
80879, 115, 113.050865
80880, 101, 75.972855
80881, 112, 111.95663
80882, 107, 58.75092
80883, 103, 29.667048
80884, 109, 146.58296
80885, 113, 80.536285
80886, 113, 143.09235
80887, 116, 104.68405
80888, 112, 99.13493
80889, 106, 77.47608
80890, 107, 76.22941
80891, 118, 48.922894
80892, 112, 8.389655
80893, 110, 96.62419
80894, 107, 15.673694
80895, 106, 41.974487
80896, 112, 67.88084
80897, 119, 72.93441
80898, 105, 121.97377
80899, 100, 27.732887
80900, 101, 48.66584
80901, 113, 81.719
80902, 106, 86.431496
80903, 112, 18.144491
80904, 105, 135.16005
80905, 115, 110.95061
80906, 103, 16.672478
80907, 119, 132.78285
80908, 100, 39.991577
80909, 107, 102.36631
80910, 105, 71.22612
80911, 116, 2.668199
80912, 117, 122.02196
80913, 119, 51.689728
80914, 113, 63.01866
80915, 102, 1.0411352
80916, 117, 95.247086
80917, 116, 6.8579254
80918, 115, 50.03836
80919, 100, 141.13918
80920, 108, 97.66527
80921, 111, 1.6876101
80922, 101, 97.68551
80923, 112, 52.026505
80924, 110, 53.77864
80925, 110, 39.078472
80926, 116, 50.35946
80927, 104, 105.66888
80928, 102, 8.408939
80929, 107, 104.77753
80930, 108, 20.942535
80931, 114, 118.58635
80932, 110, 89.03426
80933, 119, 82.821106
80934, 102, 50.410305
80935, 112, 125.83956
80936, 114, 86.77611
80937, 104, 10.860506
80938, 111, 126.31938
80939, 111, 10.740521
80940, 100, 143.8188
80941, 104, 73.8284
80942, 100, 122.38375
80943, 113, 148.5153
80944, 118, 3.5757244
80945, 108, 76.375786
80946, 118, 19.553036
80947, 107, 56.14483
80948, 102, 105.64525
80949, 116, 112.513855
80950, 101, 82.96585
80951, 106, 138.3389
80952, 101, 81.853226
80953, 103, 102.80467
80954, 101, 52.54006
80955, 117, 78.73435
80956, 108, 76.64914
80957, 119, 81.45029
80958, 112, 146.3429
80959, 103, 19.499006
80960, 112, 0.72250664
80961, 107, 78.6341
80962, 100, 117.34566
80963, 102, 42.344017
80964, 106, 45.11613
80965, 114, 82.29495
80966, 110, 45.090096
80967, 104, 39.340263
80968, 106, 38.462734
80969, 118, 141.89058
80970, 106, 89.61211
80971, 110, 146.68535
80972, 115, 10.376948
80973, 105, 133.58221
80974, 107, 135.23943
80975, 111, 74.18485
80976, 118, 104.885
80977, 106, 71.66364
80978, 105, 118.06834
80979, 118, 16.868315
80980, 106, 84.3029
80981, 115, 10.838673
80982, 101, 111.043785
80983, 103, 26.941109
80984, 105, 115.36589
80985, 105, 114.07074
80986, 119, 148.23793
80987, 106, 94.797874
80988, 107, 11.675593
80989, 105, 65.53856
80990, 101, 122.847755
80991, 105, 121.84315
80992, 104, 38.87093
80993, 104, 45.337273
80994, 108, 123.7638
80995, 117, 32.24782
80996, 103, 116.62761
80997, 116, 80.73578
80998, 111, 12.832207
80999, 112, 50.58037
81000, 105, 49.47829
81001, 113, 14.458877
81002, 107, 52.76961
81003, 112, 52.68967
81004, 108, 50.669647
81005, 103, 67.26445
81006, 117, 14.087346
81007, 118, 28.173252
81008, 106, 129.37485
81009, 104, 104.79781
81010, 107, 61.13793
81011, 101, 91.15413
81012, 101, 118.99552
81013, 105, 63.673462
81014, 114, 0.49637854
81015, 116, 101.87744
81016, 103, 51.25128
81017, 106, 108.28249
81018, 101, 3.9456992
81019, 105, 109.80369
81020, 116, 58.370384
81021, 110, 63.220623
81022, 107, 94.21486
81023, 109, 47.331028
81024, 112, 57.051067
81025, 118, 45.777817
81026, 107, 133.65012
81027, 116, 5.127561
81028, 115, 86.24834
81029, 116, 144.90323
81030, 115, 145.87094
81031, 109, 10.508403
81032, 111, 76.67852
81033, 113, 57.054207
81034, 113, 68.23177
81035, 101, 92.5424
81036, 119, 62.570904
81037, 111, 146.27458
81038, 108, 17.28876
81039, 108, 82.10822
81040, 109, 111.83853
81041, 102, 80.443474
81042, 103, 3.6530435
81043, 113, 8.987832
81044, 116, 24.874887
81045, 105, 134.71494
81046, 113, 15.310362
81047, 103, 124.43132
81048, 115, 58.972363
81049, 104, 35.594997
81050, 103, 133.65692
81051, 103, 116.44207
81052, 107, 34.24766
81053, 112, 35.662617
81054, 114, 4.171854
81055, 100, 97.71959
81056, 100, 19.809284
81057, 104, 52.135017
81058, 101, 95.901215
81059, 106, 30.70348
81060, 117, 87.45808
81061, 115, 61.108105
81062, 101, 147.54286
81063, 114, 65.2674
81064, 110, 122.48997
81065, 117, 92.96348
81066, 117, 88.35463
81067, 107, 19.439034
81068, 104, 148.55269
81069, 117, 33.258022
81070, 109, 59.63994
81071, 107, 64.54615
81072, 117, 50.016644
81073, 117, 147.35022
81074, 105, 15.709859
81075, 107, 60.647884
81076, 109, 133.17647
81077, 103, 49.014107
81078, 108, 115.26075
81079, 105, 22.46932
81080, 115, 127.95339
81081, 103, 0.087967515
81082, 107, 46.89194
81083, 112, 34.85113
81084, 115, 91.519356
81085, 117, 138.05711
81086, 110, 101.68472
81087, 100, 59.50874
81088, 107, 13.115054
81089, 104, 33.8016
81090, 108, 61.047176
81091, 108, 25.568613
81092, 100, 41.844364
81093, 108, 115.099045
81094, 100, 122.49065
81095, 108, 139.39499
81096, 110, 33.972626
81097, 119, 102.678955
81098, 104, 101.15899
81099, 112, 37.59529
81100, 105, 124.2784
81101, 107, 133.29813
81102, 103, 106.88458
81103, 100, 27.37308
81104, 102, 100.39441
81105, 100, 133.39856
81106, 115, 33.37724
81107, 108, 130.65025
81108, 107, 98.39624
81109, 103, 147.85191
81110, 113, 113.07429
81111, 109, 110.42774
81112, 100, 56.934757
81113, 113, 13.986093
81114, 116, 143.26321
81115, 111, 44.004597
81116, 101, 129.1416
81117, 103, 63.460224
81118, 113, 87.37274
81119, 104, 131.45222
81120, 116, 83.93629
81121, 117, 73.97312
81122, 108, 121.53307
81123, 119, 135.16418
81124, 106, 112.58662
81125, 115, 137.02379
81126, 112, 119.39121
81127, 109, 149.03316
81128, 117, 55.98499
81129, 109, 15.820089
81130, 116, 15.779606
81131, 119, 53.260384
81132, 118, 80.618164
81133, 115, 63.781418
81134, 102, 143.5838
81135, 118, 32.448025
81136, 111, 31.258902
81137, 105, 106.982635
81138, 116, 142.86617
81139, 100, 17.840168
81140, 103, 18.154282
81141, 118, 128.76338
81142, 106, 94.57895
81143, 112, 139.49258
81144, 114, 19.717428
81145, 109, 70.19645
81146, 109, 40.785484
81147, 112, 140.283
81148, 109, 61.17587
81149, 101, 59.3246
81150, 101, 140.25166
81151, 102, 94.03941
81152, 109, 119.312065
81153, 102, 46.345577
81154, 110, 144.29617
81155, 118, 119.89366
81156, 105, 35.912052
81157, 102, 96.109825
81158, 100, 106.14361
81159, 116, 91.35867
81160, 115, 49.468563
81161, 109, 37.619762
81162, 106, 116.31314
81163, 103, 92.2669
81164, 106, 75.33366
81165, 110, 57.701916
81166, 119, 134.98843
81167, 103, 63.815716
81168, 104, 96.954094
81169, 115, 14.840519
81170, 100, 117.9345
81171, 113, 68.036674
81172, 113, 32.59602
81173, 119, 141.04639
81174, 105, 11.864429
81175, 112, 93.92862
81176, 113, 85.24021
81177, 110, 116.222664
81178, 103, 118.49431
81179, 102, 139.85004
81180, 100, 39.761837
81181, 111, 75.819756
81182, 112, 7.234722
81183, 104, 100.816864
81184, 101, 112.332924
81185, 106, 100.64687
81186, 100, 44.658512
81187, 117, 117.62545
81188, 101, 2.168101
81189, 109, 10.138428
81190, 104, 30.098274
81191, 104, 57.270233
81192, 110, 124.86496
81193, 110, 112.467964
81194, 110, 87.70829
81195, 118, 9.510282
81196, 116, 138.8582
81197, 106, 66.31228
81198, 104, 113.658005
81199, 102, 137.25456
81200, 108, 110.7213
81201, 104, 63.3983
81202, 114, 9.2804165
81203, 110, 89.85434
81204, 117, 38.46674
81205, 119, 75.918564
81206, 110, 68.211845
81207, 118, 67.182434
81208, 109, 74.54919
81209, 107, 54.184307
81210, 108, 118.8971
81211, 112, 101.196236
81212, 104, 36.760857
81213, 109, 65.19158
81214, 102, 149.88654
81215, 105, 88.04523
81216, 117, 18.655766
81217, 105, 35.16623
81218, 104, 101.64502
81219, 103, 68.09765
81220, 114, 6.041944
81221, 101, 93.23059
81222, 102, 144.4356
81223, 101, 61.474102
81224, 111, 63.034603
81225, 104, 131.19815
81226, 113, 126.55762
81227, 116, 68.2303
81228, 107, 117.15815
81229, 113, 58.289165
81230, 111, 144.83519
81231, 117, 135.67213
81232, 108, 49.0076
81233, 115, 48.553703
81234, 109, 135.71927
81235, 104, 70.39314
81236, 104, 20.926989
81237, 116, 112.247185
81238, 102, 49.118526
81239, 116, 83.88481
81240, 113, 34.844585
81241, 108, 33.944374
81242, 109, 107.69468
81243, 118, 118.63674
81244, 100, 99.77434
81245, 111, 123.085464
81246, 105, 92.497375
81247, 103, 41.827797
81248, 114, 110.00989
81249, 118, 100.70215
81250, 103, 127.13198
81251, 100, 24.195814
81252, 119, 86.769516
81253, 116, 1.0578722
81254, 111, 10.764715
81255, 100, 137.756
81256, 107, 121.137695
81257, 107, 93.15276
81258, 100, 66.39994
81259, 117, 62.001167
81260, 101, 62.94626
81261, 110, 112.85735
81262, 116, 139.49895
81263, 115, 52.9246
81264, 110, 134.56917
81265, 110, 97.34229
81266, 101, 120.85308
81267, 102, 23.472271
81268, 102, 56.90647
81269, 102, 52.483376
81270, 113, 70.887215
81271, 117, 101.56787
81272, 110, 78.417694
81273, 107, 83.85195
81274, 109, 86.05789
81275, 109, 52.49074
81276, 101, 75.79142
81277, 118, 127.40104
81278, 113, 66.72268
81279, 116, 53.677074
81280, 107, 22.136879
81281, 108, 95.57029
81282, 107, 137.68277
81283, 100, 63.8241
81284, 102, 135.56137
81285, 110, 126.75041
81286, 108, 67.672104
81287, 114, 32.074356
81288, 104, 83.912834
81289, 102, 4.8891664
81290, 113, 111.54853
81291, 106, 149.44838
81292, 115, 132.96648
81293, 105, 149.74522
81294, 106, 105.66222
81295, 112, 89.789185
81296, 101, 27.27684
81297, 117, 73.79009
81298, 116, 116.19337
81299, 119, 127.376144
81300, 117, 42.172882
81301, 105, 45.92176
81302, 105, 148.95988
81303, 107, 120.083755
81304, 108, 10.767299
81305, 107, 37.741096
81306, 101, 52.4807
81307, 103, 50.947773
81308, 107, 69.42219
81309, 114, 20.310358
81310, 113, 17.70242
81311, 111, 81.25071
81312, 119, 98.861275
81313, 101, 142.01236
81314, 102, 99.48405
81315, 115, 111.16198
81316, 113, 84.00228
81317, 111, 30.494759
81318, 100, 92.07956
81319, 115, 36.018135
81320, 110, 4.3278246
81321, 115, 7.5936646
81322, 111, 97.858574
81323, 100, 16.648758
81324, 111, 86.109
81325, 102, 147.69725
81326, 113, 41.56379
81327, 113, 114.49776
81328, 100, 98.773575
81329, 111, 87.20636
81330, 114, 50.82683
81331, 113, 131.88986
81332, 101, 25.5532
81333, 110, 28.348347
81334, 110, 54.520924
81335, 116, 54.159756
81336, 109, 84.72028
81337, 111, 69.57586
81338, 117, 11.546811
81339, 103, 28.254282
81340, 105, 108.53323
81341, 112, 4.235065
81342, 113, 127.400734
81343, 103, 76.88364
81344, 111, 2.7931094
81345, 108, 58.079784
81346, 102, 32.577816
81347, 117, 52.457966
81348, 115, 67.54689
81349, 116, 99.23439
81350, 117, 116.302986
81351, 114, 29.78299
81352, 102, 147.39352
81353, 117, 127.40221
81354, 103, 38.085052
81355, 114, 61.21216
81356, 118, 63.233604
81357, 117, 51.67113
81358, 116, 45.33621
81359, 115, 14.460209
81360, 102, 23.612667
81361, 107, 144.01648
81362, 110, 101.06452
81363, 117, 25.744602
81364, 105, 79.14707
81365, 115, 34.119244
81366, 115, 68.622086
81367, 117, 98.16046
81368, 118, 37.870136
81369, 112, 5.3414493
81370, 115, 7.61801
81371, 118, 6.6400676
81372, 113, 27.942886
81373, 100, 94.78095
81374, 119, 127.298195
81375, 105, 50.30078
81376, 112, 125.4958
81377, 114, 145.54584
81378, 113, 120.08822
81379, 113, 60.2703
81380, 109, 12.640169
81381, 100, 8.940991
81382, 116, 38.444824
81383, 106, 96.95978
81384, 103, 95.26104
81385, 101, 45.077106
81386, 102, 134.90218
81387, 117, 85.88313
81388, 106, 82.68392
81389, 109, 67.337746
81390, 105, 113.670265
81391, 103, 120.72127
81392, 113, 30.416992
81393, 113, 49.06261
81394, 114, 1.6655624
81395, 114, 35.620495
81396, 114, 97.70399
81397, 112, 31.555546
81398, 111, 61.620613
81399, 108, 9.575978
81400, 100, 125.61502
81401, 109, 59.11246
81402, 111, 125.993866
81403, 111, 58.693054
81404, 111, 30.500963
81405, 100, 56.756893
81406, 117, 75.46176
81407, 114, 11.519999
81408, 105, 47.36218
81409, 110, 3.6434233
81410, 108, 51.045387
81411, 111, 97.49747
81412, 112, 121.53606
81413, 104, 71.12976
81414, 102, 113.77036
81415, 101, 107.072395
81416, 105, 101.44339
81417, 112, 31.353235
81418, 119, 50.73361
81419, 104, 3.8915544
81420, 116, 20.18314
81421, 102, 77.84614
81422, 107, 115.48078
81423, 110, 39.69308
81424, 100, 0.02077818
81425, 117, 66.01244
81426, 101, 107.55924
81427, 106, 12.065712
81428, 105, 101.40572
81429, 111, 16.425097
81430, 111, 18.253336
81431, 103, 13.025129
81432, 102, 141.63615
81433, 109, 129.04796
81434, 107, 81.51829
81435, 100, 60.64218
81436, 119, 38.61258
81437, 110, 89.917015
81438, 103, 117.576805
81439, 102, 93.82903
81440, 115, 19.663568
81441, 106, 18.976952
81442, 101, 37.036415
81443, 118, 85.95306
81444, 108, 83.50982
81445, 108, 63.36225
81446, 109, 143.0288
81447, 102, 128.88739
81448, 101, 88.06483
81449, 111, 9.862295
81450, 105, 105.61017
81451, 103, 79.28751
81452, 109, 19.286629
81453, 100, 37.696453
81454, 100, 104.518005
81455, 114, 95.39979
81456, 115, 70.773315
81457, 103, 11.384421
81458, 109, 54.130928
81459, 116, 67.30223
81460, 115, 73.33955
81461, 100, 49.083405
81462, 100, 102.03146
81463, 107, 91.654366
81464, 112, 94.44235
81465, 100, 92.83679
81466, 108, 71.31864
81467, 107, 38.46184
81468, 115, 6.8036647
81469, 111, 106.48896
81470, 103, 119.15275
81471, 115, 12.061876
81472, 108, 119.91068
81473, 109, 88.06037
81474, 110, 86.4341
81475, 105, 106.861916
81476, 115, 55.313507
81477, 112, 24.009731
81478, 100, 136.90747
81479, 117, 79.100525
81480, 101, 67.346794
81481, 119, 97.021866
81482, 117, 125.098274
81483, 114, 122.79268
81484, 105, 123.846756
81485, 116, 13.672614
81486, 105, 83.42347
81487, 118, 21.945423
81488, 104, 98.85064
81489, 106, 61.761932
81490, 112, 66.02053
81491, 108, 62.79914
81492, 116, 62.84758
81493, 112, 112.53052
81494, 106, 134.90016
81495, 107, 2.5756092
81496, 118, 114.86818
81497, 111, 64.66257
81498, 104, 93.47196
81499, 107, 104.840065
81500, 119, 130.74533
81501, 107, 5.864149
81502, 107, 75.226944
81503, 113, 30.364279
81504, 117, 91.13293
81505, 108, 66.54124
81506, 117, 77.79418
81507, 112, 100.327805
81508, 112, 106.93692
81509, 113, 146.71788
81510, 103, 4.8685493
81511, 118, 23.650343
81512, 119, 122.442566
81513, 105, 63.482666
81514, 109, 76.71743
81515, 106, 31.246975
81516, 101, 91.00093
81517, 100, 140.10333
81518, 114, 72.65933
81519, 108, 117.113
81520, 114, 51.304237
81521, 104, 1.7609328
81522, 117, 24.841484
81523, 112, 49.011467
81524, 107, 79.67361
81525, 103, 62.077118
81526, 113, 99.351585
81527, 112, 38.07764
81528, 111, 29.246225
81529, 101, 39.108288
81530, 114, 67.84354
81531, 109, 0.5669117
81532, 118, 55.655964
81533, 112, 103.48488
81534, 116, 28.243652
81535, 114, 62.26719
81536, 107, 69.65112
81537, 108, 73.958885
81538, 105, 124.31614
81539, 111, 92.99878
81540, 113, 68.95062
81541, 106, 28.510014
81542, 105, 146.3205
81543, 114, 57.556343
81544, 102, 114.99324
81545, 116, 27.432533
81546, 103, 116.00007
81547, 112, 116.68714
81548, 105, 98.06051
81549, 103, 13.763353
81550, 114, 102.401886
81551, 104, 112.09293
81552, 107, 138.87915
81553, 112, 95.35362
81554, 117, 55.0049
81555, 115, 65.211876
81556, 109, 134.19669
81557, 119, 61.73543
81558, 112, 11.670622
81559, 110, 25.980717
81560, 103, 86.68018
81561, 100, 30.811028
81562, 104, 13.950554
81563, 104, 21.472576
81564, 100, 95.660934
81565, 101, 78.20972
81566, 103, 113.67326
81567, 113, 129.24422
81568, 106, 97.17346
81569, 119, 113.27106
81570, 104, 78.89961
81571, 110, 120.292885
81572, 109, 85.46306
81573, 101, 119.15001
81574, 103, 15.727168
81575, 102, 49.805878
81576, 115, 145.07365
81577, 111, 122.03466
81578, 101, 83.507965
81579, 112, 145.63576
81580, 116, 26.946438
81581, 107, 40.494545
81582, 117, 61.91607
81583, 103, 112.65758
81584, 119, 123.27106
81585, 106, 107.58123
81586, 116, 34.234974
81587, 113, 64.478134
81588, 115, 15.357837
81589, 105, 57.82619
81590, 119, 11.967561
81591, 101, 146.88683
81592, 110, 124.83274
81593, 114, 58.21014
81594, 116, 103.585625
81595, 100, 89.50758
81596, 112, 41.850918
81597, 117, 8.874536
81598, 110, 76.27039
81599, 113, 99.57968
81600, 102, 104.03821
81601, 101, 137.98047
81602, 102, 36.331818
81603, 106, 87.328865
81604, 116, 38.44334
81605, 108, 91.10727
81606, 103, 33.297615
81607, 104, 21.97296
81608, 114, 39.186913
81609, 109, 115.32022
81610, 104, 41.39127
81611, 118, 107.19905
81612, 103, 57.359077
81613, 113, 126.75412
81614, 111, 13.636369
81615, 104, 67.67501
81616, 107, 40.05635
81617, 102, 83.094154
81618, 118, 9.539679
81619, 114, 53.25013
81620, 117, 17.071966
81621, 108, 0.4087329
81622, 106, 110.06632
81623, 111, 46.508404
81624, 111, 23.576483
81625, 119, 133.66692
81626, 112, 9.433311
81627, 114, 39.25275
81628, 108, 145.55469
81629, 114, 4.841942
81630, 115, 132.92268
81631, 112, 1.8071294
81632, 112, 74.023674
81633, 117, 5.527291
81634, 107, 61.43945
81635, 104, 37.11802
81636, 116, 22.179436
81637, 107, 71.98921
81638, 112, 136.13303
81639, 115, 65.29874
81640, 104, 89.14142
81641, 102, 12.750328
81642, 100, 91.94707
81643, 116, 91.306526
81644, 109, 99.04342
81645, 113, 136.90123
81646, 119, 10.390896
81647, 113, 103.90124
81648, 105, 49.79514
81649, 116, 26.41865
81650, 102, 1.2011826
81651, 108, 18.797869
81652, 105, 137.74812
81653, 102, 73.74573
81654, 118, 147.36624
81655, 115, 99.656296
81656, 118, 72.49453
81657, 103, 43.210457
81658, 109, 22.199463
81659, 100, 21.443207
81660, 107, 130.7776
81661, 113, 4.384804
81662, 111, 97.19607
81663, 113, 49.073544
81664, 107, 78.99387
81665, 105, 133.61812
81666, 114, 14.594168
81667, 112, 86.88697
81668, 114, 31.129244
81669, 108, 41.21434
81670, 117, 42.7973
81671, 106, 69.18168
81672, 107, 129.30301
81673, 100, 122.72441
81674, 113, 39.577576
81675, 115, 67.77198
81676, 103, 46.2674
81677, 110, 20.140484
81678, 104, 50.444992
81679, 102, 54.898426
81680, 115, 39.302418
81681, 116, 25.639093
81682, 100, 37.927525
81683, 114, 24.285301
81684, 118, 114.02634
