98329, 102, 110.40637
98330, 105, 37.960632
98331, 101, 143.19514
98332, 109, 124.84036
98333, 104, 33.843666
98334, 118, 75.85533
98335, 115, 12.084496
98336, 118, 113.55615
98337, 110, 10.755211
98338, 111, 88.509796
98339, 117, 41.760216
98340, 106, 127.9493
98341, 107, 112.96802
98342, 105, 106.436485
98343, 108, 97.34308
98344, 107, 55.581577
98345, 111, 17.389244
98346, 106, 35.167168
98347, 115, 108.657005
98348, 119, 72.460144
98349, 112, 92.053246
98350, 116, 145.60161
98351, 104, 141.27435
98352, 117, 53.482758
98353, 106, 135.03346
98354, 115, 122.05733
98355, 101, 45.99445
98356, 115, 148.87126
98357, 112, 36.85583
98358, 106, 51.35563
98359, 101, 84.239746
98360, 109, 17.71701
98361, 101, 133.47969
98362, 114, 105.6004
98363, 101, 122.005806
98364, 118, 75.91642
98365, 111, 9.215006
98366, 111, 21.468195
98367, 101, 110.45561
98368, 103, 140.9019
98369, 114, 74.516014
98370, 114, 120.80832
98371, 102, 122.32672
98372, 103, 15.245954
98373, 101, 52.265873
98374, 106, 51.221046
98375, 107, 107.249916
98376, 102, 116.42569
98377, 103, 94.47429
98378, 110, 114.62942
98379, 108, 63.02966
98380, 102, 19.742989
98381, 116, 122.74945
98382, 116, 16.462639
98383, 104, 36.421894
98384, 116, 62.500835
98385, 109, 40.619965
98386, 119, 148.56712
98387, 110, 149.5404
98388, 113, 90.90899
98389, 111, 63.01994
98390, 106, 85.65033
98391, 108, 54.519966
98392, 104, 53.346348
98393, 103, 116.75136
98394, 110, 55.583443
98395, 112, 146.36401
98396, 105, 99.603516
98397, 102, 134.75806
98398, 119, 75.73345
98399, 117, 115.93119
98400, 111, 90.95195
98401, 101, 148.36888
98402, 105, 59.853252
98403, 112, 29.84064
98404, 104, 6.4080925
98405, 118, 34.244255
98406, 117, 45.84176
98407, 104, 79.93309
98408, 102, 50.53052
98409, 107, 144.96677
98410, 105, 45.399982
98411, 109, 94.749985
98412, 115, 53.56938
98413, 102, 59.919434
98414, 106, 25.813454
98415, 104, 148.79204
98416, 119, 64.06747
98417, 100, 86.61364
98418, 103, 50.00907
98419, 110, 111.51024
98420, 103, 89.21797
98421, 114, 108.32869
98422, 103, 115.93878
98423, 118, 140.16437
98424, 109, 116.65612
98425, 112, 73.56857
98426, 106, 54.393894
98427, 105, 7.4827375
98428, 109, 99.5497
98429, 110, 139.65598
98430, 100, 4.3942986
98431, 107, 138.18565
98432, 103, 111.33015
98433, 105, 61.316986
98434, 103, 11.545962
98435, 107, 130.72446
98436, 117, 9.1977415
98437, 110, 139.78197
98438, 106, 109.2564
98439, 112, 128.89792
98440, 112, 26.707882
98441, 108, 70.91198
98442, 100, 82.88343
98443, 108, 86.22952
98444, 117, 147.68016
98445, 101, 19.10314
98446, 111, 28.661558
98447, 109, 68.54429
98448, 108, 53.205864
98449, 101, 85.6971
98450, 114, 67.61523
98451, 107, 23.655357
98452, 107, 72.17177
98453, 117, 52.74502
98454, 104, 66.76833
98455, 118, 128.23863
98456, 115, 144.23694
98457, 105, 12.981168
98458, 108, 55.70332
98459, 112, 116.50047
98460, 103, 147.98174
98461, 117, 54.130054
98462, 110, 112.80959
98463, 103, 30.628431
98464, 103, 27.841383
98465, 101, 130.60078
98466, 105, 125.14416
98467, 109, 56.482994
98468, 106, 139.68677
98469, 116, 1.5110582
98470, 116, 79.69982
98471, 118, 145.97641
98472, 113, 103.1304
98473, 119, 105.55628
98474, 106, 123.819824
98475, 113, 105.30236
98476, 113, 83.568344
98477, 113, 39.47398
98478, 105, 46.70797
98479, 119, 47.945908
98480, 108, 65.49626
98481, 103, 117.67796
98482, 115, 83.768845
98483, 115, 41.97196
98484, 107, 45.63522
98485, 111, 77.90206
98486, 112, 109.996025
98487, 110, 3.112024
98488, 105, 58.111748
98489, 110, 112.85811
98490, 108, 25.733767
98491, 116, 50.988865
98492, 107, 138.46693
98493, 103, 77.796135
98494, 106, 13.116217
98495, 100, 17.67742
98496, 116, 15.521174
98497, 112, 113.794464
98498, 116, 115.75978
98499, 109, 140.01088
98500, 101, 141.19026
98501, 115, 112.372986
98502, 115, 47.40951
98503, 112, 14.983929
98504, 117, 43.99785
98505, 100, 64.607086
98506, 116, 67.58608
98507, 115, 58.69579
98508, 113, 36.329403
98509, 109, 9.892541
98510, 108, 81.91866
98511, 117, 4.219365
98512, 103, 135.93645
98513, 119, 96.16979
98514, 116, 105.15456
98515, 103, 95.7325
98516, 107, 149.33682
98517, 103, 124.1171
98518, 104, 138.29813
98519, 101, 91.32649
98520, 102, 72.52474
98521, 111, 69.47099
98522, 116, 64.90811
98523, 117, 52.92762
98524, 115, 109.73879
98525, 100, 88.02414
98526, 104, 63.09497
98527, 110, 25.218237
98528, 115, 147.56488
98529, 109, 104.88552
98530, 117, 12.648905
98531, 107, 133.45468
98532, 119, 23.862495
98533, 117, 13.307923
98534, 115, 96.51857
98535, 103, 136.84386
98536, 111, 52.12968
98537, 115, 88.93181
98538, 102, 129.86203
98539, 103, 30.976698
98540, 112, 131.35265
98541, 119, 50.244713
98542, 112, 59.508644
98543, 109, 104.664085
98544, 113, 135.3103
98545, 102, 128.64656
98546, 116, 113.94331
98547, 110, 42.057716
98548, 106, 146.86137
98549, 113, 85.54771
98550, 103, 55.37245
98551, 113, 132.98184
98552, 101, 108.616646
98553, 112, 73.24769
98554, 111, 48.74771
98555, 104, 8.272755
98556, 102, 9.163713
98557, 109, 61.74327
98558, 100, 115.05585
98559, 116, 38.6602
98560, 119, 9.590918
98561, 114, 35.89528
98562, 101, 144.04935
98563, 113, 42.538887
98564, 101, 21.033678
98565, 110, 60.646168
98566, 110, 63.57141
98567, 100, 93.62892
98568, 119, 119.69496
98569, 118, 113.86797
98570, 110, 63.37933
98571, 114, 100.26249
98572, 105, 1.8017024
98573, 119, 59.741817
98574, 106, 58.785446
98575, 114, 146.04205
98576, 101, 146.62518
98577, 114, 24.987602
98578, 115, 20.345583
98579, 115, 1.1932254
98580, 118, 48.698902
98581, 114, 129.68452
98582, 110, 132.39384
98583, 102, 138.57619
98584, 104, 65.59978
98585, 105, 82.70781
98586, 108, 122.32884
98587, 110, 39.10496
98588, 103, 43.758102
98589, 108, 90.49417
98590, 116, 14.293429
98591, 119, 120.849785
98592, 110, 104.71732
98593, 115, 57.140495
98594, 109, 146.96332
98595, 113, 62.255646
98596, 104, 81.039314
98597, 105, 61.730576
98598, 108, 10.341883
98599, 118, 57.595898
98600, 119, 19.124893
98601, 114, 23.960764
98602, 113, 65.32582
98603, 114, 62.005493
98604, 115, 53.731487
98605, 101, 29.652267
98606, 107, 66.04251
98607, 107, 132.33344
98608, 103, 69.04466
98609, 106, 34.048176
98610, 105, 59.982365
98611, 115, 108.30418
98612, 105, 12.540624
98613, 118, 15.523481
98614, 102, 136.74641
98615, 106, 39.444817
98616, 104, 18.05908
98617, 114, 67.209625
98618, 105, 51.53481
98619, 116, 29.532364
98620, 118, 137.58296
98621, 113, 20.35532
98622, 106, 19.855473
98623, 116, 149.27998
98624, 102, 11.466578
98625, 100, 94.59773
98626, 119, 69.53248
98627, 102, 95.692116
98628, 106, 144.26347
98629, 108, 37.34511
98630, 114, 90.58471
98631, 110, 108.68615
98632, 103, 44.85341
98633, 101, 17.430676
98634, 109, 28.198465
98635, 114, 28.275024
98636, 111, 107.68275
98637, 119, 72.36062
98638, 103, 80.74322
98639, 104, 55.021362
98640, 115, 124.12448
98641, 114, 143.80415
98642, 111, 7.108605
98643, 102, 68.94175
98644, 104, 57.06887
98645, 113, 33.296352
98646, 113, 104.98071
98647, 104, 12.94131
98648, 104, 115.20998
98649, 112, 94.08096
98650, 103, 140.6072
98651, 101, 139.85744
98652, 111, 110.37575
98653, 113, 81.02533
98654, 110, 115.96524
98655, 119, 19.89753
98656, 105, 144.15067
98657, 117, 83.64352
98658, 106, 149.3472
98659, 117, 23.671675
98660, 109, 121.196304
98661, 109, 149.57436
98662, 105, 24.014542
98663, 116, 100.009285
98664, 116, 5.028543
98665, 106, 94.4826
98666, 103, 49.488804
98667, 106, 31.073267
98668, 105, 58.20812
98669, 119, 57.775505
98670, 111, 52.727554
98671, 105, 82.06189
98672, 115, 48.835857
98673, 111, 30.740906
98674, 111, 135.6029
98675, 104, 65.263855
98676, 115, 55.823986
98677, 110, 95.299904
98678, 106, 59.940533
98679, 103, 147.63188
98680, 115, 54.573
98681, 110, 120.6867
98682, 111, 14.264059
98683, 101, 44.685738
98684, 111, 124.80479
98685, 115, 45.295887
98686, 108, 22.218159
98687, 108, 96.260635
98688, 109, 71.13363
98689, 103, 25.653748
98690, 104, 116.28021
98691, 117, 89.51385
98692, 118, 59.29928
98693, 110, 146.31299
98694, 113, 46.96076
98695, 112, 87.88019
98696, 116, 56.6752
98697, 106, 142.52869
98698, 107, 89.36963
98699, 107, 64.65689
98700, 111, 10.348267
98701, 111, 50.133957
98702, 100, 71.669716
98703, 106, 19.498756
98704, 117, 43.788734
98705, 100, 2.0070434
98706, 117, 27.098196
98707, 114, 137.7855
98708, 111, 94.12455
98709, 103, 133.13863
98710, 108, 6.18504
98711, 109, 66.28262
98712, 116, 22.322247
98713, 105, 98.34298
98714, 114, 89.53391
98715, 115, 96.97555
98716, 118, 53.552994
98717, 113, 92.77934
98718, 102, 95.093285
98719, 101, 107.67147
98720, 102, 21.074251
98721, 107, 72.14224
98722, 103, 75.06801
98723, 113, 54.485912
98724, 103, 116.68919
98725, 107, 60.408123
98726, 118, 72.64127
98727, 108, 87.03249
98728, 115, 110.134544
98729, 110, 11.874541
98730, 107, 61.44372
98731, 104, 16.813686
98732, 101, 123.24675
98733, 101, 146.63977
98734, 101, 67.12546
98735, 114, 97.71751
98736, 101, 81.92754
98737, 101, 119.55227
98738, 102, 68.699234
98739, 103, 111.44076
98740, 105, 25.37401
98741, 100, 124.480835
98742, 111, 11.696845
98743, 110, 70.500565
98744, 110, 74.99442
98745, 109, 140.53923
98746, 103, 17.936718
98747, 114, 32.061615
98748, 115, 69.08965
98749, 117, 35.816387
98750, 101, 67.225555
98751, 104, 20.604176
98752, 107, 128.19681
98753, 116, 96.346954
98754, 101, 23.193106
98755, 115, 47.854187
98756, 100, 16.975996
98757, 114, 59.15189
98758, 110, 135.70752
98759, 108, 102.48986
98760, 113, 125.128784
98761, 103, 98.4093
98762, 111, 78.46661
98763, 115, 102.30913
98764, 111, 71.15875
98765, 109, 131.45546
98766, 110, 116.84875
98767, 106, 67.55692
98768, 114, 33.32051
98769, 112, 26.371246
98770, 109, 21.767593
98771, 104, 145.34145
98772, 115, 118.9238
98773, 113, 94.48411
98774, 114, 84.81618
98775, 100, 41.71789
98776, 109, 62.51976
98777, 103, 23.643467
98778, 111, 98.4689
98779, 101, 8.54862
98780, 115, 78.26656
98781, 104, 104.23598
98782, 111, 76.814545
98783, 110, 94.97302
98784, 111, 114.63647
98785, 116, 87.50779
98786, 118, 52.581017
98787, 116, 66.85617
98788, 119, 41.084297
98789, 106, 103.72868
98790, 107, 90.42404
98791, 103, 10.441124
98792, 110, 78.0774
98793, 118, 107.922775
98794, 119, 59.180046
98795, 113, 16.889154
98796, 103, 137.69131
98797, 113, 6.12883
98798, 107, 135.82214
98799, 105, 114.812294
98800, 119, 59.277588
98801, 105, 98.560555
98802, 109, 65.35305
98803, 113, 95.48296
98804, 104, 4.7616987
98805, 118, 121.70411
98806, 107, 62.684673
98807, 103, 8.947536
98808, 118, 57.13067
98809, 115, 127.422585
98810, 104, 16.0857
98811, 114, 130.04721
98812, 105, 114.88639
98813, 105, 33.892635
98814, 110, 145.8989
98815, 116, 1.2562662
98816, 112, 77.95456
98817, 102, 52.138325
98818, 108, 52.440235
98819, 102, 31.62126
98820, 107, 50.77106
98821, 108, 11.378646
98822, 115, 147.74678
98823, 111, 82.90666
98824, 104, 95.72035
98825, 112, 39.605053
98826, 116, 134.72005
98827, 106, 72.89209
98828, 108, 117.49164
98829, 114, 102.91374
98830, 106, 143.85004
98831, 110, 64.59949
98832, 119, 71.43831
98833, 107, 46.498848
98834, 106, 124.401855
98835, 104, 113.62252
