65309, 110, 60.104164
65310, 110, 118.95737
65311, 107, 121.52997
65312, 114, 13.041079
65313, 113, 103.07268
65314, 102, 124.771034
65315, 101, 41.01227
65316, 119, 21.627527
65317, 109, 145.33115
65318, 100, 91.0146
65319, 109, 63.062687
65320, 116, 149.58308
65321, 109, 71.69112
65322, 102, 79.20834
65323, 107, 109.72192
65324, 115, 102.85423
65325, 114, 85.8604
65326, 117, 62.133156
65327, 116, 86.03698
65328, 110, 1.2318403
65329, 103, 112.72696
65330, 118, 110.270325
65331, 117, 90.407005
65332, 104, 57.573036
65333, 101, 19.866684
65334, 112, 79.844376
65335, 102, 88.59372
65336, 119, 56.05386
65337, 101, 111.28479
65338, 116, 88.03623
65339, 110, 121.711815
65340, 107, 119.56877
65341, 111, 136.79958
65342, 110, 73.070946
65343, 110, 41.58023
65344, 114, 61.552834
65345, 102, 118.66596
65346, 108, 34.25874
65347, 100, 35.540916
65348, 111, 88.51546
65349, 119, 136.61215
65350, 117, 46.091393
65351, 109, 130.76556
65352, 102, 77.693695
65353, 116, 100.658485
65354, 118, 61.783817
65355, 111, 72.72206
65356, 104, 110.666626
65357, 112, 94.70232
65358, 103, 107.730255
65359, 118, 146.41603
65360, 111, 135.80159
65361, 116, 3.6672235
65362, 119, 12.293011
65363, 102, 78.20273
65364, 117, 117.49867
65365, 119, 43.39159
65366, 115, 56.13309
65367, 109, 3.0611963
65368, 103, 56.06788
65369, 119, 125.03441
65370, 110, 115.16475
65371, 104, 136.33176
65372, 105, 91.95682
65373, 115, 83.43244
65374, 112, 35.192837
65375, 110, 16.5634
65376, 119, 1.5398651
65377, 108, 65.853966
65378, 103, 147.60646
65379, 109, 104.7108
65380, 102, 100.35359
65381, 101, 101.635765
65382, 102, 145.56961
65383, 105, 149.84708
65384, 104, 50.76136
65385, 101, 63.134785
65386, 118, 146.76558
65387, 112, 45.462692
65388, 114, 48.022915
65389, 112, 4.6788096
65390, 104, 73.854324
65391, 108, 66.86818
65392, 106, 75.83535
65393, 109, 134.03702
65394, 103, 97.38808
65395, 108, 64.10938
65396, 108, 3.074768
65397, 112, 122.67515
65398, 112, 51.71154
65399, 105, 57.89868
65400, 112, 83.29046
65401, 110, 81.91461
65402, 119, 101.51279
65403, 113, 75.60897
65404, 105, 90.29011
65405, 101, 72.999306
65406, 111, 135.72096
65407, 102, 127.76351
65408, 114, 127.77634
65409, 104, 19.24409
65410, 117, 46.588818
65411, 108, 148.08597
65412, 119, 133.7583
65413, 117, 119.665215
65414, 103, 129.94342
65415, 109, 69.699295
65416, 115, 45.49342
65417, 106, 6.628972
65418, 108, 72.85884
65419, 110, 95.33572
65420, 105, 84.215096
65421, 105, 143.30171
65422, 100, 95.07932
65423, 105, 67.51236
65424, 102, 88.44325
65425, 114, 102.18779
65426, 109, 36.9324
65427, 101, 117.31891
65428, 106, 13.866028
65429, 107, 113.7799
65430, 106, 93.6065
65431, 107, 124.95337
65432, 102, 1.1425316
65433, 101, 72.84748
65434, 115, 87.59444
65435, 102, 131.54927
65436, 103, 124.98269
65437, 112, 63.8227
65438, 116, 144.71487
65439, 110, 111.578476
65440, 117, 70.80212
65441, 106, 109.01699
65442, 111, 123.3062
65443, 109, 17.164457
65444, 118, 41.293224
65445, 111, 131.1336
65446, 104, 136.13342
65447, 102, 99.207054
65448, 109, 148.6646
65449, 105, 130.4476
65450, 118, 149.32722
65451, 101, 28.821024
65452, 106, 147.23859
65453, 101, 69.54193
65454, 113, 63.101353
65455, 111, 116.56219
65456, 104, 93.08513
65457, 114, 17.170929
65458, 117, 89.72574
65459, 116, 29.251026
65460, 106, 75.43914
65461, 112, 25.787285
65462, 116, 70.88398
65463, 116, 37.092163
65464, 112, 136.55458
65465, 101, 26.310127
65466, 105, 98.20091
65467, 107, 38.137196
65468, 106, 6.6516457
65469, 116, 11.527142
65470, 119, 104.47368
65471, 106, 81.89071
65472, 102, 1.6412705
65473, 101, 71.16689
65474, 117, 1.4370918
65475, 101, 61.10935
65476, 118, 74.47818
65477, 100, 104.65118
65478, 115, 93.99361
65479, 105, 11.572597
65480, 117, 96.88715
65481, 109, 81.862236
65482, 107, 132.91418
65483, 107, 2.343133
65484, 113, 33.31133
65485, 119, 63.06175
65486, 118, 149.87169
65487, 115, 124.38852
65488, 107, 129.84021
65489, 106, 136.32184
65490, 115, 58.719814
65491, 102, 22.469294
65492, 113, 141.12674
65493, 107, 40.694584
65494, 100, 26.434895
65495, 100, 135.27301
65496, 107, 84.10488
65497, 111, 124.13747
65498, 100, 62.784084
65499, 101, 149.30276
65500, 108, 74.63664
65501, 100, 81.984474
65502, 104, 4.102805
65503, 112, 40.872288
65504, 118, 142.08406
65505, 117, 102.90477
65506, 113, 108.92851
65507, 101, 91.74807
65508, 115, 54.148148
65509, 106, 131.99635
65510, 119, 78.23081
65511, 109, 52.30159
65512, 119, 31.115494
65513, 110, 138.60391
65514, 101, 66.89438
65515, 106, 125.11856
65516, 109, 28.162659
65517, 118, 77.084496
65518, 104, 135.24844
65519, 119, 47.65656
65520, 101, 32.49792
65521, 104, 79.21465
65522, 118, 62.29576
65523, 110, 8.963307
65524, 105, 95.784584
65525, 112, 85.75001
65526, 108, 140.23105
65527, 112, 47.993786
65528, 111, 144.26035
65529, 115, 45.0871
65530, 116, 92.291084
65531, 100, 137.08168
65532, 102, 16.163412
65533, 103, 6.1294107
65534, 108, 1.7581701
65535, 114, 5.4044814
65536, 115, 61.132183
65537, 113, 0.07927716
65538, 105, 10.306942
65539, 100, 38.454365
65540, 113, 51.524216
65541, 112, 73.38044
65542, 118, 113.698166
65543, 110, 98.41591
65544, 100, 87.62659
65545, 108, 28.520493
65546, 109, 64.46223
65547, 119, 14.479315
65548, 115, 54.363953
65549, 117, 39.945488
65550, 107, 28.734058
65551, 102, 44.03278
65552, 119, 71.14827
65553, 117, 127.45156
65554, 105, 118.93731
65555, 110, 24.929228
65556, 107, 8.206951
65557, 116, 17.742348
65558, 118, 51.792625
65559, 107, 69.76241
65560, 117, 68.14109
65561, 114, 89.310585
65562, 119, 5.028632
65563, 113, 43.206203
65564, 114, 87.256226
65565, 107, 136.23714
65566, 112, 22.172749
65567, 112, 76.458954
65568, 109, 33.48382
65569, 114, 101.5581
65570, 102, 106.54219
65571, 119, 14.354709
65572, 114, 70.25512
65573, 103, 148.37477
65574, 101, 50.267227
65575, 101, 133.13503
65576, 107, 39.195683
65577, 110, 143.30215
65578, 108, 124.22447
65579, 116, 31.467543
65580, 117, 57.603024
65581, 108, 35.26065
65582, 114, 88.809265
65583, 108, 71.611855
65584, 107, 35.29819
65585, 110, 8.33146
65586, 115, 58.120197
65587, 119, 47.331387
65588, 110, 70.70846
65589, 107, 142.47406
65590, 110, 62.94102
65591, 105, 33.483376
65592, 118, 28.634253
65593, 109, 108.10203
65594, 111, 106.356606
65595, 114, 126.484665
65596, 110, 52.287804
65597, 116, 0.46672225
65598, 109, 19.302464
65599, 110, 140.32013
65600, 101, 129.90634
65601, 108, 144.97382
65602, 111, 61.09616
65603, 116, 32.295074
65604, 115, 54.08815
65605, 112, 116.59154
65606, 107, 98.43125
65607, 116, 132.0866
65608, 101, 22.325743
65609, 104, 50.81673
65610, 106, 85.60198
65611, 110, 56.210724
65612, 109, 13.647231
65613, 119, 6.404552
65614, 106, 103.81364
65615, 111, 137.74123
65616, 112, 135.295
65617, 106, 132.22153
65618, 113, 8.02297
65619, 113, 59.050236
65620, 114, 9.139788
65621, 102, 14.195457
65622, 118, 129.86644
65623, 118, 53.29908
65624, 114, 38.752495
65625, 113, 139.07689
65626, 101, 69.01561
65627, 100, 58.267586
65628, 101, 68.893814
65629, 100, 17.60366
65630, 102, 138.47763
65631, 101, 30.458504
65632, 104, 71.646225
65633, 107, 141.85895
65634, 119, 134.97137
65635, 110, 0.14909506
65636, 114, 34.6954
65637, 110, 131.5832
65638, 106, 60.349426
65639, 106, 105.19726
65640, 109, 35.619377
65641, 119, 99.25853
65642, 108, 55.280506
65643, 103, 146.26807
65644, 119, 3.8588672
65645, 116, 62.598064
65646, 108, 101.1238
65647, 109, 110.760826
65648, 109, 85.38933
65649, 112, 143.1446
65650, 103, 84.86878
65651, 108, 8.182221
65652, 103, 126.401955
65653, 101, 96.566246
65654, 111, 7.1840644
65655, 115, 56.159885
65656, 112, 138.89464
65657, 119, 147.73946
65658, 113, 70.542534
65659, 116, 136.32974
65660, 114, 60.626434
65661, 107, 31.283606
65662, 114, 62.30988
65663, 118, 76.875656
65664, 119, 33.57735
65665, 102, 17.183098
65666, 105, 16.765675
65667, 111, 49.230354
65668, 114, 65.71363
65669, 114, 117.886856
65670, 106, 3.263712
65671, 107, 123.901276
65672, 104, 117.565956
65673, 106, 29.005238
65674, 118, 59.177963
65675, 115, 125.4263
65676, 104, 149.60704
65677, 107, 65.469
65678, 116, 110.31235
65679, 107, 1.3849676
65680, 116, 133.27678
65681, 118, 57.83277
65682, 108, 90.964874
65683, 117, 100.2672
65684, 102, 90.66482
65685, 110, 110.36571
65686, 114, 46.711834
65687, 104, 112.02651
65688, 110, 17.652977
65689, 112, 13.810319
65690, 116, 6.637761
65691, 107, 92.04547
65692, 111, 51.019363
65693, 107, 129.35316
65694, 104, 116.4702
65695, 118, 121.8514
65696, 102, 147.81909
65697, 113, 92.06805
65698, 100, 95.075264
65699, 109, 64.090454
65700, 107, 54.837353
65701, 104, 40.939594
65702, 117, 75.83146
65703, 106, 144.49454
65704, 117, 142.25629
65705, 112, 6.3495755
65706, 109, 77.417946
65707, 112, 137.51651
65708, 114, 56.251125
65709, 115, 48.1276
65710, 103, 148.39883
65711, 116, 85.92124
65712, 103, 119.65038
65713, 102, 83.04056
65714, 115, 14.922577
65715, 118, 16.4152
65716, 107, 126.11005
65717, 111, 126.776924
65718, 112, 140.34416
65719, 107, 55.951157
65720, 113, 142.03778
65721, 106, 34.6668
65722, 101, 94.30039
65723, 113, 11.339084
65724, 106, 144.27306
65725, 100, 8.299452
65726, 113, 101.544464
65727, 100, 148.93239
65728, 116, 59.51138
65729, 101, 45.116077
65730, 100, 68.793365
65731, 106, 52.97967
65732, 104, 31.729906
65733, 108, 114.223
65734, 106, 61.98482
65735, 108, 44.962227
65736, 102, 120.38816
65737, 111, 47.711
65738, 111, 3.4095078
65739, 102, 2.186027
65740, 106, 74.9802
65741, 117, 147.37556
65742, 117, 100.26289
65743, 105, 89.82185
65744, 116, 62.088795
65745, 115, 106.10401
65746, 110, 38.340416
65747, 106, 121.738365
65748, 103, 79.85673
65749, 100, 118.96041
65750, 117, 138.09995
65751, 116, 144.13069
65752, 103, 98.83101
65753, 119, 115.09552
65754, 104, 110.4358
65755, 118, 68.05803
65756, 104, 127.96895
65757, 102, 48.35522
65758, 114, 14.775503
65759, 112, 2.817616
65760, 113, 34.15154
65761, 102, 46.833946
65762, 105, 88.321075
65763, 101, 64.59556
65764, 100, 1.6719192
65765, 115, 91.07621
65766, 119, 111.041046
65767, 101, 16.326857
65768, 105, 54.511177
65769, 108, 97.30546
65770, 119, 6.6011043
65771, 100, 0.8928001
65772, 119, 65.17214
65773, 116, 101.288055
65774, 116, 69.40336
65775, 110, 44.864292
65776, 119, 50.28671
65777, 112, 147.50554
65778, 110, 86.06604
65779, 107, 116.480225
65780, 119, 25.3183
65781, 116, 3.610942
65782, 107, 6.509203
65783, 115, 116.84586
65784, 107, 16.856083
65785, 107, 132.92065
65786, 115, 52.68717
65787, 117, 8.84276
65788, 109, 28.013536
65789, 107, 11.595994
65790, 109, 78.79503
65791, 113, 23.75029
65792, 109, 145.9545
65793, 108, 22.854486
65794, 100, 7.8492255
65795, 104, 98.313995
65796, 109, 5.9749694
65797, 112, 54.975494
65798, 110, 96.61835
65799, 101, 45.49208
65800, 118, 59.29751
65801, 117, 19.576773
65802, 106, 135.5758
65803, 106, 104.20498
65804, 116, 43.66024
65805, 104, 10.090676
65806, 104, 93.24135
65807, 113, 11.30822
65808, 118, 81.054115
65809, 108, 82.33892
65810, 101, 80.01184
65811, 106, 72.10116
65812, 105, 123.47191
65813, 114, 36.128372
65814, 113, 69.54616
65815, 119, 24.902271
65816, 115, 39.16618
65817, 104, 105.49334
65818, 115, 121.56974
65819, 119, 55.271763
65820, 102, 55.71802
65821, 103, 147.866
65822, 118, 94.98372
65823, 119, 132.11253
65824, 105, 47.280293
65825, 119, 52.910812
65826, 106, 88.13611
65827, 115, 80.144264
65828, 112, 134.77171
65829, 113, 77.67276
65830, 110, 49.854942
65831, 119, 87.929634
65832, 115, 81.696976
65833, 113, 117.98977
65834, 109, 128.35835
65835, 109, 20.586178
65836, 101, 59.964573
65837, 103, 79.96393
65838, 105, 102.66569
65839, 111, 102.56393
65840, 108, 139.18259
65841, 114, 134.38194
65842, 104, 135.04614
65843, 105, 114.4841
65844, 114, 35.11199
65845, 101, 25.916014
65846, 119, 3.7101924
65847, 119, 42.10958
65848, 113, 40.541355
65849, 108, 24.3481
65850, 110, 135.68893
65851, 106, 97.416145
65852, 118, 35.027905
65853, 101, 103.122856
65854, 116, 127.943924
65855, 113, 82.89407
65856, 110, 98.365486
65857, 115, 55.245674
65858, 112, 65.63016
65859, 100, 19.717894
65860, 109, 107.54681
65861, 119, 72.31986
65862, 105, 30.233654
65863, 101, 100.03068
65864, 113, 95.03932
65865, 108, 143.9001
65866, 119, 131.44208
65867, 106, 50.363865
65868, 115, 148.04938
65869, 100, 149.92386
65870, 101, 78.44226
65871, 119, 47.612347
65872, 112, 1.8852353
65873, 104, 106.20131
65874, 101, 38.487198
65875, 111, 120.241005
65876, 103, 48.096897
65877, 109, 83.66793
65878, 105, 14.427871
65879, 103, 84.56836
65880, 103, 97.83623
65881, 110, 128.81572
65882, 113, 131.60316
65883, 105, 38.300674
65884, 101, 4.405251
65885, 102, 22.38468
65886, 114, 6.3104777
65887, 108, 25.234428
65888, 111, 12.746448
65889, 104, 46.196472
65890, 107, 22.682512
65891, 100, 141.86357
65892, 110, 57.830215
65893, 105, 144.92004
65894, 100, 117.69417
65895, 111, 146.5391
65896, 100, 66.588104
65897, 119, 0.88327825
65898, 106, 115.73177
65899, 119, 105.05307
65900, 117, 104.609344
65901, 113, 3.7382035
65902, 105, 48.9837
65903, 100, 53.851166
65904, 112, 106.849365
65905, 119, 73.94174
65906, 110, 66.60392
65907, 117, 147.22342
65908, 115, 64.74661
65909, 113, 108.653946
65910, 118, 53.39739
65911, 101, 55.84909
65912, 119, 53.467422
65913, 118, 137.03746
65914, 102, 88.00271
65915, 103, 68.483025
65916, 116, 67.83953
65917, 118, 86.25105
65918, 103, 147.66815
65919, 110, 135.27335
65920, 102, 96.495575
65921, 109, 74.84809
65922, 117, 140.5186
65923, 116, 6.362477
65924, 111, 4.3281736
65925, 101, 76.03172
65926, 105, 78.59386
65927, 105, 86.7746
65928, 109, 113.67782
65929, 112, 55.92699
65930, 107, 42.740356
65931, 110, 96.713165
65932, 105, 18.194326
65933, 118, 7.352561
65934, 119, 149.5575
65935, 117, 118.175224
65936, 119, 138.32143
65937, 101, 126.58658
65938, 117, 6.042731
65939, 109, 149.89615
65940, 117, 143.95872
65941, 102, 127.683975
65942, 108, 35.498055
65943, 116, 39.735218
65944, 102, 26.402405
65945, 111, 62.35603
65946, 117, 110.953705
65947, 118, 36.56599
65948, 104, 95.21173
65949, 106, 5.0853252
65950, 104, 93.73434
65951, 119, 129.06618
65952, 116, 133.13828
65953, 116, 1.8976718
65954, 104, 120.30087
65955, 109, 59.128616
65956, 118, 22.39498
65957, 103, 30.215424
65958, 103, 113.282715
65959, 105, 57.167656
65960, 100, 107.89782
65961, 117, 13.143763
65962, 116, 114.30446
65963, 101, 48.520462
65964, 101, 44.355644
65965, 111, 77.77245
65966, 110, 67.62953
65967, 115, 126.52839
65968, 100, 95.20632
65969, 118, 110.49622
65970, 113, 129.05177
65971, 110, 52.588238
65972, 103, 101.960686
65973, 100, 124.16108
65974, 100, 137.06108
65975, 113, 58.55325
65976, 101, 39.187424
65977, 101, 125.776405
65978, 112, 79.357635
65979, 106, 2.4852366
65980, 111, 50.765347
65981, 105, 33.234642
65982, 110, 42.325043
65983, 108, 77.13723
65984, 104, 74.51361
65985, 102, 15.282816
65986, 103, 89.89095
65987, 108, 94.638596
65988, 107, 27.415224
65989, 113, 33.80675
65990, 102, 74.484276
65991, 113, 60.59306
65992, 118, 38.186134
65993, 112, 113.26421
65994, 115, 100.82558
65995, 112, 38.005383
65996, 112, 57.760906
65997, 119, 75.65876
65998, 105, 137.08652
65999, 118, 62.486298
66000, 114, 38.742516
66001, 104, 69.64942
66002, 110, 60.4499
66003, 116, 83.707306
66004, 102, 94.23129
66005, 107, 20.936438
66006, 102, 89.86124
66007, 107, 42.351517
66008, 116, 120.278564
66009, 116, 42.586784
66010, 115, 97.01521
66011, 104, 60.825115
66012, 114, 82.25866
66013, 104, 27.789106
66014, 114, 15.974628
66015, 106, 35.494843
66016, 112, 67.15137
66017, 114, 77.45011
66018, 112, 21.33885
66019, 118, 76.11632
66020, 111, 99.311874
66021, 116, 69.81411
66022, 105, 51.22498
66023, 103, 28.22848
66024, 109, 91.89706
66025, 113, 89.2492
66026, 106, 65.77984
66027, 112, 119.85011
66028, 101, 91.884415
