7431, 118, 52.555187
7432, 116, 41.3818
7433, 117, 7.881027
7434, 112, 40.795567
7435, 109, 123.28337
7436, 114, 122.96827
7437, 110, 32.5121
7438, 102, 63.951042
7439, 119, 78.20374
7440, 108, 10.375813
7441, 108, 34.444508
7442, 117, 79.615
7443, 101, 68.55505
7444, 112, 13.725302
7445, 115, 41.16177
7446, 119, 124.77118
7447, 111, 131.98322
7448, 104, 82.3985
7449, 103, 5.4843845
7450, 113, 41.469963
7451, 101, 103.680046
7452, 113, 92.64953
7453, 104, 86.77591
7454, 101, 147.00461
7455, 110, 52.9066
7456, 118, 90.712234
7457, 115, 79.82002
7458, 112, 105.09236
7459, 110, 12.617773
7460, 115, 65.969734
7461, 102, 137.66803
7462, 110, 148.22581
7463, 102, 20.865297
7464, 107, 24.92102
7465, 102, 84.21334
7466, 111, 78.93832
7467, 106, 141.72583
7468, 102, 65.066826
7469, 111, 115.18019
7470, 107, 54.599754
7471, 107, 57.725956
7472, 109, 120.92722
7473, 118, 67.80678
7474, 116, 102.1514
7475, 110, 93.41826
7476, 113, 144.75688
7477, 112, 21.180573
7478, 101, 43.90492
7479, 113, 50.119213
7480, 114, 119.901474
7481, 108, 117.02035
7482, 101, 142.6342
7483, 106, 75.80269
7484, 108, 19.91897
7485, 110, 21.111694
7486, 102, 29.930502
7487, 101, 94.49833
7488, 108, 132.94191
7489, 112, 19.976967
7490, 109, 51.61222
7491, 102, 87.76496
7492, 117, 53.694176
7493, 113, 17.699612
7494, 102, 87.80573
7495, 100, 38.303097
7496, 100, 57.499237
7497, 115, 138.70535
7498, 100, 118.84317
7499, 110, 95.01266
7500, 110, 142.3798
7501, 104, 40.371315
7502, 104, 125.25828
7503, 116, 129.91852
7504, 109, 61.304096
7505, 107, 92.41879
7506, 115, 74.832466
7507, 112, 37.416805
7508, 106, 27.70654
7509, 119, 114.57499
7510, 100, 50.72937
7511, 118, 21.908659
7512, 106, 14.971805
7513, 110, 81.07359
7514, 111, 43.514774
7515, 109, 96.124825
7516, 104, 56.142845
7517, 103, 44.98313
7518, 109, 88.8901
7519, 105, 82.01777
7520, 116, 149.88524
7521, 109, 61.21375
7522, 100, 136.38591
7523, 105, 65.79306
7524, 110, 85.49827
7525, 100, 149.18999
7526, 117, 148.60199
7527, 111, 56.553913
7528, 118, 147.78699
7529, 107, 136.44357
7530, 100, 16.036346
7531, 104, 73.11759
7532, 105, 0.52217245
7533, 107, 85.62945
7534, 107, 27.42245
7535, 110, 92.589355
7536, 119, 27.767319
7537, 100, 10.055244
7538, 110, 77.60261
7539, 101, 111.136375
7540, 106, 119.03248
7541, 109, 57.447956
7542, 112, 121.94384
7543, 113, 78.05037
7544, 100, 28.83996
7545, 113, 111.82812
7546, 107, 142.93129
7547, 117, 62.3572
7548, 106, 54.548637
7549, 108, 23.394272
7550, 110, 36.6089
7551, 114, 78.75613
7552, 117, 138.14441
7553, 115, 46.327328
7554, 111, 94.33517
7555, 111, 63.348385
7556, 103, 130.38123
7557, 100, 60.90748
7558, 108, 79.2291
7559, 119, 87.27429
7560, 103, 83.35089
7561, 111, 131.90166
7562, 105, 103.27737
7563, 115, 70.79137
7564, 109, 125.326904
7565, 119, 123.76692
7566, 109, 26.000341
7567, 104, 100.82384
7568, 113, 19.654057
7569, 102, 19.217115
7570, 111, 124.5591
7571, 100, 93.58905
7572, 107, 111.50224
7573, 109, 101.8803
7574, 117, 45.431248
7575, 103, 93.69106
7576, 103, 120.868484
7577, 113, 114.887726
7578, 111, 135.245
7579, 100, 101.452965
7580, 108, 114.058395
7581, 106, 148.9952
7582, 106, 12.87252
7583, 117, 114.18085
7584, 102, 45.475746
7585, 113, 84.31873
7586, 119, 48.22458
7587, 118, 8.608228
7588, 114, 118.14189
7589, 103, 14.72986
7590, 103, 104.006874
7591, 119, 59.718204
7592, 104, 74.6771
7593, 117, 56.99798
7594, 118, 145.49197
7595, 107, 141.88306
7596, 115, 27.073843
7597, 116, 19.130981
7598, 108, 93.01514
7599, 107, 145.8111
7600, 118, 127.73236
7601, 118, 119.34981
7602, 109, 13.94223
7603, 107, 130.80508
7604, 111, 7.65987
7605, 104, 70.29747
7606, 108, 121.51098
7607, 110, 6.2882514
7608, 113, 136.29265
7609, 119, 0.15333295
7610, 107, 120.18571
7611, 115, 66.22555
7612, 110, 70.47697
7613, 117, 25.456175
7614, 113, 58.283867
7615, 116, 8.309036
7616, 118, 37.519707
7617, 117, 24.812445
7618, 109, 52.39638
7619, 100, 42.295155
7620, 102, 51.929794
7621, 102, 73.442024
7622, 118, 90.19436
7623, 101, 105.60901
7624, 112, 127.43594
7625, 109, 26.99824
7626, 114, 43.98651
7627, 119, 90.95593
7628, 105, 73.62668
7629, 104, 24.260912
7630, 119, 83.554756
7631, 105, 6.603375
7632, 117, 31.918753
7633, 109, 92.91146
7634, 118, 117.30383
7635, 104, 45.87536
7636, 103, 1.7323941
7637, 114, 59.733208
7638, 117, 82.86993
7639, 116, 81.33648
7640, 116, 20.578167
7641, 117, 130.39001
7642, 100, 87.61296
7643, 118, 90.34519
7644, 106, 46.804558
7645, 102, 126.04232
7646, 115, 42.818695
7647, 114, 102.920364
7648, 118, 123.96459
7649, 110, 40.117325
7650, 111, 112.44892
7651, 102, 61.88094
7652, 105, 30.844616
7653, 111, 17.699057
7654, 115, 28.987446
7655, 104, 138.16344
7656, 113, 111.81533
7657, 102, 85.16858
7658, 105, 109.60099
7659, 100, 141.24251
7660, 118, 144.15005
7661, 117, 62.43579
7662, 101, 9.786057
7663, 116, 79.371155
7664, 115, 60.625248
7665, 110, 7.5208607
7666, 107, 100.16222
7667, 108, 129.59048
7668, 119, 85.051186
7669, 107, 124.56834
7670, 104, 148.74126
7671, 109, 64.44682
7672, 118, 95.989395
7673, 102, 134.33176
7674, 105, 10.00776
7675, 106, 51.569527
7676, 114, 99.6669
7677, 116, 87.9213
7678, 107, 5.3517046
7679, 113, 24.375763
7680, 112, 138.72124
7681, 111, 22.289595
7682, 110, 35.851078
7683, 119, 32.239143
7684, 100, 145.27458
7685, 107, 54.19397
7686, 108, 63.696716
7687, 111, 134.74866
7688, 103, 141.78636
7689, 114, 52.163826
7690, 119, 101.30835
7691, 117, 117.68434
7692, 110, 76.19371
7693, 104, 47.603397
7694, 109, 38.22071
7695, 117, 137.82703
7696, 103, 123.87107
7697, 116, 73.852715
7698, 103, 67.20257
7699, 108, 132.91614
7700, 103, 61.720257
7701, 104, 134.63632
7702, 104, 146.29245
7703, 117, 130.27008
7704, 119, 110.97418
7705, 100, 79.11754
7706, 115, 116.429054
7707, 101, 131.47174
7708, 108, 12.098559
7709, 113, 0.93508065
7710, 108, 16.238415
7711, 110, 134.68532
7712, 101, 3.5808654
7713, 113, 28.767336
7714, 109, 72.51082
7715, 113, 37.092884
7716, 114, 38.81985
7717, 112, 131.69931
7718, 111, 34.173756
7719, 103, 40.192814
7720, 111, 106.04923
7721, 112, 147.8104
7722, 113, 7.7297506
7723, 110, 110.78826
7724, 107, 54.613953
7725, 118, 96.37206
7726, 105, 114.74787
7727, 113, 73.79414
7728, 118, 148.95709
7729, 107, 143.18594
7730, 117, 47.363323
7731, 109, 105.163086
7732, 110, 77.95378
7733, 108, 107.7071
7734, 111, 121.14717
7735, 115, 21.065945
7736, 111, 102.01104
7737, 103, 74.83855
7738, 106, 96.20148
7739, 114, 7.2811694
7740, 115, 16.655901
7741, 104, 3.647098
7742, 106, 123.46501
7743, 107, 135.7568
7744, 109, 29.247057
7745, 101, 95.26296
7746, 108, 105.308754
7747, 101, 84.69251
7748, 100, 30.606705
7749, 101, 119.10148
7750, 111, 54.742794
7751, 101, 144.86537
7752, 117, 143.51265
7753, 100, 76.19542
7754, 108, 126.34923
7755, 113, 47.355724
7756, 118, 36.113174
7757, 106, 27.985632
7758, 103, 77.5799
7759, 117, 49.60979
7760, 113, 44.3264
7761, 112, 82.47138
7762, 101, 102.9322
7763, 116, 132.37949
7764, 113, 86.573006
7765, 117, 27.22215
7766, 101, 67.295456
7767, 116, 87.40702
7768, 113, 70.49068
7769, 105, 78.73385
7770, 113, 108.62102
7771, 117, 111.617615
7772, 112, 1.7911434
7773, 101, 86.18138
7774, 114, 35.203224
7775, 107, 104.0864
7776, 113, 91.504524
7777, 107, 146.59738
7778, 106, 45.975994
7779, 106, 12.897259
7780, 115, 10.119957
7781, 115, 14.15889
7782, 116, 9.12998
7783, 115, 131.34688
7784, 115, 106.27921
7785, 112, 35.39442
7786, 117, 43.20633
7787, 102, 57.753582
7788, 110, 57.34115
7789, 110, 90.32784
7790, 108, 103.95312
7791, 110, 134.88617
7792, 107, 129.37611
7793, 104, 106.06103
7794, 114, 5.0865054
7795, 102, 129.42296
7796, 101, 35.866596
7797, 115, 130.68869
7798, 109, 93.264656
7799, 107, 65.12357
7800, 113, 37.060432
7801, 103, 72.37162
7802, 104, 17.692842
7803, 111, 55.37528
7804, 116, 125.24534
7805, 109, 88.19666
7806, 102, 139.82019
7807, 116, 115.37181
7808, 118, 15.384168
7809, 103, 24.64959
7810, 104, 116.30052
7811, 105, 116.54372
7812, 109, 35.004177
7813, 113, 140.54321
7814, 116, 18.595737
7815, 115, 80.091515
7816, 107, 147.43701
7817, 100, 56.768696
7818, 102, 98.423294
7819, 108, 137.61298
7820, 118, 129.76588
7821, 111, 146.71664
7822, 117, 1.4273196
7823, 107, 58.30263
7824, 116, 91.46208
7825, 117, 82.09693
7826, 113, 19.423967
7827, 116, 89.441956
7828, 115, 14.395658
7829, 102, 79.40693
7830, 103, 101.642075
7831, 107, 110.52715
7832, 106, 2.0036817
7833, 100, 61.495148
7834, 115, 63.560432
7835, 100, 35.24958
7836, 114, 96.712616
7837, 114, 54.358856
7838, 112, 23.06901
7839, 103, 74.13874
7840, 116, 106.249855
7841, 102, 147.08719
7842, 112, 51.58801
7843, 103, 78.85418
7844, 103, 120.1926
7845, 113, 84.846794
7846, 109, 52.126236
7847, 104, 52.97826
7848, 107, 111.7685
7849, 119, 65.4355
7850, 115, 35.499813
7851, 108, 94.97567
7852, 100, 113.79665
7853, 117, 33.618603
7854, 106, 81.520584
7855, 116, 92.585655
7856, 110, 32.98301
7857, 108, 68.6928
7858, 110, 136.93575
7859, 110, 0.61442256
7860, 114, 26.640764
7861, 103, 126.12193
7862, 107, 96.12346
7863, 113, 101.66725
7864, 111, 22.031084
7865, 100, 19.954132
7866, 110, 49.303955
7867, 119, 56.63817
7868, 116, 71.5331
7869, 103, 92.68065
7870, 100, 73.07103
7871, 105, 55.816223
7872, 106, 105.52566
7873, 112, 110.35824
7874, 114, 133.71613
7875, 111, 103.855125
7876, 112, 2.73588
7877, 110, 21.401695
7878, 103, 17.378239
7879, 119, 101.47106
7880, 101, 9.559143
7881, 116, 26.876387
7882, 117, 138.11246
7883, 117, 43.00787
7884, 115, 133.65103
7885, 106, 148.26683
7886, 100, 59.17029
7887, 106, 30.678213
7888, 113, 80.56741
7889, 108, 71.44625
7890, 104, 148.40945
7891, 117, 18.25161
7892, 119, 136.76796
7893, 111, 65.702774
7894, 101, 90.985214
7895, 105, 125.985664
7896, 109, 22.938038
7897, 105, 109.20218
7898, 100, 56.575165
7899, 108, 121.90173
7900, 100, 46.50497
7901, 108, 37.258263
7902, 113, 125.94273
7903, 107, 136.73195
7904, 103, 18.150991
7905, 119, 38.794167
7906, 117, 24.557743
7907, 111, 147.06554
7908, 106, 63.568344
7909, 109, 64.03199
7910, 110, 35.98643
7911, 114, 41.75824
7912, 104, 61.601078
7913, 107, 9.739799
7914, 110, 43.703995
7915, 113, 39.39952
7916, 100, 38.432068
7917, 103, 128.31647
7918, 107, 34.578823
7919, 104, 118.92705
7920, 101, 0.45747757
7921, 110, 132.24638
7922, 113, 110.71266
7923, 105, 132.24321
7924, 117, 99.598595
7925, 108, 84.10743
7926, 109, 105.860085
7927, 111, 45.17361
7928, 101, 5.5977526
7929, 106, 125.08087
7930, 109, 54.604473
7931, 111, 144.44565
7932, 118, 145.17563
7933, 108, 42.18346
7934, 117, 38.87187
7935, 104, 142.97908
7936, 109, 9.81862
7937, 119, 111.03252
7938, 110, 34.242413
7939, 118, 115.53504
7940, 117, 83.36495
7941, 106, 17.172735
7942, 106, 10.053224
7943, 112, 70.67829
7944, 115, 148.49939
7945, 108, 138.83589
7946, 116, 67.823
7947, 114, 36.506805
7948, 104, 18.970406
7949, 119, 50.291435
7950, 110, 88.95261
7951, 108, 24.583849
7952, 113, 67.232834
7953, 104, 124.07918
7954, 110, 145.74876
7955, 118, 93.1834
7956, 106, 49.76028
7957, 115, 15.168473
7958, 113, 85.77125
7959, 110, 121.89537
7960, 106, 102.28126
7961, 108, 29.33862
7962, 108, 139.3036
7963, 107, 123.79666
7964, 113, 48.092537
7965, 101, 116.718605
7966, 109, 0.11231303
7967, 117, 28.951649
7968, 106, 119.74155
7969, 112, 9.461752
7970, 113, 18.64198
7971, 100, 65.69
7972, 107, 72.714874
7973, 111, 96.32665
7974, 103, 66.59963
7975, 105, 90.51591
7976, 116, 19.244661
7977, 106, 80.384605
7978, 111, 104.685875
7979, 108, 114.269196
7980, 113, 4.005852
7981, 106, 84.071
7982, 100, 127.75109
7983, 110, 38.946552
7984, 117, 134.55556
7985, 119, 141.6283
7986, 116, 57.85838
7987, 101, 101.424194
7988, 108, 27.88049
7989, 106, 107.83967
7990, 102, 19.806852
7991, 114, 144.50284
7992, 103, 89.4639
7993, 108, 8.33357
7994, 103, 115.677826
7995, 109, 47.225735
7996, 112, 31.339449
7997, 111, 64.99625
7998, 117, 83.67632
7999, 105, 25.566683
8000, 102, 48.775856
8001, 115, 114.78192
8002, 112, 68.674965
8003, 114, 9.772119
8004, 119, 77.50615
8005, 108, 103.63841
8006, 104, 89.077896
8007, 108, 16.648855
8008, 100, 86.97473
8009, 113, 74.498955
8010, 112, 95.67197
8011, 100, 16.157198
8012, 108, 74.19792
8013, 106, 104.230865
8014, 112, 72.05162
8015, 103, 8.370522
8016, 105, 93.29583
8017, 118, 87.14765
8018, 115, 102.26145
8019, 119, 40.16753
8020, 102, 46.249207
8021, 105, 116.39283
8022, 108, 140.6793
8023, 112, 101.42077
8024, 117, 91.97147
8025, 109, 68.79055
8026, 116, 21.900702
8027, 118, 122.59312
8028, 112, 65.62184
8029, 117, 29.71293
8030, 106, 24.302547
8031, 110, 2.7992427
8032, 117, 132.1952
8033, 100, 142.60579
8034, 111, 11.898226
8035, 103, 76.94015
8036, 112, 15.92052
8037, 101, 34.931526
8038, 115, 91.47225
8039, 106, 120.07631
8040, 109, 26.494047
8041, 109, 7.537678
8042, 111, 104.78248
8043, 113, 139.00368
8044, 111, 52.79706
8045, 119, 14.037493
8046, 110, 88.75428
8047, 100, 30.14878
8048, 106, 23.585308
8049, 116, 136.17583
8050, 109, 127.967064
8051, 103, 50.510986
8052, 111, 88.88336
8053, 103, 112.487
8054, 117, 124.23807
8055, 109, 129.48903
8056, 119, 99.58493
8057, 105, 70.200745
8058, 110, 120.60149
8059, 111, 82.618645
8060, 105, 120.73898
8061, 113, 62.728268
8062, 116, 115.21556
8063, 109, 115.112465
8064, 107, 102.58517
8065, 101, 140.48055
8066, 118, 21.77851
8067, 109, 145.4581
8068, 103, 74.47437
8069, 108, 143.3299
8070, 117, 61.726418
8071, 118, 140.24425
8072, 113, 41.491013
8073, 100, 91.60125
8074, 103, 52.508755
8075, 106, 33.625988
8076, 100, 143.94032
8077, 105, 113.125206
8078, 111, 90.94247
8079, 107, 81.72316
8080, 104, 140.04332
8081, 115, 94.92573
8082, 108, 139.8523
8083, 110, 56.04126
8084, 100, 96.73096
8085, 101, 34.743584
8086, 112, 51.116924
8087, 101, 140.23326
8088, 108, 125.21521
8089, 104, 118.7547
8090, 110, 103.69881
8091, 101, 112.74726
8092, 102, 82.56442
8093, 118, 126.03744
8094, 104, 97.085014
8095, 100, 73.698654
8096, 102, 48.46716
8097, 114, 84.58605
8098, 109, 121.10648
8099, 117, 74.84114
8100, 101, 44.965393
8101, 119, 135.6096
8102, 104, 146.69254
8103, 117, 113.905106
8104, 109, 91.6123
8105, 111, 21.91185
8106, 100, 119.71316
8107, 113, 63.658924
8108, 113, 128.00444
8109, 114, 84.98659
8110, 101, 120.989
8111, 100, 27.517336
8112, 104, 141.38014
8113, 112, 149.82031
8114, 100, 67.141
8115, 115, 108.29803
8116, 102, 106.79027
8117, 103, 89.71451
8118, 118, 138.17157
8119, 118, 72.98518
8120, 110, 125.58197
8121, 112, 124.68662
8122, 101, 94.10286
8123, 108, 29.140001
8124, 118, 18.039652
8125, 109, 9.880051
8126, 110, 43.357006
8127, 115, 48.36993
8128, 103, 47.34353
8129, 115, 113.045296
8130, 103, 117.19152
8131, 101, 83.707275
8132, 101, 25.20683
8133, 117, 0.81383586
8134, 119, 82.8407
8135, 117, 73.173996
8136, 108, 19.902456
8137, 106, 62.663055
8138, 118, 134.44554
8139, 112, 97.48234
8140, 102, 107.688934
8141, 104, 47.483852
8142, 118, 21.192375
8143, 103, 138.53854
8144, 101, 28.23599
8145, 115, 133.99127
8146, 105, 46.99044
8147, 107, 67.00381
8148, 108, 118.70472
8149, 112, 74.1247
8150, 118, 31.36443
8151, 111, 39.511486
8152, 107, 46.545937
8153, 117, 0.9774238
8154, 117, 46.21971
8155, 105, 147.11565
8156, 115, 133.03775
8157, 115, 1.4937311
8158, 102, 135.33421
8159, 111, 23.079739
8160, 115, 10.712358
8161, 116, 47.8609
8162, 105, 121.46857
8163, 114, 104.08397
8164, 109, 17.134407
8165, 101, 121.82451
8166, 116, 34.790127
8167, 107, 15.287125
8168, 102, 75.70003
8169, 115, 42.011227
8170, 119, 147.88023
8171, 101, 86.311646
8172, 103, 39.92731
8173, 115, 138.89604
8174, 102, 68.76787
8175, 117, 61.94945
8176, 112, 69.66348
8177, 105, 67.20009
8178, 100, 143.92737
8179, 111, 33.149136
8180, 107, 8.633235
8181, 101, 45.8584
8182, 119, 80.74503
8183, 102, 137.32745
8184, 101, 98.739975
8185, 101, 110.74987
8186, 111, 37.71879
8187, 112, 29.33025
8188, 105, 97.50387
8189, 113, 85.578285
8190, 105, 61.806026
8191, 117, 107.89796
8192, 100, 114.69332
8193, 104, 125.761604
8194, 103, 130.40846
8195, 112, 136.29938
8196, 104, 149.5226
8197, 110, 32.432484
8198, 108, 81.91761
8199, 102, 148.57379
8200, 114, 18.776188
8201, 116, 149.52884
8202, 100, 51.51237
8203, 118, 15.365473
8204, 113, 77.29386
8205, 106, 93.83356
8206, 117, 107.885895
8207, 113, 105.362465
8208, 104, 134.76468
8209, 104, 140.6183
8210, 101, 145.7884
8211, 105, 11.293236
8212, 119, 136.27643
8213, 114, 68.45456
8214, 102, 133.39786
8215, 114, 44.38008
8216, 114, 99.4684
8217, 116, 110.976105
8218, 103, 53.786667
8219, 102, 4.6195774
8220, 103, 95.128265
8221, 112, 102.434616
8222, 104, 118.95003
8223, 115, 55.930065
8224, 117, 14.245356
8225, 118, 11.59265
8226, 118, 100.97191
8227, 106, 99.782074
8228, 114, 49.41666
8229, 100, 1.6920447
8230, 101, 144.29825
8231, 107, 6.9883614
8232, 107, 55.942574
8233, 109, 4.7289224
8234, 117, 55.106388
8235, 117, 0.93444586
8236, 112, 26.912552
8237, 109, 22.148895
8238, 115, 145.66484
8239, 112, 105.64216
8240, 109, 12.51837
8241, 104, 70.98422
8242, 117, 134.59897
8243, 105, 144.24863
8244, 118, 122.70862
8245, 113, 40.200314
8246, 116, 54.741024
8247, 114, 60.771515
8248, 104, 87.05766
8249, 105, 92.29502
8250, 105, 82.31111
8251, 105, 108.561005
8252, 105, 63.786587
8253, 105, 128.49406
8254, 119, 30.8305
8255, 119, 88.74021
8256, 115, 74.44971
8257, 101, 82.43511
8258, 107, 4.3536277
8259, 113, 69.578186
8260, 106, 18.392998
8261, 103, 38.13259
8262, 116, 135.2323
8263, 104, 29.559187
8264, 100, 68.91334
8265, 104, 42.109592
8266, 104, 13.541597
8267, 106, 146.60674
8268, 101, 21.529636
8269, 108, 138.36908
8270, 109, 90.44694
8271, 103, 142.39076
8272, 101, 69.93072
8273, 106, 142.48375
8274, 117, 144.63016
8275, 101, 78.6669
8276, 110, 107.94198
8277, 100, 114.99484
8278, 118, 141.42651
8279, 116, 98.472435
8280, 105, 69.91076
8281, 115, 108.75681
8282, 103, 66.38362
8283, 100, 101.85427
8284, 102, 12.392306
8285, 112, 39.325897
8286, 119, 91.12068
8287, 117, 94.07269
8288, 106, 87.75318
8289, 100, 71.74586
8290, 108, 141.1691
8291, 111, 87.64204
8292, 102, 120.490265
8293, 116, 80.53609
8294, 109, 68.35903
8295, 116, 37.664734
8296, 111, 59.874516
8297, 102, 21.06505
8298, 100, 109.60955
8299, 116, 32.25721
8300, 112, 27.83608
8301, 113, 119.7493
8302, 101, 16.307518
8303, 104, 119.05639
8304, 114, 118.33142
8305, 102, 21.949562
8306, 100, 15.706998
8307, 113, 90.84868
8308, 104, 142.3071
8309, 106, 18.906338
8310, 114, 64.640045
8311, 117, 149.2637
8312, 115, 121.02766
8313, 100, 99.06527
8314, 101, 0.027349591
8315, 115, 93.15146
8316, 105, 97.240875
8317, 110, 67.4131
8318, 109, 80.41249
8319, 106, 123.152725
8320, 113, 82.62842
8321, 113, 0.4611343
8322, 102, 119.14037
8323, 119, 78.31248
8324, 107, 96.477646
8325, 113, 140.11977
8326, 110, 28.825191
8327, 113, 5.434826
8328, 112, 55.27618
8329, 112, 32.845776
8330, 102, 98.46502
8331, 110, 77.65736
8332, 118, 12.820244
8333, 111, 142.79222
8334, 109, 86.89551
8335, 112, 27.24664
8336, 113, 87.80973
8337, 104, 20.747843
8338, 116, 48.035995
8339, 102, 137.17278
8340, 105, 92.88166
8341, 100, 92.57747
8342, 117, 16.617107
8343, 119, 97.47405
8344, 109, 135.21669
8345, 108, 74.25477
8346, 101, 141.27948
8347, 102, 103.97113
8348, 113, 95.29175
8349, 109, 110.227135
8350, 113, 146.0016
8351, 114, 115.64859
8352, 109, 24.33941
8353, 118, 146.22614
8354, 108, 123.93883
8355, 104, 50.751686
8356, 111, 146.50179
8357, 116, 149.07213
8358, 111, 7.5109186
8359, 109, 137.00288
8360, 113, 137.55568
8361, 107, 21.265465
8362, 113, 54.12241
8363, 104, 1.6142428
8364, 110, 135.9764
8365, 105, 112.688965
8366, 111, 19.239431
8367, 104, 26.484203
8368, 111, 84.167656
8369, 115, 32.295235
8370, 110, 31.605568
8371, 112, 119.66846
8372, 110, 72.67549
8373, 106, 46.230545
8374, 103, 144.1717
8375, 102, 80.907715
8376, 114, 123.5103
8377, 113, 120.31393
8378, 113, 84.499855
8379, 114, 86.22351
8380, 100, 1.3008982
8381, 119, 28.674826
8382, 102, 86.67833
8383, 104, 108.92604
8384, 116, 28.823063
8385, 117, 91.75946
8386, 118, 104.45037
8387, 112, 32.795055
8388, 115, 85.29791
8389, 113, 33.144844
8390, 104, 129.55934
8391, 108, 122.502625
8392, 107, 85.94253
8393, 115, 93.638336
8394, 116, 120.59352
8395, 103, 9.305888
8396, 114, 27.691126
8397, 100, 86.27502
8398, 119, 133.87762
8399, 106, 148.63426
8400, 118, 110.78919
8401, 110, 7.3243084
8402, 119, 88.56313
8403, 100, 145.2529
8404, 116, 110.75918
8405, 101, 89.87342
8406, 100, 43.284496
8407, 112, 82.32886
8408, 114, 124.16763
8409, 119, 75.896164
8410, 116, 99.008835
8411, 119, 134.07405
8412, 100, 70.230515
8413, 117, 59.880737
8414, 103, 126.31422
8415, 103, 143.9533
8416, 105, 34.51666
8417, 117, 75.85718
8418, 110, 138.07262
8419, 111, 44.75374
8420, 118, 29.577944
8421, 102, 36.904655
8422, 117, 125.40902
8423, 118, 130.5255
8424, 108, 69.0348
8425, 106, 76.52155
8426, 113, 73.12556
8427, 107, 133.77785
8428, 118, 118.01243
8429, 108, 104.965065
8430, 103, 43.88804
8431, 115, 129.94975
8432, 108, 101.63746
8433, 102, 107.945366
8434, 112, 6.89528
8435, 100, 50.18535
8436, 113, 112.905235
8437, 119, 40.735645
8438, 118, 140.82378
8439, 113, 149.06721
8440, 110, 141.77425
8441, 111, 19.057524
8442, 112, 55.42017
8443, 118, 14.513147
8444, 117, 1.5005887
8445, 109, 126.77539
8446, 116, 82.81247
8447, 110, 116.645004
8448, 116, 137.59213
8449, 109, 89.345085
8450, 103, 79.84888
8451, 101, 102.25804
8452, 102, 77.63853
8453, 104, 3.4351678
8454, 107, 56.774147
8455, 116, 116.17344
8456, 108, 60.634026
8457, 104, 36.502575
8458, 116, 77.05273
8459, 117, 95.93817
8460, 116, 63.252487
8461, 110, 139.64229
8462, 107, 112.316956
8463, 118, 126.65099
8464, 116, 37.221676
8465, 109, 116.66034
8466, 105, 149.60016
8467, 111, 97.26242
8468, 112, 104.92973
8469, 100, 68.984055
8470, 103, 48.377403
8471, 103, 142.42462
8472, 107, 126.31734
8473, 117, 124.259895
8474, 117, 97.50121
8475, 114, 37.618427
8476, 110, 62.031303
8477, 104, 15.98188
8478, 117, 19.20466
8479, 109, 141.02496
8480, 103, 59.04908
8481, 106, 6.21517
8482, 115, 44.60518
8483, 101, 31.34408
8484, 113, 21.532621
8485, 112, 41.097595
8486, 112, 80.67998
8487, 108, 94.960365
8488, 100, 26.906929
8489, 100, 64.16419
8490, 104, 111.80707
8491, 106, 81.263916
8492, 101, 63.236233
8493, 113, 87.67662
8494, 116, 59.743183
8495, 119, 53.3442
8496, 100, 148.90585
8497, 114, 56.066734
8498, 116, 144.5794
8499, 115, 69.912636
8500, 108, 75.88135
8501, 114, 39.985817
8502, 113, 113.875786
8503, 108, 50.464638
8504, 116, 4.7734113
8505, 100, 71.25594
8506, 105, 54.790806
8507, 107, 47.072132
8508, 101, 30.53949
8509, 101, 89.098015
8510, 114, 38.746708
8511, 103, 5.625656
8512, 118, 102.79287
8513, 117, 52.846527
8514, 115, 115.230644
8515, 119, 95.71419
8516, 119, 114.44275
8517, 102, 61.03001
8518, 102, 126.545685
8519, 117, 25.135794
8520, 105, 147.9501
8521, 102, 141.24788
8522, 118, 10.742962
8523, 102, 38.084972
8524, 118, 26.54493
8525, 110, 88.195175
8526, 108, 149.06157
8527, 109, 98.075775
8528, 107, 128.59254
8529, 105, 16.596123
8530, 104, 28.21481
8531, 112, 145.94019
8532, 116, 17.045017
8533, 114, 74.48497
8534, 101, 4.792884
8535, 115, 148.49756
8536, 103, 108.98138
8537, 107, 37.74967
8538, 112, 13.415408
8539, 117, 94.252686
8540, 108, 71.5724
8541, 115, 67.76092
8542, 119, 133.97287
8543, 103, 16.650877
8544, 103, 10.8869705
8545, 103, 65.25603
8546, 111, 79.21629
8547, 104, 8.370459
8548, 105, 104.819176
8549, 104, 44.70892
8550, 103, 81.86615
8551, 114, 137.80022
8552, 106, 123.68449
8553, 116, 88.54534
8554, 104, 95.24434
8555, 118, 34.378822
8556, 103, 4.357302
8557, 108, 107.468605
8558, 116, 148.73392
8559, 102, 17.53851
8560, 115, 55.4352
8561, 107, 97.595634
8562, 114, 85.55952
8563, 104, 38.498516
8564, 103, 86.811646
8565, 105, 139.49725
8566, 108, 39.75714
8567, 103, 48.88421
8568, 105, 130.87114
8569, 101, 126.26664
8570, 116, 2.2065372
8571, 104, 133.2761
8572, 108, 10.8872385
8573, 110, 120.320465
8574, 108, 127.46934
8575, 112, 90.13138
8576, 117, 112.494125
8577, 102, 73.994545
8578, 112, 120.02983
8579, 109, 113.73254
8580, 106, 60.079338
8581, 104, 116.34239
8582, 105, 29.24536
8583, 106, 89.53378
8584, 101, 105.53284
8585, 103, 54.768555
8586, 116, 118.14705
8587, 113, 1.4260769
8588, 117, 32.069126
8589, 115, 2.3870409
8590, 116, 116.42168
8591, 102, 148.32089
8592, 110, 100.07308
8593, 104, 22.754564
8594, 112, 34.25654
8595, 116, 91.231186
8596, 109, 148.03128
8597, 105, 122.23617
8598, 117, 77.350655
8599, 107, 88.41638
8600, 102, 148.36742
8601, 114, 44.64815
8602, 109, 140.19649
8603, 109, 27.346989
8604, 104, 23.902988
8605, 117, 69.16752
8606, 112, 120.123375
8607, 102, 39.29955
8608, 110, 4.938617
8609, 107, 95.475914
8610, 117, 102.88819
8611, 113, 90.425026
8612, 115, 139.06364
8613, 106, 97.867935
8614, 106, 135.51733
8615, 112, 57.809124
8616, 110, 77.810684
8617, 101, 20.346128
8618, 106, 1.041618
8619, 110, 138.7124
8620, 116, 90.11276
8621, 112, 59.394917
8622, 114, 142.46913
8623, 100, 119.35934
8624, 117, 20.476297
8625, 119, 65.32929
8626, 100, 86.468475
8627, 100, 131.89935
8628, 117, 39.278
8629, 114, 9.911076
8630, 114, 11.207334
8631, 111, 38.942448
8632, 118, 135.893
8633, 109, 88.402466
8634, 104, 75.50049
8635, 114, 82.13822
8636, 106, 43.083332
8637, 110, 18.91846
8638, 107, 133.73729
8639, 108, 77.90428
8640, 108, 142.79681
8641, 105, 57.717724
8642, 117, 18.656973
8643, 118, 11.248657
8644, 117, 19.29439
8645, 105, 24.340439
8646, 111, 79.53005
8647, 100, 114.91405
8648, 115, 115.76989
8649, 102, 66.671196
8650, 111, 117.4069
8651, 111, 48.23833
8652, 113, 65.988335
8653, 109, 69.96048
8654, 108, 87.30873
8655, 101, 149.02446
8656, 110, 96.94268
8657, 106, 138.39789
8658, 118, 27.211117
8659, 117, 88.661194
8660, 108, 90.873184
8661, 116, 77.00797
8662, 115, 148.55902
8663, 118, 49.51651
8664, 116, 140.65549
8665, 111, 88.60605
8666, 104, 129.4502
8667, 114, 130.31885
8668, 111, 111.0144
8669, 100, 19.617426
8670, 108, 76.82616
8671, 105, 22.388891
8672, 102, 62.20482
8673, 110, 123.26362
8674, 115, 61.826992
8675, 103, 94.20485
8676, 113, 104.14784
8677, 116, 127.594696
8678, 111, 69.32945
8679, 104, 17.145655
8680, 119, 84.855995
8681, 114, 114.2074
8682, 117, 75.34584
8683, 104, 53.803207
8684, 110, 9.134424
8685, 110, 45.237072
8686, 113, 53.446995
8687, 116, 59.230526
8688, 115, 7.8020096
8689, 106, 9.683212
8690, 114, 29.101637
8691, 115, 84.81511
8692, 116, 147.32635
8693, 107, 34.350212
8694, 112, 87.536934
8695, 101, 115.16609
8696, 113, 63.53022
8697, 109, 28.14524
8698, 105, 66.59648
8699, 107, 55.864613
8700, 102, 67.203316
8701, 118, 51.907173
8702, 114, 104.51842
8703, 103, 107.72365
8704, 105, 119.8523
8705, 103, 139.7016
8706, 111, 26.133595
8707, 110, 23.05391
8708, 117, 54.22571
8709, 100, 44.228615
8710, 119, 86.270905
8711, 119, 124.762955
8712, 107, 61.539547
8713, 104, 69.442375
8714, 102, 25.963667
8715, 115, 120.818054
8716, 106, 1.1419773
8717, 114, 46.681423
8718, 107, 149.16536
8719, 105, 147.7109
8720, 112, 28.862473
8721, 103, 27.988466
8722, 107, 22.177881
8723, 118, 28.873257
8724, 101, 72.504944
8725, 116, 13.168502
8726, 101, 100.15952
8727, 113, 78.406006
8728, 119, 2.0738482
8729, 104, 139.60951
8730, 106, 31.18523
8731, 116, 96.464645
8732, 102, 113.698814
8733, 105, 28.342857
8734, 110, 118.73354
8735, 106, 144.42639
8736, 119, 120.48317
8737, 119, 30.466131
8738, 103, 26.505474
8739, 113, 145.75128
8740, 109, 31.735897
8741, 109, 142.04193
8742, 112, 78.51905
8743, 109, 1.2119383
8744, 104, 2.1922498
8745, 118, 11.707645
8746, 106, 143.51154
8747, 112, 110.59058
8748, 102, 119.04869
8749, 109, 87.64598
8750, 113, 21.765142
8751, 112, 64.29627
8752, 104, 138.65523
8753, 117, 59.941925
8754, 118, 115.81311
8755, 111, 129.67165
8756, 102, 41.63704
8757, 109, 83.63219
8758, 107, 25.09894
8759, 105, 84.54954
8760, 108, 73.92904
8761, 110, 59.976776
8762, 117, 103.09445
8763, 114, 120.04509
8764, 101, 116.592354
8765, 102, 108.49192
8766, 107, 60.687294
8767, 101, 4.9086037
8768, 117, 99.08581
8769, 107, 69.23171
8770, 103, 102.81788
8771, 119, 125.58578
8772, 107, 77.42541
8773, 106, 105.73835
8774, 111, 99.44879
8775, 106, 7.3424487
8776, 113, 97.42002
8777, 100, 85.321075
8778, 100, 109.31256
8779, 114, 31.921078
8780, 108, 35.24868
8781, 114, 47.98213
8782, 110, 81.14751
8783, 100, 54.55169
8784, 111, 141.36813
8785, 112, 23.285965
8786, 104, 101.80428
8787, 109, 47.815437
8788, 113, 21.45177
8789, 105, 119.061165
8790, 104, 11.387292
8791, 105, 103.13095
8792, 109, 69.454796
8793, 114, 116.875496
8794, 107, 103.80195
8795, 107, 107.06329
8796, 106, 117.44643
8797, 105, 148.28072
8798, 107, 83.031006
8799, 112, 111.92347
8800, 100, 87.11518
8801, 115, 96.97798
8802, 100, 114.168915
8803, 116, 4.7316937
8804, 102, 101.30076
8805, 102, 36.458202
8806, 114, 14.308646
8807, 104, 38.95627
8808, 112, 55.82366
8809, 109, 144.34634
8810, 102, 99.036026
8811, 109, 104.105446
8812, 117, 64.752655
8813, 110, 38.14424
8814, 117, 21.760511
8815, 113, 118.09178
8816, 109, 73.08254
8817, 106, 78.40952
8818, 108, 26.039501
8819, 100, 96.410095
8820, 105, 44.30966
8821, 112, 113.70497
8822, 112, 39.06313
8823, 116, 50.308575
8824, 104, 127.67984
8825, 100, 105.644554
8826, 112, 103.39099
8827, 110, 106.621346
8828, 104, 148.92761
8829, 104, 82.55933
8830, 111, 129.35857
8831, 107, 53.77746
8832, 106, 58.0612
8833, 109, 18.667469
8834, 112, 16.459599
8835, 111, 36.526653
8836, 108, 121.37665
8837, 109, 93.498215
8838, 116, 73.95611
8839, 109, 51.564045
8840, 105, 21.61308
8841, 109, 137.39757
8842, 115, 35.11607
8843, 119, 100.353874
8844, 101, 26.395092
8845, 115, 31.27826
8846, 111, 96.08253
8847, 109, 79.82036
8848, 113, 84.97711
8849, 108, 16.98903
8850, 101, 147.94643
8851, 115, 49.56124
8852, 116, 67.79658
8853, 102, 68.977234
8854, 111, 19.217089
8855, 105, 134.73137
8856, 114, 87.582466
8857, 103, 75.706276
8858, 118, 51.05525
8859, 114, 56.30231
8860, 109, 3.0115485
8861, 116, 36.986332
8862, 108, 134.81589
8863, 112, 25.202868
8864, 112, 29.124006
8865, 103, 61.778427
8866, 119, 24.846876
8867, 110, 86.3917
8868, 108, 81.20388
8869, 119, 110.468994
8870, 102, 30.580956
8871, 107, 4.4951944
8872, 116, 29.15115
8873, 118, 31.11881
8874, 104, 16.837612
8875, 111, 116.60173
8876, 117, 126.21839
8877, 105, 115.83816
8878, 107, 107.46768
8879, 115, 39.378853
8880, 115, 132.07687
8881, 115, 4.5133533
8882, 101, 86.37887
8883, 104, 36.013653
8884, 103, 146.36226
8885, 105, 90.518456
8886, 117, 146.78696
8887, 106, 7.1339607
8888, 115, 24.744282
8889, 109, 34.950954
8890, 111, 144.50156
8891, 108, 110.608025
8892, 107, 148.35568
8893, 114, 0.26957095
8894, 119, 52.22388
8895, 108, 108.904594
8896, 103, 20.805841
8897, 108, 64.18519
8898, 112, 130.49562
8899, 119, 74.995895
8900, 109, 45.64651
8901, 109, 5.6690545
8902, 106, 44.868584
8903, 111, 117.95228
8904, 102, 83.35639
8905, 117, 53.054176
8906, 113, 45.680237
8907, 105, 8.909949
8908, 119, 137.28761
8909, 112, 62.295708
8910, 112, 10.562047
8911, 105, 22.434149
8912, 110, 6.556159
8913, 117, 76.646385
8914, 111, 125.97819
8915, 105, 46.518703
8916, 110, 59.76743
8917, 109, 19.264894
8918, 117, 40.504494
8919, 118, 126.15416
8920, 115, 122.82467
8921, 108, 74.17169
8922, 101, 3.8081913
8923, 102, 15.518001
8924, 101, 60.781227
8925, 119, 39.85377
8926, 114, 2.1816015
8927, 104, 142.95157
8928, 106, 81.72627
8929, 117, 146.48068
8930, 109, 86.64778
8931, 112, 53.76767
8932, 118, 41.96102
8933, 108, 100.33841
8934, 113, 100.32521
8935, 101, 60.471485
8936, 110, 24.771612
8937, 112, 118.57524
8938, 100, 148.38321
8939, 118, 93.064606
8940, 104, 84.842575
8941, 104, 48.30772
8942, 111, 149.08664
8943, 111, 31.74135
8944, 114, 53.008354
8945, 117, 112.01219
8946, 118, 90.40633
8947, 106, 98.655136
8948, 115, 128.20966
8949, 103, 39.00006
8950, 107, 56.02558
8951, 114, 25.499805
8952, 113, 68.40709
8953, 102, 112.5794
8954, 105, 48.22652
8955, 106, 57.81617
8956, 109, 0.35373867
8957, 115, 128.45781
8958, 106, 47.363834
8959, 111, 115.84709
8960, 115, 128.30838
8961, 113, 130.74823
8962, 107, 0.79016984
8963, 114, 91.3308
8964, 116, 66.08621
8965, 109, 70.94966
8966, 102, 71.088356
8967, 103, 148.69757
8968, 117, 72.38377
8969, 113, 42.80869
8970, 102, 34.79081
8971, 119, 83.6891
8972, 100, 141.0449
