2251, 117, 143.78412
2252, 107, 131.12566
2253, 105, 41.961292
2254, 110, 78.18838
2255, 118, 4.3819427
2256, 103, 112.171036
2257, 115, 78.49923
2258, 111, 9.437236
2259, 112, 43.035023
2260, 105, 132.0623
2261, 113, 135.09492
2262, 103, 137.87904
2263, 114, 32.631557
2264, 117, 109.116394
2265, 111, 28.016102
2266, 113, 38.037453
2267, 104, 55.92421
2268, 112, 28.722212
2269, 102, 127.69685
2270, 114, 60.79089
2271, 104, 141.98247
2272, 107, 72.50429
2273, 116, 108.05154
2274, 112, 29.482386
2275, 113, 27.292013
2276, 118, 34.4378
2277, 107, 15.484911
2278, 117, 129.06125
2279, 101, 118.17616
2280, 110, 127.72359
2281, 107, 84.590294
2282, 118, 114.6171
2283, 103, 102.66717
2284, 106, 61.348057
2285, 111, 74.162285
2286, 113, 30.422071
2287, 116, 104.18893
2288, 118, 29.264303
2289, 118, 25.305641
2290, 109, 60.171684
2291, 100, 57.390896
2292, 113, 47.666073
2293, 108, 56.037033
2294, 108, 22.571835
2295, 112, 67.71678
2296, 111, 18.900337
2297, 102, 47.981358
2298, 109, 13.226715
2299, 107, 39.551373
2300, 112, 147.68489
2301, 116, 0.90841055
2302, 112, 148.77026
2303, 103, 44.501324
2304, 110, 45.803432
2305, 104, 70.25626
2306, 112, 75.48766
2307, 102, 96.893394
2308, 104, 62.09801
2309, 114, 44.48443
2310, 100, 41.925163
2311, 109, 35.946045
2312, 112, 137.7968
2313, 108, 64.31304
2314, 104, 40.696262
2315, 114, 38.768433
2316, 116, 101.61284
2317, 117, 64.024635
2318, 118, 44.455032
2319, 118, 12.3198595
2320, 101, 10.51645
2321, 114, 149.09729
2322, 117, 44.87772
2323, 112, 48.481598
2324, 116, 139.83131
2325, 102, 126.36533
2326, 117, 83.37459
2327, 107, 106.66426
2328, 113, 50.639328
2329, 105, 78.743866
2330, 102, 26.83965
2331, 113, 35.206352
2332, 101, 18.922127
2333, 110, 40.87395
2334, 101, 109.68336
2335, 114, 137.6905
2336, 108, 96.104996
2337, 112, 147.06416
2338, 108, 139.44804
2339, 102, 62.233784
2340, 116, 18.487
2341, 113, 65.60835
2342, 111, 91.04088
2343, 119, 144.58119
2344, 107, 96.61519
2345, 119, 147.35664
2346, 117, 34.102707
2347, 119, 121.42149
2348, 111, 21.981346
2349, 109, 83.62511
2350, 101, 15.020219
2351, 110, 27.326077
2352, 103, 136.60675
2353, 117, 148.33537
2354, 115, 18.933561
2355, 118, 127.905266
2356, 110, 20.911386
2357, 100, 5.1751795
2358, 106, 128.87141
2359, 105, 117.67998
2360, 105, 31.452772
2361, 113, 90.37301
2362, 104, 67.52073
2363, 112, 9.065187
2364, 114, 149.2223
2365, 116, 108.52489
2366, 113, 124.927086
2367, 116, 129.43115
2368, 110, 14.382264
2369, 114, 125.34505
2370, 112, 34.693237
2371, 108, 138.74023
2372, 119, 124.09156
2373, 117, 89.55575
2374, 105, 117.13457
2375, 109, 148.7948
2376, 106, 21.642387
2377, 102, 57.17387
2378, 119, 49.53941
2379, 104, 146.99661
2380, 113, 15.453368
2381, 107, 38.873997
2382, 102, 82.3084
2383, 109, 23.770962
2384, 113, 45.590775
2385, 103, 111.097694
2386, 114, 125.6605
2387, 112, 59.573765
2388, 111, 81.68722
2389, 116, 91.053185
2390, 103, 20.791384
2391, 112, 0.6364882
2392, 112, 64.664536
2393, 101, 9.869188
2394, 103, 26.563766
2395, 111, 93.0177
2396, 102, 65.75488
2397, 100, 4.334512
2398, 113, 4.4749975
2399, 104, 44.82094
2400, 116, 131.83353
2401, 119, 27.544615
2402, 112, 113.82688
2403, 117, 97.06361
2404, 119, 18.769794
2405, 104, 4.756746
2406, 100, 37.705933
2407, 118, 98.78746
2408, 114, 84.605125
2409, 110, 59.887997
2410, 117, 143.9782
2411, 100, 45.572437
2412, 100, 136.97934
2413, 119, 30.4165
2414, 109, 137.95003
2415, 101, 39.455994
2416, 103, 81.81023
2417, 114, 35.393635
2418, 105, 148.70818
2419, 112, 35.84951
2420, 101, 129.6958
2421, 119, 98.62142
2422, 118, 42.65937
2423, 106, 49.31455
2424, 119, 19.052769
2425, 112, 90.98102
2426, 105, 74.41157
2427, 105, 37.694477
2428, 117, 23.698212
2429, 100, 145.60057
2430, 110, 69.0983
2431, 110, 103.60511
2432, 115, 132.64302
2433, 117, 77.36327
2434, 119, 50.016243
2435, 103, 71.46554
2436, 100, 64.404915
2437, 107, 78.940834
2438, 113, 31.714815
2439, 114, 42.313187
2440, 101, 108.7405
2441, 117, 90.371864
2442, 117, 11.304251
2443, 108, 0.3592819
2444, 116, 57.11323
2445, 106, 66.94047
2446, 108, 64.72794
2447, 100, 101.052414
2448, 103, 68.03412
2449, 102, 115.21806
2450, 103, 142.23082
2451, 103, 76.83657
2452, 113, 44.8783
2453, 108, 135.8065
2454, 104, 20.32317
2455, 111, 81.46719
2456, 113, 130.85461
2457, 113, 140.34412
2458, 101, 44.301895
2459, 118, 83.28678
2460, 110, 55.382877
2461, 100, 142.06816
2462, 114, 143.261
2463, 119, 19.810814
2464, 112, 39.735996
2465, 107, 116.49952
2466, 119, 91.129974
2467, 100, 35.97056
2468, 104, 103.510185
2469, 115, 134.18077
2470, 110, 129.53867
2471, 115, 99.579506
2472, 109, 45.600388
2473, 104, 43.350586
2474, 105, 142.72694
2475, 113, 126.83076
2476, 117, 65.361465
2477, 109, 13.189629
2478, 104, 11.483324
2479, 108, 12.965745
2480, 100, 65.37345
2481, 106, 54.396736
2482, 105, 148.5075
2483, 106, 94.67364
2484, 107, 43.629402
2485, 103, 58.443687
2486, 100, 24.220901
2487, 111, 38.18524
2488, 101, 118.94693
2489, 104, 18.417772
2490, 103, 29.690086
2491, 116, 35.1375
2492, 115, 47.77489
2493, 104, 67.25567
2494, 116, 1.5341341
2495, 104, 107.79227
2496, 107, 89.80158
2497, 104, 54.903496
2498, 113, 34.38907
2499, 112, 95.62286
2500, 109, 87.92278
2501, 105, 37.864395
2502, 108, 4.9844294
2503, 106, 45.955593
2504, 116, 25.938133
2505, 104, 101.52231
2506, 119, 135.52031
2507, 100, 45.53919
2508, 117, 145.4658
2509, 103, 39.92833
2510, 111, 105.95466
2511, 100, 141.5844
2512, 118, 37.595917
2513, 102, 136.89598
2514, 118, 55.929153
2515, 111, 8.674658
2516, 109, 90.62994
2517, 109, 143.30565
2518, 111, 56.799065
2519, 106, 68.092606
2520, 109, 10.763678
2521, 102, 149.3297
2522, 101, 13.407201
2523, 107, 89.89783
2524, 107, 115.16755
2525, 103, 22.516144
2526, 103, 139.0662
2527, 110, 83.055565
2528, 105, 2.1330981
2529, 114, 79.22159
2530, 106, 141.60423
2531, 113, 25.062239
2532, 103, 112.737724
2533, 117, 128.2608
2534, 109, 42.562893
2535, 107, 6.5547915
2536, 113, 113.45321
2537, 115, 1.9589156
2538, 108, 77.84162
2539, 116, 149.38753
2540, 110, 20.100573
2541, 115, 55.767597
2542, 119, 122.48643
2543, 119, 130.00839
2544, 112, 11.372906
2545, 104, 60.182343
2546, 109, 138.91684
2547, 114, 102.70125
2548, 103, 20.95137
2549, 106, 1.1719823
2550, 102, 3.3593326
2551, 101, 40.326805
2552, 105, 79.505165
2553, 106, 103.478096
2554, 109, 123.00048
2555, 107, 11.621904
2556, 110, 13.807922
2557, 108, 132.15813
2558, 103, 91.65524
2559, 102, 30.37777
2560, 115, 3.0543566
2561, 102, 18.961529
2562, 111, 17.49486
2563, 114, 131.25269
2564, 103, 28.509584
2565, 119, 77.19366
2566, 104, 54.78157
2567, 119, 15.847072
2568, 119, 148.39
2569, 115, 27.607271
2570, 112, 70.679535
2571, 101, 111.278275
2572, 118, 26.006199
2573, 106, 27.58245
2574, 101, 107.96831
2575, 100, 40.413273
2576, 103, 34.456238
2577, 107, 6.8841844
2578, 117, 77.594055
2579, 106, 117.82238
2580, 112, 135.56422
2581, 107, 130.21892
2582, 107, 118.998985
2583, 111, 52.152256
2584, 113, 63.369602
2585, 110, 128.95555
2586, 117, 116.05689
2587, 110, 148.7133
2588, 109, 133.63795
2589, 114, 4.917508
2590, 110, 15.115393
2591, 108, 62.521355
2592, 112, 12.973907
2593, 118, 91.244545
2594, 109, 134.81279
2595, 113, 139.08447
2596, 105, 73.28759
2597, 114, 99.89765
2598, 102, 12.934792
2599, 119, 40.86408
2600, 106, 125.35313
2601, 111, 62.585323
2602, 110, 1.7522871
2603, 102, 147.379
2604, 108, 94.13323
2605, 103, 33.049267
2606, 113, 35.824318
2607, 101, 1.9043326
2608, 109, 98.81015
2609, 116, 146.13603
2610, 100, 74.62145
2611, 110, 25.032368
2612, 112, 46.929745
2613, 100, 33.397095
2614, 103, 16.192612
2615, 107, 41.562454
2616, 113, 98.91423
2617, 118, 143.41492
2618, 100, 95.270195
2619, 119, 111.49195
2620, 107, 103.436844
2621, 105, 39.15884
2622, 111, 25.55498
2623, 113, 12.976259
2624, 104, 31.815058
2625, 103, 64.892334
2626, 102, 89.33064
2627, 119, 51.02418
2628, 119, 98.69686
2629, 113, 42.949265
2630, 118, 34.37468
2631, 103, 32.633007
2632, 113, 75.48274
2633, 105, 69.48549
2634, 107, 99.25766
2635, 108, 58.406864
2636, 116, 86.18265
2637, 115, 92.90586
2638, 111, 137.00587
2639, 110, 112.23261
2640, 109, 116.65113
2641, 112, 77.67074
2642, 101, 92.785805
2643, 107, 7.9094768
2644, 112, 117.41008
2645, 115, 71.99012
2646, 116, 27.949396
2647, 116, 128.87001
2648, 103, 57.13349
2649, 104, 143.15813
2650, 109, 102.28806
2651, 102, 41.18606
2652, 110, 25.642902
2653, 108, 133.12764
2654, 104, 124.86642
2655, 113, 9.432533
2656, 118, 65.60691
2657, 100, 108.61948
2658, 116, 7.724574
2659, 119, 63.46552
2660, 100, 81.98908
2661, 115, 132.67206
2662, 100, 73.79661
2663, 108, 31.441944
2664, 100, 60.771095
2665, 101, 103.35177
2666, 102, 109.34308
2667, 102, 125.979836
2668, 110, 110.054306
2669, 116, 123.846596
2670, 109, 8.0493
2671, 103, 118.396706
2672, 105, 45.378666
2673, 108, 44.454655
2674, 104, 38.551147
2675, 101, 122.264565
2676, 103, 107.66154
2677, 108, 38.103355
2678, 112, 18.556961
2679, 101, 96.568726
2680, 111, 12.814683
2681, 104, 89.07962
2682, 109, 140.29085
2683, 109, 20.87252
2684, 101, 84.35888
2685, 101, 110.00996
2686, 111, 49.558784
2687, 115, 134.11736
2688, 116, 14.552879
2689, 106, 87.89822
2690, 101, 104.398636
2691, 118, 31.608196
2692, 106, 65.4617
2693, 102, 9.560743
2694, 100, 11.295282
2695, 113, 48.07225
2696, 109, 34.818676
2697, 104, 44.801678
2698, 105, 90.13695
2699, 115, 65.943085
2700, 104, 0.43963194
2701, 103, 59.884796
2702, 105, 6.0014515
2703, 108, 132.92134
2704, 109, 100.4382
2705, 101, 30.179028
2706, 107, 122.8408
2707, 105, 98.91456
2708, 105, 139.34973
2709, 111, 81.05012
2710, 117, 27.081764
2711, 116, 95.51908
2712, 115, 37.72139
2713, 109, 113.2405
2714, 109, 114.75503
2715, 115, 133.19583
2716, 102, 130.2622
2717, 119, 134.73305
2718, 116, 31.346495
2719, 115, 47.384037
2720, 113, 45.318066
2721, 102, 58.550037
2722, 100, 100.19387
2723, 111, 106.02451
2724, 118, 97.2272
2725, 103, 16.121668
2726, 117, 56.352512
2727, 112, 22.040276
2728, 112, 28.533375
2729, 119, 20.437449
2730, 118, 113.21404
2731, 110, 123.04155
2732, 108, 51.02172
2733, 115, 137.6203
2734, 102, 133.03656
2735, 115, 121.83434
2736, 113, 121.42913
2737, 115, 125.35743
2738, 108, 48.62955
2739, 113, 39.66366
2740, 102, 46.262714
2741, 101, 1.364556
2742, 119, 59.84332
2743, 111, 83.32126
2744, 105, 90.625435
2745, 114, 1.7493904
2746, 100, 52.29004
2747, 103, 48.710625
2748, 111, 44.254704
2749, 110, 126.28767
2750, 101, 114.13692
2751, 105, 101.05148
2752, 113, 97.82224
2753, 107, 36.342503
2754, 103, 18.817324
2755, 107, 51.273563
2756, 116, 112.11612
2757, 119, 34.38386
2758, 103, 113.96951
2759, 119, 61.467968
2760, 115, 43.630054
2761, 119, 86.42179
2762, 105, 116.04185
2763, 106, 106.32836
2764, 117, 77.18653
2765, 101, 131.27017
2766, 108, 6.3417616
2767, 117, 56.134647
2768, 102, 82.91291
2769, 111, 18.085285
2770, 116, 66.793495
2771, 117, 109.07109
2772, 116, 109.93355
2773, 111, 64.64917
2774, 119, 83.804375
2775, 119, 118.326485
2776, 107, 84.291405
2777, 110, 113.48857
2778, 117, 17.445024
2779, 102, 57.56732
2780, 100, 78.84031
2781, 115, 89.38208
2782, 111, 114.14854
2783, 110, 69.1808
2784, 115, 22.094393
2785, 102, 140.31787
2786, 111, 58.955822
2787, 103, 127.51718
2788, 112, 56.3041
2789, 105, 30.06835
2790, 107, 19.087994
2791, 116, 103.497086
2792, 103, 110.27295
2793, 100, 94.79939
2794, 101, 59.061546
2795, 112, 65.29752
2796, 104, 9.236196
2797, 110, 140.93887
2798, 111, 86.33217
2799, 112, 13.654268
2800, 100, 121.65211
2801, 105, 130.04947
2802, 116, 72.582886
2803, 102, 23.61195
2804, 101, 10.147458
2805, 118, 54.283413
2806, 106, 135.71259
2807, 116, 122.45868
2808, 101, 42.23021
2809, 119, 33.640785
2810, 106, 72.460106
2811, 104, 100.214226
2812, 100, 109.95136
2813, 110, 2.7050257
2814, 118, 7.945025
2815, 104, 122.365204
2816, 102, 63.993473
2817, 115, 64.714676
2818, 114, 14.697826
2819, 116, 122.65994
2820, 114, 128.77379
2821, 106, 28.454483
2822, 118, 105.93891
2823, 115, 60.1406
2824, 110, 131.553
2825, 108, 90.52302
2826, 113, 73.53427
2827, 117, 124.958824
2828, 104, 92.7577
2829, 102, 97.35201
2830, 119, 127.04747
2831, 109, 49.524933
2832, 100, 48.73842
2833, 101, 105.95967
2834, 116, 11.970198
2835, 108, 136.63316
2836, 116, 15.473914
2837, 116, 145.84634
2838, 117, 140.49008
2839, 106, 26.186443
2840, 118, 27.7501
2841, 100, 47.646805
2842, 102, 113.23012
2843, 111, 133.34595
2844, 113, 23.932537
2845, 116, 79.43299
2846, 115, 129.26665
2847, 110, 119.13243
2848, 115, 36.811047
2849, 109, 130.05765
2850, 100, 127.37158
2851, 112, 65.39694
2852, 115, 135.93971
2853, 108, 148.2342
2854, 104, 59.45152
2855, 112, 91.45119
2856, 113, 2.4734707
2857, 115, 30.377966
2858, 114, 108.691025
2859, 105, 109.911865
2860, 100, 78.41808
2861, 110, 143.37083
2862, 102, 63.356853
2863, 109, 83.02647
2864, 112, 16.564222
2865, 109, 38.377136
2866, 105, 28.517067
2867, 107, 1.9903511
2868, 119, 70.61612
2869, 100, 132.75237
2870, 101, 122.636024
2871, 109, 41.704327
2872, 115, 105.34978
2873, 101, 21.113358
2874, 103, 69.41888
2875, 119, 88.62362
2876, 102, 73.21809
2877, 103, 92.593056
2878, 111, 61.013702
2879, 115, 58.73757
2880, 119, 78.96407
2881, 106, 34.340313
2882, 116, 7.4703097
2883, 119, 27.220604
2884, 115, 100.36088
2885, 107, 73.11185
2886, 114, 42.72911
2887, 109, 80.81519
2888, 116, 4.3166666
2889, 115, 41.798813
2890, 100, 108.14263
2891, 107, 2.9061198
2892, 114, 124.947044
2893, 108, 50.923027
2894, 109, 56.358494
2895, 103, 141.5875
2896, 113, 128.75244
2897, 101, 39.477905
2898, 114, 141.86815
2899, 101, 100.381165
2900, 119, 13.382372
2901, 107, 32.09668
2902, 106, 84.42852
2903, 118, 100.36503
2904, 118, 24.367056
2905, 105, 111.586365
2906, 113, 127.55968
2907, 104, 33.983017
2908, 112, 107.248276
2909, 107, 37.027092
2910, 111, 110.74063
2911, 111, 134.66646
2912, 114, 67.04419
2913, 113, 29.468313
2914, 101, 53.789772
2915, 110, 113.37169
2916, 117, 65.8727
2917, 103, 57.45668
2918, 105, 107.26223
2919, 106, 122.781525
2920, 119, 37.15403
2921, 115, 22.948309
2922, 108, 126.13641
2923, 103, 120.611984
2924, 108, 148.30785
2925, 102, 99.06178
2926, 118, 25.068497
2927, 114, 7.146022
2928, 110, 120.41467
2929, 106, 81.83909
2930, 111, 53.532127
2931, 104, 44.322655
2932, 111, 50.01017
2933, 116, 144.37555
2934, 114, 82.72653
2935, 103, 127.52474
2936, 111, 135.24481
2937, 117, 130.62566
2938, 106, 32.577923
2939, 101, 66.00329
2940, 115, 50.870625
2941, 110, 103.29442
2942, 113, 96.0122
2943, 115, 66.56222
2944, 105, 92.84498
2945, 115, 127.632774
2946, 101, 41.80246
2947, 112, 134.42966
2948, 106, 79.24013
2949, 100, 40.47442
2950, 112, 47.247185
2951, 114, 142.16913
2952, 108, 68.52105
2953, 100, 11.264875
2954, 111, 38.497772
2955, 104, 145.42932
2956, 102, 37.609978
2957, 116, 52.049046
2958, 103, 16.142168
2959, 101, 77.57264
2960, 100, 58.1667
2961, 106, 139.03204
2962, 117, 132.94115
2963, 111, 0.38347542
2964, 113, 10.502538
2965, 101, 85.07924
2966, 113, 18.103891
2967, 115, 137.06233
2968, 116, 1.3149261
2969, 104, 103.88648
2970, 112, 112.5159
2971, 106, 26.904531
2972, 107, 133.22157
2973, 104, 114.43292
2974, 113, 146.46199
2975, 102, 117.56257
2976, 117, 13.247475
2977, 109, 87.67469
2978, 103, 81.734344
2979, 119, 137.48494
2980, 109, 98.19999
2981, 107, 42.595196
2982, 100, 1.3705015
2983, 101, 64.21859
2984, 103, 124.67199
2985, 112, 81.95764
2986, 101, 141.67143
2987, 111, 25.126335
2988, 107, 104.54656
2989, 101, 7.3133917
2990, 117, 84.13386
2991, 110, 121.68609
2992, 113, 105.938225
2993, 114, 86.11329
2994, 116, 127.516815
2995, 103, 140.12753
2996, 107, 114.29796
2997, 114, 88.57554
2998, 108, 19.539026
2999, 100, 35.323845
3000, 118, 80.26162
3001, 108, 37.476746
3002, 118, 71.283356
3003, 118, 111.77904
3004, 102, 38.669353
3005, 101, 143.90012
3006, 113, 137.23737
3007, 105, 148.62831
3008, 112, 127.625305
3009, 115, 65.806114
3010, 116, 95.216644
3011, 113, 129.78746
3012, 108, 8.810189
3013, 101, 52.98315
3014, 106, 19.42665
3015, 110, 74.243904
3016, 110, 13.016608
3017, 111, 61.206036
3018, 109, 21.863724
3019, 111, 118.73604
3020, 104, 81.072975
3021, 102, 104.36898
3022, 103, 72.001015
3023, 107, 149.49431
3024, 104, 76.63937
3025, 108, 37.050335
3026, 113, 37.235607
3027, 100, 57.29116
3028, 106, 34.93259
3029, 103, 64.85097
3030, 106, 56.703938
3031, 103, 44.770084
3032, 116, 75.172615
3033, 110, 8.7364645
3034, 113, 114.56334
3035, 114, 116.30777
3036, 112, 18.183025
3037, 100, 149.90378
3038, 102, 38.233887
3039, 108, 69.0114
3040, 118, 51.4008
3041, 112, 91.10316
3042, 106, 85.76366
3043, 108, 84.44433
3044, 100, 34.177486
3045, 112, 11.054296
3046, 105, 54.27819
3047, 110, 6.622052
3048, 100, 72.78181
3049, 116, 145.10007
3050, 100, 143.74341
3051, 106, 50.213467
3052, 106, 30.291044
3053, 111, 13.699499
3054, 100, 119.39532
3055, 105, 89.95468
3056, 107, 116.13426
3057, 103, 18.63783
3058, 108, 110.53447
3059, 119, 55.487217
3060, 108, 88.593
3061, 106, 0.031211972
3062, 114, 141.58281
3063, 119, 111.41011
3064, 114, 41.83906
3065, 114, 88.38528
3066, 107, 70.36358
3067, 100, 77.795586
3068, 117, 83.4501
3069, 104, 80.49868
3070, 106, 24.51066
3071, 106, 102.6749
3072, 101, 77.8236
3073, 100, 146.06514
3074, 116, 58.085472
3075, 107, 89.1463
3076, 109, 13.910606
3077, 104, 40.492817
3078, 119, 58.486103
3079, 118, 11.553293
3080, 117, 22.286493
3081, 103, 46.91363
3082, 113, 84.57615
3083, 115, 105.58047
3084, 114, 119.25682
3085, 104, 60.35861
3086, 107, 96.63878
3087, 103, 66.6093
3088, 116, 111.87873
3089, 112, 27.998104
3090, 114, 56.92201
3091, 119, 114.91248
3092, 105, 144.72548
3093, 114, 59.566757
3094, 111, 104.88845
3095, 116, 45.62533
3096, 105, 104.49394
3097, 112, 92.395035
3098, 105, 131.19406
3099, 116, 128.69276
3100, 100, 132.811
3101, 111, 92.26806
3102, 103, 64.35538
3103, 112, 129.76328
3104, 108, 58.959274
3105, 112, 147.02638
3106, 113, 27.432087
3107, 116, 25.697592
3108, 106, 60.957474
3109, 114, 143.30751
3110, 108, 1.3908863
3111, 112, 106.99882
3112, 100, 42.815693
3113, 100, 55.461876
3114, 104, 67.607056
3115, 105, 130.16034
3116, 103, 67.36872
3117, 115, 16.119406
3118, 113, 29.260523
3119, 109, 47.495125
3120, 116, 7.746604
3121, 101, 144.66171
3122, 119, 49.014267
3123, 110, 115.82484
3124, 118, 73.6127
3125, 113, 35.87863
3126, 105, 64.00194
3127, 101, 105.66929
3128, 101, 93.74086
3129, 108, 90.76422
3130, 101, 93.20688
3131, 102, 114.03505
3132, 105, 95.04806
3133, 111, 54.94552
3134, 103, 47.725655
3135, 115, 113.48098
3136, 119, 21.986452
3137, 107, 2.2854924
3138, 109, 43.715034
3139, 101, 127.608574
3140, 102, 135.50644
3141, 107, 75.29364
3142, 118, 83.80631
3143, 114, 77.36658
3144, 111, 82.02664
3145, 100, 24.79611
3146, 106, 128.76509
3147, 111, 40.105274
3148, 119, 46.028816
3149, 102, 1.1762828
3150, 114, 9.64593
3151, 117, 83.48397
3152, 117, 140.30656
3153, 116, 58.640053
3154, 110, 44.4108
3155, 100, 113.57074
3156, 103, 82.940186
3157, 101, 25.085064
3158, 106, 58.40564
3159, 119, 122.69529
3160, 107, 70.3553
3161, 118, 129.08699
3162, 108, 3.909266
3163, 111, 101.54034
3164, 119, 2.93642
3165, 108, 28.810314
3166, 101, 128.7592
3167, 107, 140.45268
3168, 111, 89.75468
3169, 119, 75.88123
3170, 116, 44.787018
3171, 108, 62.1826
3172, 117, 96.33319
3173, 111, 125.91637
3174, 101, 103.56561
3175, 101, 63.973824
3176, 106, 53.415646
3177, 110, 33.48152
3178, 110, 0.5322665
3179, 109, 117.11065
3180, 100, 101.118996
3181, 109, 69.8009
3182, 118, 118.434586
3183, 110, 109.285545
3184, 114, 3.1846313
3185, 116, 88.31862
3186, 118, 126.908226
3187, 117, 105.423485
3188, 114, 44.600452
3189, 109, 83.749855
3190, 117, 4.1039586
3191, 104, 101.92528
3192, 114, 147.56734
3193, 109, 141.2557
3194, 106, 1.5968978
3195, 105, 74.47754
3196, 111, 13.874075
3197, 106, 53.14261
3198, 104, 105.09827
3199, 107, 1.4502347
3200, 108, 11.70837
3201, 110, 141.0995
3202, 107, 38.728558
3203, 113, 108.88821
3204, 106, 28.903234
3205, 107, 59.309586
3206, 100, 32.466057
3207, 109, 40.973415
3208, 106, 77.33556
3209, 112, 69.709755
3210, 105, 111.28606
3211, 100, 94.617615
3212, 116, 120.768974
3213, 112, 55.648594
3214, 107, 51.56608
3215, 104, 108.00244
3216, 114, 0.24586022
3217, 102, 113.64978
3218, 109, 33.464127
3219, 119, 84.15734
3220, 103, 135.69502
3221, 116, 112.04848
3222, 115, 23.24473
3223, 109, 118.13475
3224, 115, 96.40744
3225, 103, 128.41164
3226, 116, 87.386986
3227, 104, 53.68257
3228, 112, 107.719124
3229, 106, 136.07663
3230, 102, 53.99337
3231, 117, 58.443333
3232, 112, 41.480988
3233, 101, 9.56854
3234, 113, 98.048836
3235, 114, 92.74146
3236, 115, 119.92571
3237, 114, 134.82584
3238, 116, 125.709045
3239, 102, 71.391304
3240, 118, 52.384033
3241, 106, 83.482735
3242, 105, 119.768005
3243, 114, 96.66275
3244, 111, 103.03315
3245, 108, 57.140915
3246, 112, 43.671673
3247, 108, 55.50364
3248, 119, 2.8553815
3249, 101, 11.731115
3250, 104, 24.468819
3251, 114, 11.767853
3252, 111, 3.567204
3253, 116, 120.08274
3254, 101, 140.85086
3255, 103, 13.863909
3256, 102, 44.293293
3257, 106, 40.44839
3258, 102, 103.96177
3259, 100, 31.735575
3260, 115, 37.38928
3261, 108, 146.86296
3262, 116, 107.999565
3263, 119, 12.233779
3264, 119, 149.47775
3265, 107, 70.58361
3266, 105, 44.320446
3267, 100, 59.396572
3268, 109, 76.233925
3269, 104, 18.792067
3270, 100, 44.342888
3271, 102, 45.108543
3272, 109, 44.196537
3273, 105, 18.79752
3274, 110, 142.5876
3275, 106, 35.16571
3276, 104, 53.546646
3277, 119, 142.77829
3278, 104, 143.50374
3279, 100, 35.591976
3280, 112, 107.2222
3281, 103, 104.85841
3282, 107, 69.49654
3283, 118, 97.3935
3284, 106, 5.0555615
3285, 107, 124.1566
3286, 113, 116.70618
3287, 111, 58.901676
3288, 102, 52.08459
3289, 100, 89.33739
3290, 111, 81.831276
3291, 100, 96.57777
3292, 116, 89.49855
3293, 111, 37.88874
3294, 107, 128.92583
3295, 100, 61.520977
3296, 109, 100.07368
3297, 102, 79.53042
3298, 115, 127.61581
3299, 105, 39.468563
3300, 119, 121.79812
3301, 101, 5.442542
3302, 103, 14.84837
3303, 104, 11.902857
3304, 116, 58.592052
3305, 109, 5.950463
3306, 112, 129.10768
3307, 112, 30.794567
3308, 117, 40.943535
3309, 116, 59.4675
3310, 114, 15.835002
3311, 101, 34.62443
3312, 101, 87.368774
3313, 107, 83.630005
3314, 108, 66.54336
3315, 104, 48.569996
3316, 102, 10.32629
3317, 106, 121.281456
3318, 108, 50.683853
3319, 108, 92.15296
3320, 110, 145.29312
3321, 113, 48.694252
3322, 103, 21.824
3323, 110, 102.36634
3324, 104, 67.81976
3325, 113, 110.74984
3326, 105, 71.00232
3327, 107, 123.91245
3328, 104, 91.062775
3329, 118, 26.298988
3330, 103, 32.24861
3331, 117, 129.44391
3332, 107, 8.067905
3333, 115, 142.52548
3334, 106, 4.9439726
3335, 102, 22.947353
3336, 108, 9.204179
3337, 118, 32.800278
3338, 108, 6.895897
3339, 100, 51.240017
3340, 102, 40.135227
3341, 105, 76.05136
3342, 117, 117.930275
3343, 113, 45.276566
3344, 117, 132.71106
3345, 108, 138.15654
3346, 101, 46.110508
3347, 111, 2.4411857
3348, 114, 56.172153
3349, 118, 56.65328
3350, 117, 74.93917
3351, 110, 142.84549
3352, 107, 102.32957
3353, 116, 140.6042
3354, 109, 89.28519
3355, 114, 73.00435
3356, 102, 97.600784
3357, 111, 140.83798
3358, 112, 60.381256
3359, 100, 124.03842
3360, 114, 48.439507
3361, 102, 58.382275
3362, 118, 101.16828
3363, 110, 120.00674
3364, 118, 136.1727
3365, 109, 114.92949
3366, 114, 3.2004566
3367, 119, 147.47028
3368, 109, 27.943798
3369, 103, 148.97179
3370, 110, 60.928596
3371, 102, 55.17642
3372, 114, 133.49158
3373, 113, 40.099068
3374, 101, 114.06749
3375, 119, 144.58473
3376, 117, 88.93062
3377, 107, 17.21346
3378, 114, 84.734634
3379, 119, 109.64001
3380, 116, 19.980543
3381, 119, 3.6409645
3382, 112, 112.241684
3383, 108, 48.34218
3384, 102, 92.12708
3385, 103, 12.754056
3386, 118, 81.70877
3387, 108, 17.620441
3388, 104, 105.431274
3389, 116, 25.766615
3390, 102, 86.897934
3391, 107, 14.56908
3392, 110, 52.000835
3393, 116, 133.12358
3394, 110, 105.56354
3395, 105, 77.93989
3396, 106, 69.000435
3397, 111, 144.63182
3398, 109, 28.617516
3399, 107, 113.95917
3400, 117, 105.280945
3401, 109, 137.88527
3402, 114, 51.49202
