14542, 108, 0.09866953
14543, 110, 61.64746
14544, 106, 31.812885
14545, 117, 45.810055
14546, 100, 114.955605
14547, 115, 19.970352
14548, 108, 87.86968
14549, 102, 13.687769
14550, 104, 48.86882
14551, 100, 125.18837
14552, 111, 140.77615
14553, 119, 140.48479
14554, 112, 92.176834
14555, 119, 92.69818
14556, 115, 39.248077
14557, 118, 81.40146
14558, 111, 30.169165
14559, 118, 119.99113
14560, 113, 129.17026
14561, 111, 121.90835
14562, 102, 124.73793
14563, 111, 15.7271595
14564, 106, 112.62177
14565, 101, 40.032085
14566, 104, 93.97245
14567, 109, 125.88386
14568, 117, 29.15606
14569, 108, 100.736115
14570, 118, 85.023964
14571, 110, 73.75245
14572, 108, 68.04069
14573, 109, 95.97843
14574, 116, 35.661335
14575, 114, 7.553789
14576, 117, 18.408733
14577, 115, 134.8978
14578, 118, 82.276
14579, 102, 70.987656
14580, 106, 70.71939
14581, 115, 115.0611
14582, 117, 78.58641
14583, 111, 108.831505
14584, 113, 82.33603
14585, 100, 99.60506
14586, 116, 72.040344
14587, 104, 24.406788
14588, 103, 104.909096
14589, 102, 114.30622
14590, 108, 115.68058
14591, 118, 7.9175143
14592, 111, 21.51753
14593, 109, 8.768293
14594, 118, 30.05156
14595, 102, 140.25139
14596, 106, 144.05385
14597, 102, 59.31616
14598, 107, 124.19267
14599, 107, 143.92581
14600, 102, 145.73872
14601, 110, 97.54849
14602, 105, 77.535484
14603, 105, 122.44786
14604, 101, 70.57672
14605, 106, 92.00648
14606, 110, 91.49094
14607, 103, 31.816095
14608, 118, 111.43527
14609, 108, 14.346457
14610, 118, 137.25844
14611, 111, 6.0296326
14612, 111, 6.567746
14613, 103, 102.16729
14614, 104, 126.75555
14615, 109, 131.18555
14616, 101, 103.85378
14617, 106, 84.05128
14618, 105, 9.814819
14619, 102, 76.78719
14620, 112, 140.0806
14621, 113, 94.86551
14622, 104, 24.303282
14623, 119, 55.51547
14624, 108, 34.371704
14625, 112, 47.15385
14626, 106, 1.7137259
14627, 115, 0.477916
14628, 109, 55.192368
14629, 115, 34.73653
14630, 116, 103.46359
14631, 108, 14.569553
14632, 112, 115.61617
14633, 118, 3.6960216
14634, 118, 98.07523
14635, 103, 135.90198
14636, 104, 93.31409
14637, 117, 53.70258
14638, 111, 32.19157
14639, 105, 47.801285
14640, 111, 91.64632
14641, 117, 52.48164
14642, 105, 101.70396
14643, 111, 42.371357
14644, 115, 34.55288
14645, 100, 142.61884
14646, 110, 63.974922
14647, 111, 47.947205
14648, 110, 35.418766
14649, 102, 108.07004
14650, 106, 47.585472
14651, 103, 49.700287
14652, 110, 148.16998
14653, 110, 146.5106
14654, 113, 102.20805
14655, 106, 100.305016
14656, 102, 21.541258
14657, 106, 91.42354
14658, 114, 130.42677
14659, 109, 126.578
14660, 113, 13.177291
14661, 108, 0.12635887
14662, 111, 18.338854
14663, 114, 117.14393
14664, 109, 42.40432
14665, 111, 94.8634
14666, 115, 59.836864
14667, 108, 17.13102
14668, 113, 135.51735
14669, 111, 94.75984
14670, 107, 57.797108
14671, 114, 135.20427
14672, 103, 127.78618
14673, 106, 40.207207
14674, 115, 53.03393
14675, 119, 82.79477
14676, 118, 71.38362
14677, 114, 110.19556
14678, 118, 130.15846
14679, 100, 111.830986
14680, 108, 72.12587
14681, 110, 143.59406
14682, 101, 65.735756
14683, 109, 34.956703
14684, 107, 10.205689
14685, 116, 147.2561
14686, 114, 65.1971
14687, 114, 13.222298
14688, 119, 27.658268
14689, 105, 53.658314
14690, 111, 33.606693
14691, 112, 59.543045
14692, 110, 18.39694
14693, 113, 109.58859
14694, 104, 6.47361
14695, 114, 112.237686
14696, 105, 136.61513
14697, 101, 144.16365
14698, 100, 85.179794
14699, 118, 11.236561
14700, 111, 63.157867
14701, 109, 121.073555
14702, 113, 11.786771
14703, 116, 29.248417
14704, 110, 105.05843
14705, 102, 48.068745
14706, 108, 108.03122
14707, 117, 84.955185
14708, 117, 87.43713
14709, 102, 13.165587
14710, 101, 83.6924
14711, 101, 139.14432
14712, 109, 77.08854
14713, 114, 68.019135
14714, 108, 140.91145
14715, 104, 75.80715
14716, 103, 24.178844
14717, 118, 75.7742
14718, 119, 70.54495
14719, 114, 95.62541
14720, 107, 82.99066
14721, 114, 104.26794
14722, 111, 54.230556
14723, 109, 36.29635
14724, 107, 79.620674
14725, 105, 142.14107
14726, 101, 71.90264
14727, 112, 10.860372
14728, 110, 94.72364
14729, 103, 133.49385
14730, 116, 121.29842
14731, 109, 26.515987
14732, 110, 45.985016
14733, 111, 89.60443
14734, 108, 146.86095
14735, 115, 75.20348
14736, 111, 12.109118
14737, 117, 143.24475
14738, 100, 126.59757
14739, 101, 140.52054
14740, 105, 137.05878
14741, 110, 71.7342
14742, 107, 103.41629
14743, 111, 22.197023
14744, 100, 104.88072
14745, 105, 140.18886
14746, 111, 131.19063
14747, 102, 141.776
14748, 108, 82.47159
14749, 112, 93.68685
14750, 102, 77.4212
14751, 106, 59.36381
14752, 116, 68.99744
14753, 113, 63.81121
14754, 102, 33.26254
14755, 116, 61.151764
14756, 118, 68.98556
14757, 113, 29.721334
14758, 108, 133.73631
14759, 109, 9.53064
14760, 104, 108.49739
14761, 114, 109.19115
14762, 100, 61.99943
14763, 106, 33.344177
14764, 107, 29.857054
14765, 119, 96.22384
14766, 110, 52.766293
14767, 109, 79.41862
14768, 104, 43.102257
14769, 106, 84.50075
14770, 100, 82.9557
14771, 110, 107.825485
14772, 108, 116.33288
14773, 118, 22.135511
14774, 106, 132.47665
14775, 100, 3.958547
14776, 103, 13.540998
14777, 100, 111.01556
14778, 106, 73.35625
14779, 116, 117.24713
14780, 103, 119.117294
14781, 111, 61.236305
14782, 102, 94.743706
14783, 108, 105.445305
14784, 111, 5.1813307
14785, 111, 47.802525
14786, 100, 59.302704
14787, 106, 110.513535
14788, 114, 72.3539
14789, 114, 63.540646
14790, 106, 23.309309
14791, 106, 35.622444
14792, 117, 134.00377
14793, 101, 118.21159
14794, 100, 147.05385
14795, 111, 101.31346
14796, 101, 101.57634
14797, 117, 99.02069
14798, 105, 44.548496
14799, 118, 30.5632
14800, 114, 90.8141
14801, 102, 31.96409
14802, 107, 108.19089
14803, 117, 57.486515
14804, 100, 70.75659
14805, 105, 95.156685
14806, 110, 135.98024
14807, 106, 47.286728
14808, 118, 13.656065
14809, 118, 88.55409
14810, 109, 123.665016
14811, 105, 60.035206
14812, 113, 29.241737
14813, 114, 74.35792
14814, 109, 64.287476
14815, 109, 0.11033714
14816, 119, 143.73811
14817, 109, 13.235566
14818, 109, 29.946943
14819, 111, 127.544174
14820, 102, 75.33129
14821, 115, 107.904175
14822, 106, 131.19249
14823, 101, 112.553116
14824, 103, 145.61333
14825, 106, 124.80391
14826, 110, 14.21957
14827, 107, 133.69377
14828, 103, 59.832745
14829, 115, 120.73352
14830, 110, 147.51578
14831, 116, 87.05977
14832, 109, 114.78509
14833, 115, 115.22738
14834, 112, 35.284782
14835, 107, 40.128796
14836, 113, 103.24523
14837, 101, 51.729984
14838, 101, 58.893925
14839, 115, 44.522953
14840, 100, 98.322365
14841, 102, 86.47134
14842, 110, 6.5982523
14843, 107, 11.994446
14844, 118, 83.64959
14845, 113, 65.26442
14846, 116, 54.218906
14847, 108, 90.135994
14848, 100, 93.959274
14849, 117, 6.0491056
14850, 116, 57.230614
14851, 111, 89.34263
14852, 118, 11.816061
14853, 115, 146.11581
14854, 113, 54.13531
14855, 106, 91.51906
14856, 102, 76.68083
14857, 118, 146.1321
14858, 107, 110.45805
14859, 102, 46.785458
14860, 100, 111.5824
14861, 105, 10.624936
14862, 105, 33.444706
14863, 110, 91.58289
14864, 115, 83.399254
14865, 110, 145.72421
14866, 105, 43.945
14867, 115, 80.51211
14868, 101, 11.405164
14869, 104, 11.03965
14870, 105, 39.001637
14871, 115, 146.64874
14872, 101, 11.47778
14873, 111, 147.64662
14874, 113, 36.847553
14875, 116, 21.133625
14876, 118, 17.73668
14877, 118, 115.39145
14878, 104, 126.64691
14879, 117, 110.740746
14880, 117, 118.23759
14881, 119, 119.10507
14882, 112, 92.90117
14883, 112, 112.67073
14884, 109, 80.07887
14885, 114, 112.81649
14886, 109, 141.503
14887, 109, 54.193245
14888, 101, 140.31615
14889, 119, 3.0564575
14890, 109, 19.863976
14891, 112, 54.477497
14892, 116, 14.748841
14893, 100, 131.42513
14894, 102, 92.72515
14895, 114, 118.93198
14896, 113, 137.9491
14897, 104, 11.400479
14898, 115, 144.35362
14899, 113, 14.428139
14900, 109, 66.418144
14901, 108, 58.10969
14902, 104, 44.139156
14903, 118, 110.650925
14904, 119, 32.619267
14905, 107, 106.26826
14906, 108, 78.42401
14907, 107, 92.41386
14908, 116, 70.580536
14909, 104, 106.75839
14910, 118, 122.225
14911, 102, 137.70233
14912, 106, 75.088486
14913, 112, 49.997215
14914, 114, 134.86615
14915, 116, 117.28893
14916, 105, 133.03654
14917, 106, 77.48826
14918, 109, 35.99739
14919, 119, 88.07307
14920, 102, 91.054535
14921, 109, 23.281618
14922, 118, 72.26154
14923, 118, 17.598421
14924, 102, 99.4681
14925, 107, 86.76236
14926, 115, 14.298865
14927, 105, 14.6299925
14928, 101, 85.98259
14929, 110, 139.08992
14930, 116, 127.15458
14931, 116, 12.278321
14932, 107, 23.781029
14933, 106, 1.3374925
14934, 116, 74.714195
14935, 103, 51.74953
14936, 115, 75.97924
14937, 114, 11.480543
14938, 110, 38.843052
14939, 104, 130.2828
14940, 108, 13.999942
14941, 107, 127.02452
14942, 118, 54.14013
14943, 114, 127.90795
14944, 106, 18.258772
14945, 109, 126.26624
14946, 115, 128.27448
14947, 114, 136.98267
14948, 102, 24.024197
14949, 112, 74.44451
14950, 111, 36.555862
14951, 117, 106.97748
14952, 108, 26.581568
14953, 116, 13.889006
14954, 112, 69.722694
14955, 113, 0.84133744
14956, 111, 111.0129
14957, 114, 96.3363
14958, 110, 130.5733
14959, 117, 107.474
14960, 117, 9.895384
14961, 118, 123.70809
14962, 114, 80.414215
14963, 114, 137.18404
14964, 110, 95.99232
14965, 113, 65.880455
14966, 105, 80.976425
14967, 100, 11.408517
14968, 112, 33.19434
14969, 100, 82.030815
14970, 110, 13.343355
14971, 111, 67.12333
14972, 105, 10.373693
14973, 102, 0.6491661
14974, 101, 137.2994
14975, 119, 68.582245
14976, 106, 14.834377
14977, 118, 72.07208
14978, 101, 137.86374
14979, 110, 17.730448
14980, 111, 149.37148
14981, 103, 31.772036
14982, 117, 19.714863
14983, 105, 18.231476
14984, 110, 122.815994
14985, 108, 122.16622
14986, 103, 11.670783
14987, 119, 40.66954
14988, 103, 122.02667
14989, 119, 68.80823
14990, 115, 10.519758
14991, 107, 126.79168
14992, 119, 74.54853
14993, 117, 20.998255
14994, 103, 130.79585
14995, 103, 65.03788
14996, 100, 107.878716
14997, 116, 130.35156
14998, 113, 17.902548
14999, 118, 143.92188
15000, 111, 85.62629
15001, 112, 57.079784
15002, 110, 71.97639
15003, 101, 44.730343
15004, 116, 83.796776
15005, 108, 48.069683
15006, 109, 90.098724
15007, 108, 128.33954
15008, 117, 112.28505
15009, 102, 54.979305
15010, 109, 48.870644
15011, 103, 94.53563
15012, 109, 138.82816
15013, 106, 78.33304
15014, 105, 52.90964
15015, 118, 26.640469
15016, 109, 96.40087
15017, 107, 124.1302
15018, 109, 38.021458
15019, 104, 148.64363
15020, 116, 78.81224
15021, 104, 115.14129
15022, 100, 138.52966
15023, 117, 4.1640043
15024, 112, 106.94958
15025, 103, 60.121384
15026, 100, 26.524794
15027, 107, 89.18912
15028, 112, 21.358744
15029, 116, 21.094877
15030, 119, 44.44413
15031, 118, 6.139514
15032, 112, 143.79607
15033, 118, 104.85401
15034, 116, 121.44376
15035, 100, 122.70531
15036, 102, 77.62455
15037, 105, 105.617615
15038, 116, 46.57024
15039, 101, 73.441956
15040, 119, 141.54218
15041, 118, 54.76537
15042, 112, 117.663284
15043, 105, 9.702211
15044, 101, 61.315094
15045, 118, 137.38199
15046, 117, 22.549519
15047, 111, 77.04276
15048, 100, 36.044437
15049, 110, 127.00748
15050, 115, 142.09688
15051, 106, 33.6431
15052, 108, 9.304279
15053, 116, 125.410736
15054, 103, 149.87576
15055, 107, 65.579185
15056, 105, 86.81583
15057, 117, 134.59488
15058, 102, 138.21448
15059, 112, 56.273746
15060, 112, 16.377523
15061, 111, 53.952133
15062, 107, 71.45875
15063, 110, 48.942654
15064, 100, 66.2086
15065, 115, 27.85247
15066, 109, 61.078148
15067, 112, 145.88672
15068, 103, 25.191656
15069, 105, 56.515556
15070, 107, 26.626995
15071, 105, 44.38836
15072, 104, 90.556335
15073, 108, 136.2011
15074, 109, 79.54754
15075, 102, 84.1383
15076, 119, 90.22099
15077, 111, 24.22842
15078, 100, 25.015587
15079, 101, 127.77289
15080, 114, 66.047775
15081, 114, 145.60846
15082, 116, 135.22038
15083, 105, 45.132797
15084, 117, 148.27167
15085, 119, 131.97173
15086, 117, 60.461872
15087, 117, 148.54085
15088, 100, 58.74288
15089, 119, 134.73524
15090, 108, 116.40066
15091, 117, 130.90585
15092, 110, 12.355015
15093, 101, 56.131535
15094, 115, 65.10754
15095, 112, 102.46441
15096, 110, 124.06666
15097, 106, 135.78745
15098, 100, 117.52187
15099, 106, 71.20231
15100, 118, 130.2856
15101, 115, 68.17561
15102, 100, 49.198536
15103, 119, 96.9955
15104, 110, 38.634853
15105, 103, 7.1030617
15106, 106, 118.67402
15107, 102, 88.43972
15108, 110, 29.367184
15109, 100, 26.838701
15110, 100, 44.561443
15111, 103, 68.80131
15112, 107, 52.084064
15113, 114, 113.69502
15114, 119, 78.98233
15115, 100, 96.74178
15116, 111, 80.879395
15117, 111, 90.83707
15118, 115, 18.211342
15119, 106, 60.188644
15120, 115, 103.51016
15121, 119, 123.10261
15122, 100, 52.62291
15123, 117, 79.05647
15124, 107, 81.39756
15125, 107, 95.05738
15126, 107, 99.82773
15127, 109, 2.6176214
15128, 117, 80.10311
15129, 105, 130.26396
15130, 114, 33.120285
15131, 107, 37.799004
15132, 119, 20.211367
15133, 115, 50.3867
15134, 115, 55.65193
15135, 103, 114.934326
15136, 101, 105.16529
15137, 117, 65.64455
15138, 118, 54.62255
15139, 110, 6.247723
15140, 114, 81.73853
15141, 101, 141.02016
15142, 118, 62.482677
15143, 104, 120.88057
15144, 109, 95.24267
15145, 103, 37.46306
15146, 103, 41.31117
15147, 113, 134.18309
15148, 101, 51.315395
15149, 108, 112.49124
15150, 119, 147.1406
15151, 102, 149.85843
15152, 111, 7.8364134
15153, 109, 43.524284
15154, 107, 72.25319
15155, 115, 127.748474
15156, 104, 83.027565
15157, 110, 142.69412
15158, 109, 47.173405
15159, 110, 111.199036
15160, 102, 111.11715
15161, 111, 32.38678
15162, 106, 144.69968
15163, 119, 1.3985395
15164, 102, 117.54615
15165, 100, 24.538921
15166, 108, 40.73182
15167, 106, 81.07324
15168, 114, 27.82563
15169, 114, 53.800884
15170, 100, 121.05822
15171, 108, 93.836205
15172, 109, 66.60737
15173, 111, 149.79971
15174, 113, 11.576128
15175, 100, 117.51744
15176, 100, 79.0934
15177, 111, 118.55872
15178, 107, 50.556026
15179, 101, 0.86722076
15180, 111, 40.692043
15181, 108, 76.3167
15182, 100, 108.10205
15183, 101, 48.373325
15184, 117, 133.61644
15185, 118, 61.74031
15186, 100, 107.04501
15187, 103, 72.29993
15188, 107, 92.52347
15189, 109, 91.1071
15190, 118, 2.48276
15191, 110, 38.85168
15192, 103, 80.48725
15193, 107, 29.228031
15194, 103, 105.55603
15195, 107, 142.49231
15196, 119, 20.402134
15197, 113, 118.26388
15198, 104, 110.04114
15199, 100, 50.68895
15200, 116, 126.66184
15201, 109, 141.11636
15202, 115, 32.08085
15203, 105, 106.55887
15204, 103, 6.113246
15205, 112, 127.00311
15206, 108, 26.051474
15207, 105, 27.183052
15208, 106, 11.234638
15209, 103, 141.58954
15210, 115, 46.87329
15211, 111, 45.833946
15212, 103, 24.740759
15213, 106, 3.5743923
15214, 103, 95.82163
15215, 107, 88.93944
15216, 117, 120.58159
15217, 112, 143.41682
15218, 101, 92.90713
15219, 105, 131.19469
15220, 100, 92.22319
15221, 110, 25.597975
15222, 105, 70.84406
15223, 119, 88.92076
15224, 112, 8.865148
15225, 114, 48.240818
15226, 103, 105.57809
15227, 101, 3.8828194
15228, 119, 110.68902
15229, 117, 35.39834
15230, 109, 135.75284
15231, 110, 99.60994
15232, 114, 43.894966
15233, 110, 58.705276
15234, 108, 40.38994
15235, 115, 94.444954
15236, 104, 35.946472
15237, 101, 128.89896
15238, 113, 62.590725
15239, 101, 131.5984
15240, 112, 55.425453
15241, 117, 95.53549
15242, 109, 145.41792
15243, 106, 61.24574
15244, 101, 149.67888
15245, 105, 113.951645
15246, 109, 83.24141
15247, 114, 43.951206
15248, 101, 92.02177
15249, 106, 41.52393
15250, 109, 70.91325
15251, 111, 13.113007
15252, 113, 19.537264
15253, 103, 104.21251
15254, 101, 130.03867
15255, 113, 135.71953
15256, 107, 71.35138
15257, 116, 3.0832708
15258, 102, 116.019196
15259, 108, 33.842808
15260, 107, 115.06071
15261, 109, 77.24732
15262, 119, 111.39488
15263, 103, 41.091255
15264, 101, 6.7946615
15265, 103, 10.212931
15266, 111, 21.535769
15267, 111, 109.69172
15268, 111, 46.952892
15269, 108, 118.58831
15270, 101, 0.81748366
15271, 117, 7.111439
15272, 102, 24.694187
15273, 100, 142.40463
15274, 109, 96.61017
15275, 111, 93.28841
15276, 119, 136.74835
15277, 108, 7.2409096
15278, 102, 38.951675
15279, 112, 132.17476
15280, 118, 66.63142
15281, 119, 146.1863
15282, 105, 61.104145
15283, 117, 87.35542
15284, 106, 36.751503
15285, 113, 103.46297
15286, 118, 55.282635
15287, 102, 15.7122555
15288, 108, 4.44265
15289, 117, 68.133896
15290, 107, 67.000404
15291, 115, 26.106432
15292, 107, 40.94917
15293, 118, 49.88898
15294, 116, 102.107216
15295, 105, 126.529976
15296, 112, 22.967907
15297, 118, 94.33697
15298, 111, 116.83479
15299, 109, 55.37906
15300, 116, 119.792015
15301, 109, 97.06802
15302, 108, 130.37381
15303, 116, 67.410164
15304, 102, 98.694
15305, 113, 49.87978
15306, 102, 95.13594
15307, 105, 138.84804
15308, 111, 36.35974
15309, 101, 137.24933
15310, 104, 36.823143
15311, 100, 3.949061
15312, 117, 20.005373
15313, 103, 55.50034
15314, 115, 86.86642
15315, 107, 49.064182
15316, 119, 145.14206
15317, 100, 78.30668
15318, 105, 109.41774
15319, 108, 72.30872
15320, 101, 115.025536
15321, 111, 2.7852237
15322, 106, 9.211386
15323, 102, 20.172993
15324, 119, 12.818572
15325, 116, 121.68228
15326, 102, 110.70318
15327, 102, 98.702934
15328, 100, 131.86755
15329, 118, 10.339111
15330, 106, 2.7332692
15331, 103, 93.11043
15332, 111, 117.80785
15333, 100, 16.128963
15334, 118, 105.23668
15335, 106, 104.70047
15336, 116, 43.48981
15337, 116, 117.62934
15338, 108, 67.76108
15339, 114, 62.053333
15340, 104, 46.426033
15341, 116, 75.08619
15342, 111, 134.2117
15343, 113, 64.355934
15344, 119, 147.42912
15345, 117, 97.49139
15346, 112, 45.90387
15347, 105, 103.66156
15348, 107, 87.859665
15349, 103, 26.992527
15350, 114, 63.1106
15351, 103, 43.988907
15352, 102, 5.7448626
15353, 106, 46.244717
15354, 113, 97.465904
15355, 114, 71.23142
15356, 110, 1.3540775
15357, 107, 107.99271
15358, 111, 115.09891
15359, 116, 131.91057
15360, 108, 122.28481
15361, 109, 50.56816
15362, 106, 133.50853
15363, 101, 6.4303637
15364, 111, 14.605236
15365, 114, 31.71984
15366, 110, 82.941826
15367, 110, 101.049355
15368, 109, 129.83896
15369, 114, 30.317366
15370, 100, 51.289986
15371, 104, 7.9582124
15372, 117, 106.96742
15373, 110, 97.472
15374, 100, 108.39263
15375, 111, 111.49392
15376, 106, 32.548016
15377, 102, 85.2352
15378, 113, 15.124538
15379, 117, 48.02656
15380, 105, 58.165283
15381, 103, 106.76791
15382, 116, 114.18359
15383, 112, 39.935787
15384, 116, 142.68521
15385, 106, 7.431042
15386, 119, 67.682396
15387, 117, 116.97887
15388, 115, 68.63896
15389, 103, 65.959206
15390, 113, 84.83802
15391, 113, 142.6651
15392, 110, 121.3034
15393, 119, 132.19917
15394, 108, 114.51162
15395, 119, 83.02658
15396, 109, 73.047585
15397, 115, 65.92338
15398, 107, 25.837442
15399, 102, 38.42739
15400, 106, 139.49268
15401, 111, 58.817974
15402, 115, 39.66786
15403, 106, 107.87109
15404, 115, 95.15356
15405, 113, 39.549343
15406, 108, 146.43323
15407, 114, 136.63652
15408, 104, 21.336115
15409, 102, 97.82817
15410, 111, 55.461563
15411, 103, 3.383544
15412, 106, 25.389164
15413, 113, 2.9041977
15414, 104, 137.35408
15415, 113, 128.28552
15416, 105, 119.60332
15417, 117, 58.32723
15418, 102, 137.44109
15419, 113, 95.54309
15420, 103, 73.0952
15421, 117, 100.26102
15422, 107, 12.453219
15423, 116, 68.90864
15424, 100, 73.86364
15425, 102, 30.76786
15426, 118, 48.20559
15427, 119, 59.282104
15428, 111, 130.23753
15429, 110, 34.736897
15430, 101, 126.15479
15431, 107, 80.69894
15432, 111, 144.57542
15433, 116, 144.98224
15434, 110, 84.151695
15435, 107, 13.055849
15436, 106, 42.94196
15437, 104, 78.97117
15438, 117, 45.740776
15439, 115, 82.53445
15440, 109, 45.649303
15441, 103, 80.178696
15442, 103, 28.683516
15443, 103, 129.1762
15444, 110, 73.01967
15445, 100, 94.420425
15446, 119, 52.529625
15447, 103, 1.2808889
15448, 116, 92.72948
15449, 104, 134.02025
15450, 103, 60.430813
15451, 116, 120.07199
15452, 113, 30.810652
15453, 109, 135.42052
15454, 115, 52.77857
15455, 100, 48.91938
15456, 109, 13.706812
15457, 114, 59.159187
15458, 117, 122.75542
15459, 117, 104.784256
15460, 115, 60.153687
15461, 106, 53.959717
15462, 116, 144.65851
15463, 112, 46.706493
15464, 118, 1.0286897
15465, 102, 10.320703
15466, 115, 103.12217
15467, 108, 107.387505
15468, 115, 98.670074
15469, 119, 23.626184
15470, 101, 17.833275
15471, 106, 4.155636
15472, 118, 62.42573
15473, 107, 60.90618
15474, 114, 23.161438
15475, 104, 34.291954
15476, 110, 97.62954
15477, 118, 31.071594
15478, 116, 65.94232
15479, 110, 4.3257685
15480, 118, 19.220648
15481, 106, 111.059875
15482, 110, 96.47056
15483, 107, 87.15782
15484, 113, 135.8052
15485, 115, 22.949982
15486, 108, 139.38885
15487, 101, 106.377716
15488, 115, 79.46194
15489, 118, 59.304955
15490, 102, 58.74871
15491, 114, 123.61652
15492, 117, 85.09391
15493, 112, 116.50831
15494, 103, 42.92872
15495, 115, 80.60736
15496, 111, 135.18056
15497, 112, 115.30961
15498, 114, 146.07571
15499, 108, 129.51886
15500, 116, 100.37339
15501, 100, 40.619312
15502, 119, 55.282913
15503, 107, 62.880634
15504, 109, 6.581104
15505, 113, 126.42657
15506, 115, 106.99787
15507, 113, 20.361025
15508, 119, 37.424828
15509, 104, 108.3074
15510, 115, 57.288033
15511, 109, 46.65918
15512, 107, 6.5955253
15513, 108, 104.06504
15514, 114, 123.69367
15515, 117, 105.10369
15516, 114, 99.379906
15517, 115, 87.36268
15518, 113, 56.73495
15519, 114, 58.912342
15520, 118, 13.748055
15521, 117, 104.32215
15522, 104, 74.64538
15523, 100, 30.674135
15524, 117, 120.580635
15525, 118, 92.12694
15526, 110, 149.03946
15527, 100, 72.33067
15528, 103, 17.250717
15529, 101, 114.439186
15530, 111, 110.93132
15531, 107, 97.187614
15532, 109, 144.55865
15533, 110, 122.97566
15534, 113, 51.078354
15535, 106, 80.21287
15536, 119, 92.50112
15537, 110, 135.17937
15538, 101, 140.08684
15539, 103, 114.707344
15540, 104, 118.94531
15541, 100, 99.10613
15542, 103, 116.369804
15543, 110, 75.18484
15544, 108, 66.84864
15545, 111, 129.87941
15546, 113, 54.89651
15547, 114, 144.33365
15548, 111, 51.960243
15549, 101, 139.16798
15550, 104, 44.14014
15551, 106, 73.232346
15552, 115, 45.9909
15553, 106, 113.33441
15554, 111, 140.28577
15555, 110, 104.6004
15556, 116, 123.199036
15557, 108, 1.5496552
15558, 103, 40.5275
15559, 106, 25.011822
15560, 114, 77.8252
15561, 109, 101.11585
15562, 113, 68.576904
15563, 104, 7.2741327
15564, 104, 12.53694
15565, 112, 63.92188
15566, 106, 65.43898
15567, 116, 49.029922
15568, 103, 70.42232
15569, 109, 45.325363
15570, 108, 57.765457
15571, 101, 53.50984
15572, 100, 45.563282
15573, 110, 104.63006
15574, 119, 38.339764
15575, 112, 53.613155
15576, 106, 76.82524
15577, 113, 94.10175
15578, 117, 4.8396797
15579, 108, 125.62665
15580, 109, 73.126205
15581, 103, 99.45456
15582, 119, 72.3883
15583, 103, 125.57939
15584, 119, 83.92639
15585, 108, 25.117706
15586, 110, 95.70662
15587, 105, 149.3769
15588, 105, 88.94823
15589, 100, 92.51792
15590, 103, 32.779224
15591, 119, 126.43108
15592, 106, 149.29257
15593, 108, 49.487972
15594, 119, 44.631645
15595, 100, 133.955
15596, 117, 43.510338
15597, 119, 13.675154
15598, 102, 98.22497
15599, 103, 101.41333
15600, 109, 73.46026
15601, 110, 116.266335
15602, 101, 140.11314
15603, 100, 12.552086
15604, 107, 81.13004
15605, 109, 2.4345784
15606, 107, 60.56079
15607, 113, 15.114418
15608, 105, 91.16636
15609, 105, 107.62305
15610, 107, 113.04078
15611, 108, 56.61376
15612, 103, 99.989624
15613, 105, 112.59062
15614, 112, 127.03957
15615, 103, 114.94671
15616, 107, 130.12857
15617, 119, 125.35708
15618, 112, 69.36081
15619, 114, 38.634064
15620, 101, 88.76795
15621, 102, 90.68636
15622, 111, 2.450806
15623, 101, 5.610734
15624, 108, 63.624825
15625, 108, 8.517909
15626, 116, 50.48142
15627, 105, 24.29932
15628, 110, 56.395885
15629, 104, 57.956036
15630, 111, 51.86585
15631, 105, 129.18619
15632, 117, 1.8170089
15633, 107, 33.415977
15634, 110, 131.56508
15635, 108, 128.1928
15636, 102, 141.13696
15637, 113, 65.05166
15638, 103, 33.001694
15639, 108, 149.70074
15640, 109, 27.394196
15641, 113, 67.57915
15642, 111, 69.15206
15643, 115, 89.843124
15644, 118, 87.3123
15645, 119, 48.582092
15646, 107, 108.47288
15647, 101, 99.179016
15648, 117, 47.973248
15649, 107, 120.59687
15650, 108, 65.392235
15651, 118, 74.35347
15652, 103, 13.364929
15653, 117, 34.03572
15654, 101, 60.844223
15655, 106, 116.20103
15656, 114, 49.050156
15657, 100, 20.569307
15658, 111, 119.401634
15659, 101, 58.25387
15660, 109, 75.394394
15661, 116, 100.8002
15662, 107, 35.364666
15663, 110, 118.92248
15664, 118, 5.4772854
15665, 106, 113.84714
15666, 104, 113.10076
15667, 101, 140.63358
15668, 111, 18.123615
15669, 101, 74.048096
15670, 101, 63.52222
15671, 114, 47.60946
15672, 102, 101.34132
15673, 101, 63.821365
15674, 111, 103.03316
15675, 114, 10.377985
15676, 110, 72.80426
15677, 106, 63.280704
15678, 102, 8.426607
15679, 116, 93.14228
15680, 109, 86.83375
15681, 100, 71.970634
15682, 119, 115.418884
15683, 118, 92.340866
15684, 115, 68.07082
15685, 100, 8.238861
15686, 109, 5.761689
15687, 111, 26.095863
15688, 110, 24.314234
15689, 113, 28.470325
15690, 109, 73.660675
15691, 119, 23.29731
15692, 109, 132.56183
15693, 101, 68.92611
15694, 119, 36.003273
15695, 119, 77.88218
15696, 103, 27.710867
15697, 100, 59.858055
15698, 100, 13.548151
15699, 115, 31.749603
15700, 113, 142.92735
15701, 107, 123.24955
15702, 105, 119.451965
15703, 107, 78.999084
15704, 110, 118.6791
15705, 105, 125.029884
15706, 108, 93.50503
15707, 106, 30.763239
15708, 119, 140.43794
15709, 107, 77.83565
15710, 104, 26.4996
15711, 108, 39.24795
15712, 100, 1.3845742
15713, 115, 113.085785
15714, 100, 114.27363
15715, 113, 79.697395
15716, 102, 43.377106
15717, 108, 73.8903
15718, 113, 106.27436
15719, 119, 83.68998
15720, 111, 144.32158
15721, 110, 64.254364
15722, 112, 58.662807
15723, 107, 86.72019
15724, 110, 69.70606
15725, 100, 115.218346
15726, 119, 40.045624
15727, 101, 103.9727
15728, 105, 75.02342
15729, 119, 5.317435
15730, 112, 65.61797
15731, 105, 10.28924
15732, 106, 67.16204
15733, 118, 102.60564
15734, 109, 82.53309
15735, 104, 2.9402823
15736, 110, 149.73003
15737, 105, 20.59055
15738, 111, 51.91318
15739, 119, 133.60854
15740, 119, 118.38487
15741, 111, 22.074535
15742, 111, 59.378056
15743, 112, 58.958996
15744, 116, 86.65518
15745, 115, 66.10213
15746, 103, 43.138317
15747, 106, 48.125095
15748, 100, 115.53054
15749, 118, 96.63223
15750, 103, 111.56116
15751, 103, 140.28534
15752, 108, 81.29306
15753, 107, 95.72631
15754, 119, 118.379265
15755, 107, 131.3487
15756, 100, 85.28844
15757, 113, 17.80201
15758, 102, 49.853577
15759, 112, 115.8992
15760, 100, 118.875984
15761, 101, 47.08152
15762, 114, 95.64185
15763, 107, 73.6111
15764, 101, 111.03444
15765, 110, 30.691723
15766, 111, 27.08719
15767, 107, 125.03955
15768, 110, 57.544308
15769, 110, 42.887253
15770, 109, 9.657589
15771, 116, 28.418013
15772, 119, 149.64256
15773, 106, 10.640565
15774, 114, 106.59743
15775, 104, 53.132378
15776, 112, 71.91793
15777, 117, 132.60187
15778, 103, 15.597564
15779, 111, 25.965849
15780, 100, 30.86408
15781, 115, 99.41866
15782, 103, 34.625378
15783, 103, 88.855064
15784, 109, 147.26361
15785, 109, 123.052025
15786, 105, 51.170307
15787, 116, 60.554363
15788, 111, 24.984213
15789, 116, 42.107418
15790, 111, 74.413086
15791, 103, 83.11801
15792, 113, 76.086395
15793, 119, 118.25463
15794, 102, 105.17625
15795, 116, 30.120564
15796, 106, 5.0661473
15797, 111, 50.66126
15798, 100, 145.45827
15799, 103, 115.13139
15800, 106, 0.7216215
15801, 113, 112.257904
15802, 112, 119.982086
15803, 112, 57.383137
15804, 101, 16.883978
15805, 119, 93.73217
15806, 119, 144.65565
15807, 101, 75.98211
15808, 103, 32.753162
15809, 110, 89.65649
15810, 113, 8.003444
15811, 118, 56.624786
15812, 102, 23.45219
15813, 116, 73.762695
15814, 100, 124.59966
15815, 101, 143.38377
15816, 115, 33.78236
15817, 104, 56.218563
15818, 104, 77.586006
15819, 115, 113.425186
15820, 113, 38.84697
15821, 110, 47.936707
15822, 104, 20.9144
15823, 102, 80.09143
15824, 103, 106.218185
15825, 111, 9.986695
15826, 116, 3.1215458
15827, 107, 132.82059
15828, 109, 12.363508
15829, 100, 104.002754
15830, 104, 95.423416
15831, 117, 106.02656
15832, 112, 80.82515
15833, 110, 47.905235
15834, 107, 63.064743
15835, 115, 147.5012
15836, 109, 37.584766
15837, 100, 104.53105
15838, 100, 110.63179
15839, 100, 79.82078
15840, 116, 125.11203
15841, 114, 4.1573706
15842, 102, 64.66516
15843, 101, 107.16613
15844, 118, 112.51427
15845, 100, 115.58293
15846, 116, 81.2702
15847, 112, 96.57253
15848, 103, 125.4231
15849, 117, 71.62675
15850, 117, 84.12418
15851, 115, 58.571667
15852, 107, 60.254646
15853, 113, 94.15418
15854, 105, 128.83298
15855, 107, 3.5796404
15856, 119, 56.71834
15857, 110, 45.532207
15858, 102, 14.181206
15859, 113, 138.10274
15860, 116, 139.9551
15861, 114, 64.30152
15862, 108, 128.46648
15863, 116, 11.0835495
15864, 117, 21.28096
15865, 117, 132.80522
15866, 108, 19.11834
15867, 114, 76.20964
15868, 111, 38.006447
15869, 109, 30.995125
15870, 108, 72.12178
15871, 113, 106.33492
15872, 102, 112.60989
15873, 112, 59.840565
15874, 110, 99.52557
15875, 110, 62.61986
15876, 114, 88.89171
15877, 119, 126.40587
15878, 111, 111.946304
15879, 109, 55.85737
15880, 107, 119.4243
15881, 109, 16.463427
15882, 102, 89.070076
15883, 111, 18.062443
15884, 114, 47.601906
15885, 109, 131.42357
15886, 116, 53.721054
15887, 111, 89.07869
15888, 115, 24.036911
15889, 114, 136.45027
15890, 114, 63.439026
15891, 113, 147.49371
15892, 102, 26.585331
15893, 117, 4.8309894
15894, 102, 109.93545
15895, 115, 6.11507
15896, 102, 33.42501
15897, 108, 132.41258
15898, 108, 93.07898
15899, 117, 20.833057
15900, 104, 70.99306
15901, 118, 106.402
15902, 118, 63.203556
15903, 112, 89.18916
15904, 116, 70.90854
15905, 114, 142.01897
15906, 117, 82.75098
15907, 114, 82.913635
15908, 112, 84.25139
15909, 114, 11.110112
15910, 110, 97.50238
15911, 102, 100.25275
15912, 117, 114.72157
15913, 119, 74.95158
15914, 116, 112.656555
15915, 109, 64.55721
15916, 113, 75.38175
15917, 108, 68.60726
15918, 106, 145.5679
15919, 103, 8.769616
15920, 119, 126.712
15921, 107, 130.11206
15922, 101, 93.61385
15923, 119, 34.82972
15924, 113, 36.83645
15925, 112, 20.184696
15926, 100, 82.409
15927, 119, 45.504704
15928, 105, 8.967241
15929, 115, 49.363457
15930, 103, 134.67963
15931, 116, 140.68547
15932, 117, 5.7014914
15933, 118, 52.743702
15934, 106, 126.25037
15935, 104, 109.94776
15936, 103, 3.0467033
15937, 106, 41.948704
15938, 106, 49.269337
15939, 101, 102.864555
15940, 103, 113.49367
15941, 113, 10.468277
15942, 113, 0.23960173
15943, 104, 99.6469
15944, 116, 106.5154
15945, 113, 70.267365
15946, 104, 59.800495
15947, 110, 93.35568
15948, 108, 92.288605
15949, 100, 128.81587
15950, 105, 52.965134
15951, 118, 1.9307703
15952, 111, 142.91835
15953, 106, 71.809235
15954, 101, 68.71525
15955, 104, 108.20493
15956, 117, 91.42272
15957, 109, 132.27779
15958, 104, 137.39587
15959, 115, 39.085052
15960, 119, 83.01586
15961, 111, 119.01351
15962, 118, 41.17409
15963, 101, 50.389374
15964, 111, 111.52378
15965, 116, 138.66417
15966, 106, 117.64429
15967, 105, 75.73014
15968, 116, 74.44284
15969, 103, 93.92462
15970, 109, 66.16982
15971, 111, 57.079975
15972, 115, 37.012867
15973, 117, 51.95218
15974, 101, 149.63646
15975, 107, 102.514854
15976, 115, 84.78854
15977, 118, 103.33636
15978, 101, 23.933388
15979, 116, 129.15067
15980, 119, 13.949069
15981, 111, 89.02569
15982, 106, 74.93494
15983, 102, 149.04292
15984, 106, 3.8120537
15985, 116, 127.99537
15986, 108, 121.47574
15987, 113, 5.0481944
15988, 117, 116.827545
15989, 109, 123.29312
15990, 100, 41.482178
15991, 115, 95.668686
15992, 113, 82.30535
15993, 112, 123.10484
15994, 111, 85.390656
15995, 108, 37.020092
15996, 107, 101.49848
15997, 108, 147.43883
15998, 118, 71.98207
15999, 108, 82.34467
16000, 114, 146.48976
16001, 106, 105.20396
16002, 112, 33.89806
16003, 108, 50.505577
16004, 110, 9.910459
16005, 113, 1.0673046
16006, 111, 68.031204
16007, 104, 95.2126
16008, 113, 28.340023
16009, 101, 40.33337
16010, 114, 103.94613
16011, 100, 79.60026
16012, 112, 32.839867
16013, 115, 136.67738
16014, 102, 112.027466
16015, 112, 38.26308
16016, 118, 106.765274
16017, 107, 13.512799
16018, 110, 104.843765
16019, 114, 77.33105
16020, 116, 84.39785
16021, 117, 16.825586
16022, 111, 59.11526
16023, 111, 141.36197
16024, 100, 93.89821
16025, 116, 99.50993
16026, 115, 107.93465
16027, 100, 62.96779
16028, 119, 53.077812
16029, 101, 66.09269
16030, 107, 44.828117
16031, 116, 43.849262
16032, 104, 104.96455
16033, 111, 23.101562
16034, 102, 53.635105
16035, 101, 14.746115
16036, 105, 85.28585
16037, 103, 4.405779
16038, 101, 47.90157
16039, 109, 31.674376
16040, 111, 96.54227
16041, 114, 21.550798
16042, 107, 17.930933
16043, 114, 105.95034
16044, 118, 71.86167
16045, 119, 81.61948
16046, 117, 3.018701
16047, 113, 34.911964
16048, 114, 122.087296
16049, 118, 66.61969
16050, 101, 144.3341
16051, 106, 35.663563
16052, 113, 65.499405
16053, 103, 136.66423
16054, 107, 106.01754
16055, 115, 105.752426
16056, 101, 111.95131
16057, 108, 114.673775
16058, 101, 49.55629
16059, 113, 94.56336
16060, 111, 136.05704
16061, 118, 71.28426
16062, 108, 29.32999
16063, 117, 148.48085
16064, 108, 3.4326463
16065, 119, 39.56363
16066, 106, 127.33585
16067, 109, 96.62883
16068, 112, 41.80472
16069, 111, 6.9000006
16070, 106, 13.582045
16071, 106, 113.9736
16072, 119, 93.415695
16073, 108, 60.273598
16074, 110, 47.676937
16075, 111, 75.57083
16076, 106, 53.876003
16077, 106, 99.47664
16078, 112, 142.59741
16079, 100, 5.066505
16080, 104, 89.586205
16081, 100, 114.23392
16082, 101, 80.08912
16083, 117, 26.040762
16084, 108, 44.65033
16085, 119, 123.3452
16086, 117, 79.28998
16087, 109, 121.55396
16088, 104, 118.85865
16089, 100, 128.84685
16090, 112, 101.866425
16091, 104, 128.81758
16092, 119, 48.797535
16093, 106, 77.70074
16094, 116, 41.096306
16095, 106, 112.455246
16096, 117, 123.04386
16097, 110, 117.50586
16098, 104, 32.039577
16099, 105, 85.433754
16100, 105, 80.54816
16101, 114, 102.1034
16102, 102, 148.55096
16103, 101, 55.725063
16104, 109, 5.003929
16105, 100, 101.30596
16106, 116, 80.19695
16107, 108, 22.02124
16108, 100, 43.309666
16109, 106, 56.677223
16110, 119, 81.81268
16111, 118, 7.300213
16112, 108, 144.72786
16113, 112, 86.75921
16114, 118, 114.00823
16115, 110, 134.71019
16116, 106, 55.345024
16117, 115, 44.30266
16118, 102, 33.593933
16119, 114, 145.31566
16120, 107, 62.028755
16121, 109, 52.69195
16122, 100, 2.2805035
16123, 108, 6.6115737
16124, 118, 132.37946
16125, 102, 85.352325
16126, 110, 30.146133
16127, 101, 36.60625
16128, 109, 114.54616
16129, 119, 100.96967
16130, 106, 96.6225
16131, 106, 1.017192
16132, 115, 116.159256
16133, 110, 74.7908
16134, 103, 41.51838
16135, 119, 86.81388
16136, 119, 76.03318
16137, 107, 127.97728
16138, 109, 56.950665
16139, 114, 78.01538
16140, 104, 3.9364905
16141, 102, 102.279434
16142, 106, 125.27891
16143, 102, 22.993542
16144, 111, 5.488676
16145, 107, 45.546387
16146, 106, 65.46735
16147, 110, 136.20729
16148, 108, 130.19687
16149, 114, 105.367874
16150, 119, 88.941
16151, 107, 5.543697
16152, 109, 113.716125
16153, 119, 35.748947
16154, 106, 142.02603
16155, 102, 43.78606
16156, 103, 81.31896
16157, 115, 110.040634
