97798, 101, 19.515074
97799, 114, 144.432
97800, 119, 67.19451
97801, 101, 30.0946
97802, 112, 68.75599
97803, 110, 114.69206
97804, 115, 132.95189
97805, 100, 10.116667
97806, 118, 36.489433
97807, 112, 80.286736
97808, 100, 71.41289
97809, 117, 91.53948
97810, 109, 99.74459
97811, 104, 61.467342
97812, 117, 116.01381
97813, 102, 49.854668
97814, 102, 27.094067
97815, 118, 94.575066
97816, 109, 10.269481
97817, 114, 76.92273
97818, 109, 143.41843
97819, 116, 86.75337
97820, 118, 139.04207
97821, 104, 136.98003
97822, 116, 118.95833
97823, 107, 96.879036
97824, 108, 136.89026
97825, 119, 52.70228
97826, 116, 104.27284
97827, 111, 124.105255
97828, 100, 96.07995
97829, 104, 105.29596
97830, 111, 19.02742
97831, 115, 52.83282
97832, 100, 46.481045
97833, 116, 114.23899
97834, 119, 92.73908
97835, 115, 75.89024
97836, 110, 82.97096
97837, 112, 36.255222
97838, 115, 0.2833575
97839, 104, 145.066
97840, 115, 5.9006987
97841, 111, 32.489277
97842, 105, 0.90664923
97843, 119, 36.8138
97844, 115, 4.654813
97845, 100, 22.060213
97846, 105, 71.96919
97847, 115, 110.73053
97848, 114, 77.16225
97849, 118, 38.347588
97850, 115, 112.494865
97851, 101, 114.65669
97852, 112, 74.30863
97853, 118, 122.28854
97854, 112, 105.69583
97855, 114, 20.305798
97856, 111, 12.697416
97857, 104, 73.35997
97858, 102, 71.639565
97859, 101, 126.27568
97860, 107, 102.97426
97861, 106, 113.2632
97862, 115, 6.9936543
97863, 105, 22.587294
97864, 107, 27.34319
97865, 109, 79.4357
97866, 111, 17.707846
97867, 106, 98.49229
97868, 116, 67.357346
97869, 102, 58.672436
97870, 110, 14.278767
97871, 102, 60.819824
97872, 107, 10.98218
97873, 108, 137.99402
97874, 117, 71.960976
97875, 110, 67.49819
97876, 119, 21.287575
97877, 109, 133.70732
97878, 113, 103.3316
97879, 110, 121.92908
97880, 118, 38.540455
97881, 112, 92.76234
97882, 112, 30.127197
97883, 101, 104.4967
97884, 103, 3.9235444
97885, 103, 96.663574
97886, 111, 11.804232
97887, 115, 6.5454216
97888, 108, 139.15367
97889, 114, 65.89387
97890, 115, 70.247284
97891, 107, 123.64904
97892, 106, 17.675686
97893, 119, 87.04991
97894, 105, 65.01435
97895, 107, 81.879684
97896, 118, 104.339264
97897, 115, 145.08125
97898, 101, 124.9395
97899, 109, 60.03607
97900, 102, 46.95628
97901, 112, 90.83934
97902, 107, 17.55217
97903, 100, 80.35739
97904, 103, 46.728497
97905, 111, 31.341263
97906, 102, 39.214737
97907, 113, 95.91694
97908, 118, 51.423203
97909, 104, 76.942566
97910, 114, 47.02008
97911, 119, 104.11491
97912, 119, 71.95048
97913, 119, 139.36288
97914, 106, 123.454704
97915, 117, 59.952118
97916, 106, 122.86005
97917, 106, 76.730446
97918, 117, 73.66498
97919, 100, 113.38363
97920, 112, 101.09951
97921, 104, 84.65615
97922, 114, 120.76229
97923, 119, 126.87541
97924, 109, 106.541115
97925, 108, 9.191689
97926, 108, 2.9118867
97927, 110, 128.07587
97928, 111, 48.421875
97929, 110, 61.60131
97930, 108, 17.148855
97931, 109, 94.71374
97932, 106, 103.889656
97933, 105, 71.978386
97934, 118, 141.40244
97935, 108, 9.225011
97936, 103, 16.752264
97937, 118, 142.24527
97938, 111, 147.85715
97939, 116, 122.71836
97940, 106, 145.15509
97941, 118, 57.63067
97942, 110, 0.15912652
97943, 105, 83.48245
97944, 114, 112.27908
97945, 100, 115.79355
97946, 119, 140.51204
97947, 116, 26.548676
97948, 111, 5.9646425
97949, 115, 149.38957
97950, 112, 14.543777
97951, 112, 108.54928
97952, 100, 2.4749727
97953, 105, 74.77581
97954, 116, 111.26824
97955, 107, 3.1841664
97956, 106, 15.183708
97957, 101, 73.453064
97958, 106, 19.120726
97959, 119, 31.969543
97960, 107, 128.17297
97961, 101, 128.8548
97962, 115, 75.84161
97963, 116, 134.6794
97964, 103, 44.314377
97965, 118, 121.413605
97966, 107, 49.02573
97967, 113, 122.71782
97968, 117, 85.94353
97969, 111, 53.90887
97970, 111, 114.995705
97971, 119, 64.3246
97972, 100, 60.982903
97973, 118, 20.928795
97974, 116, 32.43545
97975, 115, 25.872936
97976, 100, 120.05912
97977, 114, 77.94461
97978, 114, 36.849716
97979, 115, 143.2462
97980, 107, 89.054665
97981, 104, 120.906395
97982, 103, 122.789246
97983, 110, 84.6163
97984, 115, 7.9701843
97985, 107, 140.18652
97986, 111, 25.755777
97987, 101, 127.8428
97988, 108, 104.959236
97989, 107, 121.705086
97990, 117, 85.01669
97991, 106, 55.96765
97992, 101, 115.26496
97993, 103, 22.303453
97994, 115, 106.40944
97995, 113, 27.066744
97996, 103, 22.664764
97997, 114, 14.617494
97998, 104, 48.9864
97999, 110, 141.05186
98000, 103, 17.346848
98001, 112, 42.58302
98002, 118, 99.04447
98003, 115, 50.41137
98004, 114, 41.871338
98005, 114, 98.93555
98006, 101, 77.99542
98007, 119, 139.17725
98008, 102, 102.456436
98009, 103, 133.3527
98010, 111, 36.98321
98011, 117, 120.53636
98012, 114, 21.279081
98013, 114, 77.51797
98014, 104, 11.559087
98015, 109, 96.1815
98016, 108, 31.959047
98017, 106, 42.913727
98018, 107, 122.099304
98019, 107, 36.719666
98020, 110, 46.813488
98021, 114, 70.23105
98022, 109, 46.230724
98023, 108, 41.89553
98024, 108, 20.535378
98025, 118, 72.747
98026, 116, 77.64347
98027, 101, 93.39567
98028, 110, 47.503254
98029, 100, 90.74303
98030, 103, 28.891638
98031, 104, 149.87425
98032, 111, 96.9696
98033, 114, 5.5699825
98034, 112, 126.95036
98035, 111, 21.758661
98036, 112, 26.029104
98037, 108, 30.226341
98038, 111, 18.381018
98039, 104, 133.92734
98040, 101, 93.09434
98041, 117, 55.904648
98042, 110, 120.755226
98043, 100, 125.39486
98044, 112, 49.942677
98045, 114, 10.705358
98046, 118, 17.094183
98047, 104, 70.85874
98048, 119, 99.22741
98049, 115, 58.258457
98050, 108, 65.31819
98051, 100, 48.760654
98052, 113, 49.665417
98053, 102, 149.14203
98054, 109, 105.05447
98055, 111, 41.834057
98056, 110, 118.01866
98057, 117, 54.042236
98058, 111, 147.96294
98059, 115, 54.137062
98060, 107, 26.679075
98061, 108, 125.58174
98062, 119, 144.31606
98063, 119, 140.81413
98064, 103, 140.57819
98065, 115, 36.787766
98066, 115, 90.489525
98067, 118, 68.4106
98068, 113, 112.32316
98069, 110, 103.829704
98070, 109, 61.046112
98071, 116, 85.14569
98072, 104, 67.111916
98073, 107, 94.152145
98074, 115, 62.564163
98075, 108, 72.607735
98076, 118, 117.05125
98077, 114, 60.93587
98078, 118, 47.856117
98079, 119, 87.75855
98080, 119, 97.176765
98081, 112, 114.287964
98082, 108, 53.08925
98083, 102, 34.222637
98084, 113, 80.50342
98085, 112, 113.378944
98086, 102, 46.271877
98087, 112, 110.3212
98088, 110, 28.718403
98089, 114, 93.67312
98090, 105, 118.61624
98091, 108, 70.702805
98092, 113, 98.12082
98093, 117, 36.47992
98094, 112, 10.820282
98095, 119, 43.299767
98096, 100, 57.752956
98097, 116, 50.529224
98098, 112, 140.41747
98099, 101, 110.699844
98100, 119, 41.910713
98101, 106, 73.26637
98102, 105, 30.719027
98103, 107, 116.16011
98104, 108, 82.995605
98105, 101, 32.527275
98106, 105, 107.89459
98107, 115, 22.512245
98108, 118, 116.099045
98109, 101, 7.9520435
98110, 108, 6.3303976
98111, 110, 142.14607
98112, 119, 32.538433
98113, 105, 81.78739
98114, 113, 115.69575
98115, 118, 138.30655
98116, 104, 91.972855
98117, 106, 52.854053
98118, 114, 84.87619
98119, 111, 108.00469
98120, 104, 30.669235
98121, 103, 18.878666
98122, 116, 64.47133
98123, 114, 82.11788
98124, 113, 119.904205
98125, 119, 122.17145
98126, 115, 13.193456
98127, 109, 149.43098
98128, 112, 103.04651
98129, 100, 66.24653
98130, 110, 143.53795
98131, 118, 67.27436
98132, 119, 94.74831
98133, 118, 145.17027
98134, 108, 14.919985
98135, 115, 4.5098305
98136, 102, 135.80762
98137, 111, 122.7062
98138, 102, 107.99084
98139, 100, 148.3619
98140, 106, 60.942795
98141, 115, 74.16353
98142, 102, 124.99106
98143, 114, 149.91191
98144, 110, 14.353824
98145, 110, 33.902863
98146, 117, 28.974304
98147, 115, 4.9629183
98148, 103, 116.360344
98149, 102, 2.27699
98150, 111, 19.500008
98151, 104, 129.65999
98152, 102, 67.362595
98153, 111, 61.98924
98154, 116, 47.67293
98155, 100, 107.441
98156, 107, 86.48091
98157, 109, 62.347233
98158, 103, 4.282272
98159, 110, 4.1588097
98160, 102, 45.939644
98161, 106, 35.20172
98162, 119, 13.524413
98163, 110, 29.989948
98164, 109, 7.0418625
98165, 103, 4.8283157
98166, 102, 106.13085
98167, 113, 22.225079
98168, 107, 59.16718
98169, 106, 132.31688
98170, 113, 53.982685
98171, 101, 97.86852
98172, 106, 50.55804
98173, 116, 118.84292
98174, 106, 143.2268
98175, 103, 38.21169
98176, 119, 14.09119
98177, 103, 147.66487
98178, 118, 136.96318
98179, 117, 100.84869
98180, 110, 12.859029
98181, 108, 105.70324
98182, 116, 102.44933
98183, 111, 100.359436
98184, 100, 6.886616
98185, 108, 39.704044
98186, 108, 17.751995
98187, 106, 52.03625
98188, 116, 76.633224
98189, 109, 60.07387
98190, 107, 143.11073
98191, 105, 148.88026
98192, 116, 105.77368
98193, 119, 52.125576
98194, 103, 76.45282
98195, 109, 28.82656
98196, 118, 138.16367
98197, 103, 138.69495
98198, 100, 44.77391
98199, 104, 47.13816
98200, 117, 9.582943
98201, 109, 6.912133
98202, 110, 25.813374
98203, 110, 51.528294
98204, 117, 97.21579
98205, 110, 91.20337
98206, 112, 17.537159
98207, 106, 58.58531
98208, 102, 4.8187943
98209, 109, 145.0446
98210, 104, 137.76996
98211, 114, 127.083565
98212, 109, 128.47614
98213, 102, 103.499756
98214, 116, 27.48423
98215, 106, 40.92544
98216, 109, 77.36746
98217, 111, 104.324356
98218, 119, 84.62084
98219, 117, 14.886197
98220, 117, 49.992756
98221, 108, 110.69812
98222, 111, 1.5236914
98223, 109, 82.53708
98224, 116, 9.695953
98225, 106, 95.31868
98226, 108, 56.58279
98227, 106, 139.3263
98228, 112, 45.461037
98229, 110, 18.169195
98230, 106, 143.90125
98231, 119, 12.373611
98232, 119, 14.011627
98233, 111, 93.4635
98234, 105, 24.335531
98235, 113, 43.724808
98236, 114, 36.84468
98237, 100, 41.603394
98238, 107, 33.62509
98239, 101, 43.371937
98240, 112, 9.051811
98241, 113, 84.765305
98242, 110, 128.18755
98243, 119, 51.76826
98244, 101, 101.14562
98245, 102, 57.80552
98246, 110, 24.83282
98247, 100, 121.09049
98248, 119, 27.292881
98249, 117, 106.063934
98250, 111, 91.18315
98251, 101, 120.89549
98252, 113, 132.9088
98253, 102, 2.248013
98254, 112, 131.9258
98255, 119, 10.7872095
98256, 118, 29.586903
98257, 119, 13.578531
98258, 114, 90.454834
98259, 112, 52.845528
98260, 104, 45.13261
98261, 103, 134.59892
98262, 117, 90.052734
98263, 111, 11.914203
98264, 114, 108.384544
98265, 106, 42.709843
98266, 100, 87.89621
98267, 109, 50.288048
98268, 110, 104.47427
98269, 105, 145.2389
98270, 108, 33.099632
98271, 100, 111.76153
98272, 111, 39.70475
98273, 105, 138.30078
98274, 118, 3.4075856
98275, 110, 2.5411785
98276, 113, 19.840023
98277, 104, 62.227516
98278, 115, 39.92783
98279, 118, 32.265152
98280, 102, 48.97982
98281, 103, 43.912304
98282, 100, 48.75969
98283, 100, 2.2561045
98284, 103, 30.770937
98285, 116, 100.15611
98286, 103, 40.854637
98287, 118, 101.592125
98288, 111, 42.76184
98289, 112, 78.38534
98290, 112, 141.14487
98291, 117, 141.5339
98292, 103, 30.311287
98293, 110, 134.59909
98294, 100, 119.996284
98295, 115, 129.99449
98296, 104, 89.988014
98297, 113, 33.767124
98298, 105, 88.99253
98299, 119, 14.42906
98300, 112, 19.952148
98301, 112, 69.38089
98302, 112, 111.79749
98303, 105, 4.74422
98304, 115, 57.2635
98305, 110, 89.436356
98306, 108, 142.20447
98307, 109, 108.41036
98308, 103, 133.26831
98309, 109, 5.8198214
98310, 106, 101.4032
98311, 114, 75.13384
98312, 111, 147.88023
98313, 106, 28.867838
98314, 108, 105.12088
98315, 108, 118.677
98316, 119, 21.562904
98317, 104, 16.53818
98318, 108, 79.4932
98319, 109, 111.6382
98320, 118, 30.435678
98321, 111, 122.31723
98322, 115, 52.932026
98323, 109, 77.77331
98324, 108, 111.68464
98325, 106, 22.325304
98326, 107, 142.87968
98327, 116, 3.4870505
98328, 109, 75.45422
98329, 112, 92.11556
98330, 114, 48.41669
98331, 101, 68.110535
98332, 109, 8.581808
98333, 113, 0.707379
98334, 116, 106.50196
98335, 109, 50.052505
98336, 100, 36.79847
98337, 111, 45.74326
98338, 110, 127.83081
98339, 117, 61.253384
98340, 118, 53.349136
98341, 119, 132.69804
98342, 104, 16.847044
98343, 117, 65.91514
98344, 101, 96.7273
98345, 100, 111.69838
98346, 108, 91.92419
98347, 115, 57.45004
98348, 112, 18.09427
98349, 115, 31.393639
98350, 100, 58.215057
98351, 101, 78.93422
98352, 108, 129.67146
98353, 108, 58.440952
98354, 108, 92.85591
98355, 117, 107.385376
98356, 116, 149.48497
98357, 106, 144.10852
98358, 102, 78.24764
98359, 100, 1.0751277
98360, 100, 123.23972
98361, 108, 69.782005
98362, 108, 108.86901
98363, 112, 129.4255
98364, 105, 142.44002
98365, 112, 65.14981
98366, 107, 129.39655
98367, 107, 112.99631
98368, 109, 25.409863
98369, 111, 63.376896
98370, 117, 122.81174
98371, 102, 143.77643
98372, 113, 57.656086
98373, 102, 68.04135
98374, 116, 56.54255
98375, 114, 123.79166
98376, 117, 90.4924
98377, 106, 110.47399
98378, 112, 119.9187
98379, 110, 12.117129
98380, 102, 99.11565
98381, 113, 149.58464
98382, 105, 41.14345
98383, 118, 21.458344
98384, 106, 82.28311
98385, 101, 52.266052
98386, 107, 0.40756166
98387, 105, 31.377544
98388, 110, 144.1872
98389, 102, 89.08771
98390, 118, 14.767751
98391, 102, 9.360928
98392, 101, 35.24317
98393, 118, 35.2149
98394, 116, 92.88368
98395, 108, 79.98484
98396, 119, 15.098807
98397, 112, 75.23271
98398, 110, 55.105038
98399, 102, 143.33047
98400, 111, 147.1117
98401, 112, 42.350803
98402, 115, 54.96411
98403, 100, 49.732204
98404, 106, 144.07948
98405, 112, 120.805565
98406, 106, 68.20019
98407, 104, 2.3257792
98408, 104, 134.99673
98409, 110, 77.05968
98410, 116, 124.09923
98411, 101, 116.56174
98412, 107, 137.6983
98413, 101, 128.6475
98414, 117, 84.19428
98415, 118, 17.289743
98416, 103, 60.180508
98417, 105, 5.2712917
98418, 100, 115.579544
98419, 105, 31.544682
98420, 105, 41.20513
98421, 113, 30.303373
98422, 113, 110.42923
98423, 102, 56.017227
98424, 109, 28.668604
98425, 102, 127.392105
98426, 112, 95.8979
98427, 104, 100.61251
98428, 100, 125.97679
98429, 101, 91.95545
98430, 103, 5.4978223
98431, 108, 69.31261
98432, 100, 5.9348526
98433, 113, 85.426094
98434, 119, 25.782135
98435, 103, 54.999733
98436, 101, 48.60312
98437, 115, 126.68051
98438, 118, 101.0485
98439, 113, 132.30376
98440, 104, 26.57892
98441, 106, 147.71658
98442, 109, 27.425962
98443, 114, 110.48351
98444, 114, 88.12348
98445, 107, 17.295546
98446, 103, 104.393974
98447, 111, 135.34378
98448, 103, 105.624176
98449, 115, 73.39658
98450, 113, 17.710653
98451, 111, 33.78514
98452, 109, 15.503839
98453, 101, 36.78706
98454, 117, 70.6204
98455, 113, 0.23255646
98456, 109, 30.262543
98457, 118, 109.36432
98458, 110, 130.47984
98459, 102, 51.568634
98460, 118, 69.0936
98461, 107, 83.2258
98462, 100, 2.3188412
98463, 112, 36.11106
98464, 117, 79.51995
98465, 105, 39.115253
98466, 117, 122.57181
98467, 102, 133.0206
98468, 113, 37.398174
98469, 104, 0.05659461
98470, 119, 29.291243
98471, 115, 57.52944
98472, 111, 43.87223
98473, 119, 103.66093
98474, 118, 112.06174
98475, 115, 115.565285
98476, 102, 103.60879
98477, 109, 5.9285583
98478, 113, 31.793789
98479, 112, 30.857876
98480, 118, 50.864105
98481, 112, 139.00406
98482, 110, 138.46266
98483, 115, 2.243516
98484, 110, 20.979765
98485, 100, 129.98723
98486, 109, 23.67745
98487, 117, 17.3307
98488, 109, 24.118433
98489, 102, 58.883743
98490, 107, 64.41906
98491, 107, 36.53159
98492, 114, 87.64407
98493, 117, 81.52305
98494, 114, 140.30455
98495, 108, 144.53198
98496, 102, 120.15973
98497, 101, 94.04009
98498, 108, 39.743793
98499, 107, 144.64673
98500, 107, 78.87366
98501, 109, 6.3798575
98502, 101, 149.64597
98503, 112, 41.293976
98504, 119, 51.431
98505, 108, 146.99979
98506, 107, 21.999067
98507, 107, 91.84143
98508, 105, 23.419575
98509, 108, 34.630768
98510, 108, 15.115481
98511, 107, 5.5415063
98512, 117, 106.02753
98513, 101, 46.483433
98514, 112, 67.63814
98515, 110, 47.714157
98516, 119, 6.393957
98517, 109, 10.160512
98518, 105, 20.550262
98519, 108, 83.43672
98520, 111, 44.670574
98521, 113, 133.66753
98522, 101, 7.033414
98523, 117, 24.353207
98524, 106, 47.8615
98525, 100, 0.596112
98526, 100, 106.97073
98527, 112, 140.07841
98528, 105, 72.50668
98529, 108, 45.516552
98530, 109, 28.52666
98531, 113, 139.10936
98532, 115, 118.35769
98533, 111, 88.02071
98534, 117, 50.663147
98535, 105, 10.80207
98536, 106, 6.305945
98537, 101, 78.48004
98538, 119, 9.326702
98539, 109, 26.999687
98540, 101, 25.556194
98541, 104, 89.45786
98542, 112, 100.333046
98543, 104, 22.988955
98544, 112, 54.030285
98545, 104, 131.21266
98546, 112, 41.376507
98547, 103, 2.8460383
98548, 106, 104.152214
98549, 107, 39.395966
98550, 107, 112.440445
98551, 107, 85.862976
98552, 114, 19.925808
98553, 113, 36.364174
98554, 112, 22.110058
98555, 114, 9.265325
98556, 110, 7.8828692
98557, 118, 105.24225
98558, 105, 65.757164
98559, 118, 7.6595216
98560, 119, 108.841934
98561, 100, 81.54791
98562, 110, 134.70306
98563, 113, 26.93232
98564, 115, 59.907246
98565, 101, 9.479427
98566, 105, 62.362057
98567, 114, 119.964165
98568, 104, 128.56114
98569, 109, 119.75498
98570, 104, 104.5213
98571, 107, 0.77156425
98572, 117, 55.158466
98573, 105, 32.34189
98574, 108, 106.55749
98575, 114, 87.343666
98576, 112, 61.433968
98577, 119, 32.46681
98578, 105, 25.305838
98579, 100, 58.323204
98580, 107, 35.192253
98581, 116, 97.02998
98582, 109, 55.15345
98583, 114, 49.41167
98584, 119, 100.06196
98585, 117, 124.50803
98586, 118, 146.64412
98587, 107, 96.5821
98588, 119, 122.260544
98589, 115, 28.712368
98590, 101, 76.87438
98591, 118, 122.191124
98592, 103, 95.99461
98593, 105, 102.10445
98594, 117, 6.7823143
98595, 114, 6.7224116
98596, 108, 68.222755
98597, 110, 71.204216
98598, 106, 124.20126
98599, 117, 130.82326
98600, 105, 104.49539
98601, 118, 24.601141
98602, 104, 85.65548
98603, 119, 116.41746
98604, 107, 113.834854
98605, 115, 73.55627
98606, 119, 119.89081
98607, 114, 12.89463
98608, 100, 46.799343
98609, 100, 135.76659
98610, 110, 135.72916
98611, 109, 21.54808
98612, 112, 96.97057
98613, 114, 142.52484
98614, 103, 51.507076
98615, 103, 147.33372
98616, 107, 8.534092
98617, 111, 7.553154
98618, 112, 55.18178
98619, 118, 1.1562467
98620, 109, 79.68729
98621, 119, 66.444725
98622, 115, 65.67885
98623, 109, 25.407644
98624, 109, 124.40294
98625, 104, 63.87536
98626, 119, 136.16983
98627, 104, 58.76568
98628, 108, 14.590385
98629, 107, 106.92066
98630, 119, 37.46946
98631, 101, 12.686491
98632, 114, 44.13845
98633, 112, 32.330902
98634, 108, 69.36616
98635, 115, 105.45242
98636, 111, 120.57015
98637, 112, 130.7783
98638, 106, 55.631535
98639, 119, 54.797432
98640, 112, 129.53416
98641, 118, 134.51477
98642, 109, 130.27783
98643, 110, 132.78625
98644, 108, 71.83234
98645, 104, 142.89377
98646, 103, 4.621616
98647, 106, 129.1734
98648, 108, 124.94602
98649, 101, 58.765038
98650, 105, 61.15072
98651, 104, 106.14458
98652, 115, 78.58125
98653, 112, 108.06611
98654, 109, 117.767624
98655, 106, 14.287556
98656, 114, 93.03612
98657, 119, 27.41053
98658, 114, 121.984375
98659, 105, 110.03087
98660, 116, 87.79364
98661, 100, 130.54233
98662, 119, 85.08246
98663, 104, 105.74714
98664, 112, 99.82068
98665, 119, 91.04782
98666, 106, 107.542694
98667, 117, 75.74376
98668, 114, 111.4293
98669, 109, 61.159542
98670, 104, 123.55276
98671, 113, 16.233114
98672, 109, 146.31389
98673, 102, 134.18813
98674, 114, 14.495185
98675, 119, 149.42874
98676, 106, 88.91878
98677, 109, 140.36148
98678, 114, 6.1045647
98679, 105, 43.101196
98680, 111, 0.980705
98681, 109, 29.762802
98682, 115, 147.20012
98683, 103, 133.2803
98684, 112, 47.81058
98685, 108, 142.59639
98686, 118, 32.445656
98687, 101, 71.68922
98688, 104, 130.61371
98689, 110, 26.459366
98690, 107, 112.26493
98691, 105, 12.002626
98692, 112, 132.31029
98693, 103, 132.42618
98694, 119, 8.244761
98695, 118, 124.229774
98696, 106, 97.97474
98697, 116, 31.944912
98698, 117, 4.2755394
98699, 104, 51.43498
98700, 109, 114.18161
98701, 117, 0.23679435
98702, 117, 53.173702
98703, 114, 53.45538
98704, 105, 22.616253
98705, 113, 18.646208
98706, 119, 46.952435
98707, 112, 41.300243
98708, 100, 12.729353
98709, 104, 3.3748536
98710, 107, 61.220295
98711, 115, 53.200974
98712, 105, 122.734985
98713, 113, 20.11065
98714, 105, 17.278397
98715, 112, 146.59125
98716, 111, 70.89501
98717, 109, 123.89932
98718, 104, 137.44498
98719, 118, 119.28656
98720, 105, 94.81459
98721, 107, 63.262054
98722, 113, 90.13476
98723, 108, 20.480919
98724, 116, 70.771706
98725, 100, 118.155655
98726, 105, 11.412353
98727, 103, 93.16517
98728, 117, 112.42195
98729, 113, 77.062836
98730, 100, 34.04907
98731, 103, 121.91247
98732, 118, 46.56255
98733, 104, 66.34004
98734, 118, 125.70844
98735, 114, 147.8492
98736, 116, 121.96538
98737, 117, 31.408337
98738, 114, 113.64593
98739, 113, 28.211859
98740, 119, 4.7715874
98741, 114, 126.13256
98742, 118, 107.68973
98743, 105, 42.880905
98744, 117, 95.45532
98745, 113, 26.491446
98746, 113, 122.70396
98747, 111, 26.714506
98748, 117, 122.07576
98749, 116, 61.114998
98750, 101, 70.20538
98751, 110, 119.82633
98752, 118, 34.497337
98753, 114, 78.18034
98754, 100, 79.46377
98755, 112, 137.72633
98756, 112, 22.553114
98757, 103, 64.69413
98758, 108, 86.84073
98759, 105, 59.15407
98760, 111, 116.932976
98761, 112, 127.51037
98762, 109, 113.05305
98763, 106, 16.436085
98764, 113, 61.37969
98765, 109, 94.13455
98766, 109, 105.36085
98767, 106, 36.657913
98768, 108, 101.297775
98769, 103, 129.18925
98770, 109, 119.12342
98771, 117, 111.76509
98772, 103, 113.199844
98773, 116, 138.73872
98774, 107, 17.308374
98775, 106, 140.5633
98776, 117, 15.612021
98777, 115, 26.17481
98778, 109, 100.6938
98779, 118, 91.605286
98780, 115, 5.734473
98781, 105, 61.96874
98782, 114, 8.272952
98783, 110, 136.0212
98784, 107, 49.599945
98785, 110, 98.53544
98786, 113, 94.15581
98787, 107, 51.410194
98788, 102, 56.08981
98789, 114, 3.7514715
98790, 116, 19.699404
98791, 113, 85.07134
98792, 112, 87.22402
98793, 113, 55.11287
98794, 107, 63.134014
98795, 101, 14.118513
98796, 110, 4.5026064
98797, 112, 111.187775
98798, 105, 71.19979
98799, 108, 18.769348
98800, 103, 99.04806
98801, 112, 114.36034
98802, 101, 110.59149
98803, 115, 32.515587
98804, 118, 106.52161
98805, 105, 45.489746
98806, 102, 44.85726
98807, 118, 118.47584
98808, 118, 7.503435
98809, 107, 30.118221
98810, 117, 63.382862
98811, 106, 110.81056
98812, 102, 16.947395
98813, 108, 17.326694
98814, 119, 85.81684
98815, 108, 3.6605449
98816, 111, 122.06729
98817, 100, 114.90975
98818, 118, 145.96977
98819, 117, 1.1357188
98820, 113, 15.09127
98821, 103, 38.15512
98822, 114, 23.105022
98823, 103, 25.18461
98824, 111, 24.201197
98825, 119, 145.44534
98826, 103, 22.540928
98827, 110, 17.824245
98828, 102, 77.58529
98829, 111, 106.97204
98830, 108, 127.77925
98831, 113, 27.133995
98832, 114, 49.840824
98833, 106, 44.746544
98834, 106, 60.846886
98835, 117, 130.72382
98836, 108, 114.76166
98837, 104, 17.066761
98838, 110, 34.86295
98839, 104, 45.65082
98840, 118, 24.866447
98841, 107, 69.945145
98842, 101, 146.39613
98843, 106, 55.413025
98844, 105, 137.44589
98845, 104, 118.49206
98846, 105, 33.461746
98847, 118, 22.815613
98848, 116, 1.3976365
98849, 118, 79.83048
98850, 101, 114.13033
98851, 115, 80.30296
98852, 106, 109.0068
98853, 111, 14.72817
98854, 115, 84.96795
98855, 115, 135.29955
98856, 110, 147.7609
98857, 100, 104.434944
98858, 101, 2.4610786
98859, 109, 100.247154
98860, 116, 8.60686
98861, 117, 25.980627
98862, 101, 149.58836
98863, 106, 57.165215
98864, 118, 6.3117476
98865, 109, 125.82873
98866, 115, 3.0257642
98867, 101, 15.703377
98868, 110, 134.75928
98869, 110, 120.082695
98870, 110, 54.372498
98871, 103, 102.421906
98872, 112, 95.89913
98873, 113, 127.63821
98874, 117, 23.088125
98875, 103, 58.085175
98876, 104, 112.62309
98877, 110, 137.24478
98878, 113, 33.60366
98879, 117, 108.286995
98880, 108, 43.65331
98881, 101, 96.86509
98882, 112, 86.09296
98883, 109, 87.16095
98884, 102, 87.29305
98885, 101, 35.99367
98886, 107, 42.938473
98887, 109, 32.758392
98888, 102, 96.48094
98889, 115, 41.776802
98890, 101, 50.918026
98891, 113, 127.627045
98892, 106, 125.1053
98893, 101, 113.57996
98894, 107, 72.98957
98895, 102, 127.76774
98896, 108, 140.63889
98897, 108, 26.195454
98898, 114, 144.63559
98899, 103, 125.88028
98900, 107, 136.74074
98901, 114, 49.046303
98902, 116, 112.4185
98903, 118, 109.80452
98904, 112, 7.4842305
98905, 101, 71.85768
98906, 118, 125.49503
98907, 112, 64.34784
98908, 103, 94.01568
98909, 119, 46.44055
98910, 109, 27.704895
98911, 108, 103.904175
98912, 105, 106.57003
98913, 109, 78.55921
98914, 101, 63.922825
98915, 101, 80.14086
98916, 104, 131.48746
98917, 110, 49.436607
98918, 105, 33.617958
98919, 117, 126.564476
98920, 100, 97.29948
98921, 103, 39.416473
98922, 119, 134.25183
98923, 117, 74.41314
98924, 114, 140.1008
98925, 113, 125.5507
98926, 104, 118.17751
98927, 111, 29.701496
98928, 110, 85.16177
98929, 115, 135.43567
98930, 107, 128.36838
98931, 107, 21.141226
98932, 101, 130.59064
98933, 115, 13.614607
98934, 108, 20.951468
98935, 112, 35.529552
98936, 113, 147.0646
98937, 106, 113.53118
98938, 110, 117.465385
98939, 116, 61.160885
98940, 118, 140.65924
98941, 110, 79.074005
98942, 108, 143.52371
98943, 104, 125.905266
98944, 113, 8.456146
98945, 114, 92.8444
98946, 109, 63.393394
98947, 115, 71.992096
98948, 106, 116.82575
98949, 116, 84.74898
98950, 105, 146.69095
98951, 110, 52.881245
98952, 108, 66.55282
98953, 108, 93.88291
98954, 116, 28.881607
98955, 117, 2.6017337
98956, 109, 41.532333
98957, 101, 59.47092
98958, 101, 62.904346
98959, 107, 79.198425
98960, 109, 2.1089764
98961, 118, 109.575615
98962, 113, 4.8740654
98963, 114, 37.50988
98964, 100, 13.738659
98965, 114, 117.2257
98966, 113, 99.43282
98967, 112, 86.939156
98968, 113, 55.10804
98969, 108, 81.61879
98970, 112, 134.57657
98971, 103, 77.99919
98972, 108, 46.351692
98973, 116, 14.443731
98974, 101, 121.702644
98975, 116, 57.08077
98976, 113, 11.703578
98977, 117, 44.575424
98978, 113, 42.694187
98979, 119, 147.62921
98980, 108, 56.52286
98981, 117, 5.7783365
98982, 117, 86.65574
98983, 118, 135.27184
98984, 114, 29.24425
98985, 115, 126.06554
98986, 112, 48.39097
98987, 107, 69.75231
98988, 111, 87.64366
98989, 108, 125.68975
98990, 110, 13.73975
98991, 101, 91.59814
98992, 102, 43.287163
98993, 105, 29.446087
98994, 115, 88.34291
98995, 112, 92.60505
98996, 114, 76.02548
98997, 113, 92.55238
98998, 107, 80.055336
98999, 115, 114.561226
99000, 113, 79.65097
99001, 109, 7.62257
99002, 114, 147.28288
99003, 112, 35.995487
99004, 115, 71.80325
99005, 103, 37.953247
99006, 110, 4.2143674
99007, 116, 10.629702
99008, 106, 56.747963
99009, 117, 144.10211
99010, 113, 142.48723
99011, 119, 79.17999
99012, 105, 22.309828
99013, 103, 55.969727
99014, 108, 47.45326
99015, 118, 120.466805
99016, 114, 73.55783
99017, 105, 117.2966
99018, 113, 20.840336
99019, 113, 2.4101706
99020, 118, 133.51283
99021, 114, 73.02773
99022, 113, 82.4747
99023, 113, 48.397305
99024, 115, 8.343378
99025, 100, 123.18549
99026, 102, 96.77128
99027, 111, 124.86144
99028, 117, 5.04663
99029, 104, 126.30769
99030, 112, 11.920631
99031, 108, 128.51231
99032, 114, 140.54872
99033, 104, 94.25002
99034, 116, 11.937422
99035, 103, 49.22196
99036, 106, 44.936024
99037, 118, 60.47819
99038, 111, 78.1435
99039, 111, 123.64879
99040, 106, 108.60908
99041, 112, 63.98363
99042, 105, 102.52144
99043, 102, 149.38527
99044, 104, 9.56566
99045, 105, 29.06565
99046, 117, 51.984993
99047, 103, 44.20615
99048, 101, 148.77567
99049, 105, 105.60313
99050, 106, 89.79847
99051, 117, 33.42222
99052, 103, 104.5965
99053, 100, 21.917805
99054, 113, 72.66212
99055, 101, 2.0956635
99056, 103, 114.63883
99057, 105, 57.929867
99058, 109, 70.44482
99059, 112, 135.21841
99060, 102, 87.669914
99061, 106, 56.553562
99062, 113, 97.26379
99063, 104, 53.96184
99064, 110, 143.28915
99065, 100, 23.273457
99066, 119, 25.961557
99067, 109, 62.072887
99068, 114, 116.79704
99069, 109, 42.52504
99070, 117, 128.82887
99071, 112, 51.13746
99072, 112, 95.58257
99073, 113, 56.669014
99074, 100, 45.318417
99075, 118, 105.62715
99076, 115, 97.09181
99077, 113, 82.55524
99078, 115, 58.545586
99079, 117, 15.802386
99080, 101, 45.076168
99081, 106, 105.54194
99082, 114, 88.18226
99083, 105, 83.81898
99084, 109, 48.929527
99085, 109, 124.85244
99086, 116, 82.955826
99087, 119, 123.39128
99088, 104, 129.96268
99089, 118, 66.74796
99090, 117, 141.8683
99091, 109, 88.25008
99092, 114, 112.55847
99093, 107, 37.84765
99094, 119, 23.108582
99095, 115, 81.46555
99096, 100, 147.71996
99097, 107, 149.4897
99098, 109, 147.03915
99099, 115, 72.26424
99100, 111, 142.85616
99101, 116, 59.05633
99102, 113, 26.410692
99103, 104, 111.396736
99104, 119, 4.2769074
99105, 118, 78.367516
99106, 108, 88.39935
99107, 111, 51.896935
99108, 114, 115.02572
99109, 107, 60.43118
99110, 103, 84.73094
99111, 100, 62.63838
99112, 114, 92.572754
99113, 107, 59.05001
99114, 101, 3.271821
99115, 112, 10.908169
99116, 116, 31.03213
99117, 103, 97.623795
99118, 103, 83.95772
99119, 107, 29.370932
99120, 110, 3.6085904
99121, 115, 62.62452
99122, 113, 56.204815
99123, 110, 119.49296
99124, 104, 82.34753
99125, 110, 29.910368
99126, 110, 77.14682
99127, 100, 56.8615
99128, 111, 44.8821
99129, 107, 53.257603
99130, 107, 114.13698
99131, 117, 1.2578577
99132, 107, 108.1319
99133, 102, 80.52025
99134, 113, 119.17732
99135, 114, 133.06258
99136, 100, 9.18147
99137, 115, 146.82445
99138, 113, 54.249786
99139, 116, 139.89046
99140, 118, 148.60681
99141, 112, 58.088985
99142, 107, 17.395538
99143, 116, 129.61714
99144, 105, 29.297108
99145, 116, 24.877497
99146, 115, 49.012676
99147, 107, 86.07625
99148, 105, 21.919558
99149, 115, 124.58304
99150, 115, 40.773224
99151, 103, 146.4499
99152, 110, 110.46321
99153, 107, 120.71275
99154, 105, 127.207855
99155, 107, 29.532713
99156, 118, 71.54586
99157, 117, 18.69497
99158, 107, 43.234707
99159, 114, 127.034225
99160, 110, 106.84205
99161, 109, 70.17694
99162, 104, 63.56248
99163, 100, 44.238567
99164, 111, 117.824165
99165, 101, 2.086535
99166, 114, 98.461624
99167, 117, 40.252205
99168, 108, 26.79541
99169, 108, 136.05902
99170, 103, 91.60402
99171, 105, 117.69334
99172, 106, 104.06866
99173, 108, 127.029106
99174, 119, 125.07893
99175, 103, 99.39534
99176, 104, 40.59965
99177, 104, 33.73602
99178, 110, 91.09389
99179, 109, 68.74611
99180, 110, 125.42948
99181, 115, 97.547935
99182, 106, 77.88051
99183, 113, 69.67154
99184, 104, 145.07133
99185, 117, 137.62163
99186, 109, 55.491837
99187, 114, 19.634735
99188, 111, 63.903297
99189, 116, 126.54035
99190, 114, 92.12791
99191, 111, 28.81465
99192, 100, 149.64647
99193, 111, 59.844223
99194, 109, 25.032162
99195, 114, 36.67234
99196, 107, 32.84162
99197, 118, 105.86609
99198, 119, 104.77727
99199, 115, 70.105774
99200, 115, 84.01932
99201, 109, 98.768036
99202, 112, 21.720484
99203, 119, 106.827644
99204, 116, 55.275135
99205, 112, 8.393616
99206, 111, 101.16009
99207, 119, 103.897285
99208, 110, 129.71375
99209, 116, 12.488357
99210, 108, 39.906986
99211, 100, 132.62657
99212, 107, 16.316128
99213, 102, 121.58355
99214, 117, 144.40648
99215, 115, 98.07328
99216, 103, 95.07038
99217, 119, 62.3567
99218, 113, 118.5879
99219, 109, 20.67512
99220, 105, 46.71187
99221, 110, 22.131899
99222, 114, 101.45969
99223, 105, 120.78429
99224, 111, 133.35985
99225, 115, 60.770363
99226, 111, 132.3412
99227, 113, 11.139688
99228, 106, 56.15075
99229, 113, 36.660854
99230, 117, 141.43657
99231, 106, 47.99467
99232, 113, 26.9237
99233, 118, 73.38039
99234, 117, 35.32917
99235, 117, 130.6286
99236, 112, 28.779675
99237, 115, 79.813286
99238, 111, 95.33926
99239, 113, 31.611656
99240, 116, 82.08851
99241, 102, 46.964638
99242, 106, 134.59149
99243, 104, 89.55813
99244, 117, 132.40602
99245, 100, 74.94233
99246, 113, 5.484062
99247, 115, 45.63607
99248, 105, 69.46952
99249, 118, 80.630424
99250, 100, 93.84157
99251, 102, 21.397278
99252, 117, 76.29629
99253, 105, 112.66765
99254, 103, 144.83282
99255, 114, 71.828545
99256, 116, 116.1127
99257, 110, 29.332941
99258, 105, 116.76436
99259, 108, 38.61158
99260, 108, 67.0118
99261, 106, 78.546265
99262, 115, 41.432823
99263, 108, 34.29063
99264, 106, 146.73831
99265, 118, 46.04323
99266, 107, 67.33465
99267, 119, 28.749954
99268, 105, 6.64984
99269, 110, 148.08974
99270, 112, 31.94571
99271, 101, 87.34204
99272, 117, 66.42192
99273, 108, 70.5196
99274, 110, 14.80743
99275, 117, 32.30745
99276, 102, 63.961548
99277, 105, 107.74934
99278, 103, 39.181004
99279, 113, 133.26964
99280, 100, 50.06267
99281, 107, 88.11811
99282, 105, 88.98422
99283, 106, 44.540485
99284, 108, 79.883545
99285, 111, 30.847576
99286, 102, 75.462616
99287, 115, 65.497314
99288, 111, 143.33708
99289, 105, 137.25296
99290, 118, 3.3295333
99291, 101, 52.153694
99292, 106, 57.493187
99293, 101, 54.110275
99294, 108, 39.01045
99295, 102, 89.17558
99296, 107, 135.37216
99297, 115, 62.847107
99298, 119, 97.34876
99299, 116, 147.5181
99300, 102, 24.36515
99301, 119, 99.08615
99302, 114, 143.77768
99303, 100, 146.33607
99304, 112, 80.082855
99305, 116, 119.740265
99306, 115, 82.29667
99307, 102, 148.59314
99308, 117, 74.576744
99309, 100, 7.6994686
99310, 119, 81.1023
99311, 119, 108.030304
99312, 114, 148.56477
99313, 111, 64.61741
99314, 105, 119.690926
99315, 107, 127.73843
99316, 115, 36.750725
99317, 115, 50.20331
99318, 114, 119.570694
99319, 105, 126.60971
99320, 114, 61.813473
99321, 102, 83.2515
99322, 107, 53.481422
99323, 100, 117.66872
99324, 108, 101.8601
99325, 114, 3.4311442
99326, 109, 139.0977
99327, 114, 26.24116
99328, 111, 89.73755
99329, 110, 103.68821
99330, 107, 140.02634
99331, 117, 18.938765
99332, 103, 69.41697
99333, 102, 122.14234
99334, 104, 127.6121
99335, 103, 89.13092
99336, 117, 116.97917
99337, 108, 71.626396
99338, 105, 31.671041
99339, 114, 38.897896
99340, 105, 53.90508
99341, 105, 59.098507
99342, 101, 58.669353
99343, 103, 96.68438
99344, 111, 85.50018
99345, 117, 137.3816
99346, 116, 74.75546
99347, 103, 117.37069
99348, 101, 31.11392
99349, 114, 134.75798
99350, 119, 78.448105
99351, 105, 32.303123
99352, 116, 111.755684
99353, 116, 146.90948
99354, 104, 68.12053
99355, 118, 147.65184
99356, 110, 62.21739
99357, 102, 78.95991
99358, 119, 43.381493
99359, 109, 6.574792
99360, 111, 44.356155
99361, 108, 142.26518
99362, 116, 104.386185
99363, 119, 137.94986
99364, 104, 73.22875
99365, 102, 18.08821
99366, 108, 66.75181
99367, 110, 146.66985
99368, 117, 105.570244
99369, 109, 16.872623
99370, 110, 17.741901
99371, 108, 45.084072
99372, 115, 149.09283
99373, 119, 74.45911
99374, 106, 62.506405
99375, 114, 103.74978
99376, 103, 16.338121
99377, 119, 12.770945
99378, 116, 29.81532
99379, 116, 147.07184
99380, 108, 0.90419054
99381, 104, 38.572292
99382, 104, 65.35457
99383, 102, 101.60349
99384, 111, 133.93246
99385, 113, 50.43078
99386, 106, 31.073284
99387, 103, 125.65472
99388, 114, 107.394066
99389, 117, 21.498156
99390, 113, 74.170815
99391, 105, 80.27948
99392, 104, 98.36658
99393, 101, 46.87924
99394, 113, 80.998825
99395, 106, 2.0129352
99396, 119, 129.48276
99397, 111, 109.67233
99398, 114, 7.2579145
99399, 111, 104.27802
99400, 112, 95.82873
99401, 108, 49.54598
99402, 102, 85.02555
99403, 118, 56.87424
99404, 113, 32.803658
99405, 106, 119.03498
99406, 100, 32.212597
99407, 103, 34.279694
99408, 111, 117.44722
99409, 106, 129.1667
99410, 118, 68.64171
99411, 114, 136.19818
99412, 119, 21.763489
99413, 102, 147.29172
99414, 103, 58.41102
99415, 112, 48.110363
99416, 118, 48.635666
99417, 116, 30.87616
99418, 108, 85.34284
99419, 119, 1.2207538
99420, 112, 15.982917
99421, 118, 38.99956
99422, 111, 147.13324
99423, 116, 11.547125
99424, 113, 127.92533
99425, 103, 136.9696
99426, 113, 126.67321
99427, 118, 40.26076
99428, 102, 107.28897
99429, 117, 79.913055
99430, 101, 53.08443
99431, 109, 8.287364
99432, 108, 48.914444
99433, 101, 76.11854
99434, 116, 44.351612
99435, 101, 145.70026
99436, 113, 115.40806
99437, 117, 88.579056
99438, 110, 142.47949
99439, 104, 120.1303
99440, 115, 115.00815
99441, 115, 95.857544
99442, 109, 143.09877
99443, 111, 100.48329
99444, 103, 12.465003
99445, 100, 83.80036
99446, 113, 120.23532
99447, 107, 6.5946045
99448, 100, 116.52405
99449, 102, 121.60111
99450, 104, 106.495804
99451, 109, 133.79056
99452, 109, 54.594532
99453, 112, 116.37134
99454, 118, 133.43303
99455, 115, 17.855232
99456, 119, 46.595444
99457, 107, 63.339375
99458, 108, 25.180515
99459, 107, 118.16901
99460, 115, 119.44183
99461, 112, 1.7080665
99462, 109, 111.58733
99463, 109, 139.72412
99464, 117, 88.06368
99465, 104, 34.2628
99466, 102, 126.34417
99467, 101, 76.763504
99468, 112, 53.11734
99469, 114, 79.49355
99470, 110, 59.042557
99471, 116, 86.78134
99472, 113, 80.59448
99473, 108, 120.36875
99474, 103, 49.94487
99475, 104, 58.371277
99476, 112, 89.636765
99477, 119, 111.1648
99478, 102, 74.07423
99479, 119, 78.392555
99480, 106, 29.405415
99481, 111, 39.536934
99482, 114, 14.085192
99483, 117, 14.614123
99484, 106, 136.2936
99485, 111, 14.725033
99486, 115, 111.938866
99487, 119, 94.90115
99488, 113, 109.84163
99489, 102, 101.765015
99490, 119, 134.15237
99491, 112, 7.5662165
99492, 110, 37.35456
99493, 105, 67.68033
99494, 114, 71.7789
99495, 105, 133.5924
99496, 117, 25.088087
99497, 117, 48.27084
99498, 101, 102.06258
99499, 114, 131.73737
99500, 104, 141.98676
99501, 112, 92.82625
99502, 110, 119.80834
99503, 114, 121.20103
99504, 102, 60.092587
99505, 113, 4.627159
99506, 107, 32.349186
99507, 110, 45.099117
99508, 116, 91.17631
99509, 113, 28.971577
99510, 113, 51.953022
99511, 114, 83.35244
99512, 118, 50.500256
99513, 102, 137.99359
99514, 115, 40.428535
