56169, 102, 42.08511
56170, 114, 10.270983
56171, 116, 141.09875
56172, 112, 62.4985
56173, 101, 88.49163
56174, 109, 52.900314
56175, 101, 124.87582
56176, 112, 79.46578
56177, 104, 86.70091
56178, 112, 57.22939
56179, 113, 37.701668
56180, 109, 59.94762
56181, 114, 47.412075
56182, 103, 90.23379
56183, 113, 79.92219
56184, 105, 108.63826
56185, 118, 117.137474
56186, 105, 59.396732
56187, 111, 130.5968
56188, 115, 4.337418
56189, 106, 70.14373
56190, 114, 103.24497
56191, 112, 93.921455
56192, 117, 109.35508
56193, 111, 83.63931
56194, 106, 135.13576
56195, 106, 26.777494
56196, 105, 86.07607
56197, 100, 113.305664
56198, 119, 102.80832
56199, 100, 93.483345
56200, 103, 31.968864
56201, 102, 137.0244
56202, 106, 46.589478
56203, 102, 79.662445
56204, 110, 99.58338
56205, 112, 8.286283
56206, 114, 86.65727
56207, 118, 23.536688
56208, 102, 101.22734
56209, 115, 15.286938
56210, 105, 36.12748
56211, 109, 8.69227
56212, 115, 51.248592
56213, 119, 128.14536
56214, 112, 13.196548
56215, 109, 21.501919
56216, 111, 16.872534
56217, 114, 99.67424
56218, 109, 59.086166
56219, 118, 51.358242
56220, 117, 144.51216
56221, 100, 18.214024
56222, 118, 81.88865
56223, 108, 120.81272
56224, 113, 48.544067
56225, 101, 1.7678261
56226, 117, 98.8595
56227, 107, 110.11967
56228, 109, 123.42153
56229, 107, 13.685909
56230, 117, 21.980577
56231, 102, 117.540726
56232, 100, 103.157455
56233, 119, 9.325727
56234, 115, 108.54399
56235, 114, 24.282038
56236, 106, 117.85405
56237, 100, 10.434839
56238, 118, 30.39651
56239, 114, 10.63309
56240, 112, 84.1351
56241, 104, 2.1754594
56242, 103, 116.840996
56243, 102, 42.76741
56244, 102, 101.1134
56245, 110, 80.46327
56246, 101, 23.850882
56247, 115, 75.768936
56248, 115, 113.61133
56249, 107, 12.796265
56250, 106, 12.163174
56251, 118, 97.55241
56252, 100, 37.31489
56253, 113, 132.93275
56254, 111, 88.42736
56255, 116, 133.05641
56256, 115, 58.614788
56257, 119, 29.28098
56258, 106, 116.520195
56259, 112, 114.18203
56260, 110, 93.339165
56261, 111, 42.11288
56262, 101, 36.312927
56263, 106, 88.03331
56264, 104, 16.581514
56265, 116, 89.63474
56266, 113, 100.26435
56267, 106, 111.04107
56268, 101, 125.29137
56269, 105, 61.715527
56270, 107, 3.4751236
56271, 113, 28.569845
56272, 113, 111.99359
56273, 105, 24.340063
56274, 109, 115.99684
56275, 108, 139.94142
56276, 105, 0.700137
56277, 107, 5.607051
56278, 117, 64.97882
56279, 111, 96.339645
56280, 100, 42.914646
56281, 112, 0.74338317
56282, 108, 64.10423
56283, 106, 18.223125
56284, 108, 99.88795
56285, 115, 10.076317
56286, 118, 75.66618
56287, 110, 10.837635
56288, 110, 41.51913
56289, 106, 145.94008
56290, 119, 15.465313
56291, 118, 40.765877
56292, 118, 90.84923
56293, 113, 136.12495
56294, 103, 130.13818
56295, 101, 118.37416
56296, 100, 130.75113
56297, 102, 140.38152
56298, 113, 123.5705
56299, 100, 135.02737
56300, 117, 60.63888
56301, 114, 143.24026
56302, 107, 83.49969
56303, 101, 27.25295
56304, 112, 87.26595
56305, 111, 124.837204
56306, 115, 10.913345
56307, 102, 108.31438
56308, 105, 24.858606
56309, 107, 72.30395
56310, 115, 41.475426
56311, 109, 106.26524
56312, 106, 6.6724777
56313, 118, 51.347298
56314, 111, 96.354065
56315, 100, 137.77255
56316, 107, 140.96664
56317, 105, 136.08366
56318, 115, 10.090693
56319, 117, 96.534294
56320, 107, 104.186005
56321, 118, 131.9258
56322, 115, 82.53085
56323, 103, 21.481838
56324, 106, 70.91393
56325, 111, 73.97233
56326, 103, 14.385054
56327, 115, 106.07855
56328, 106, 8.77077
56329, 116, 8.98228
56330, 117, 147.82367
56331, 101, 116.128044
56332, 108, 10.348177
56333, 102, 22.970554
56334, 100, 103.02564
56335, 112, 109.99114
56336, 114, 15.71584
56337, 115, 148.96863
56338, 117, 134.68158
56339, 117, 41.39632
56340, 103, 61.92213
56341, 106, 113.3525
56342, 112, 114.80776
56343, 116, 85.03827
56344, 111, 51.536865
56345, 119, 103.78524
56346, 101, 103.18028
56347, 105, 103.56012
56348, 108, 137.96643
56349, 107, 102.7531
56350, 103, 41.512524
56351, 115, 87.861336
56352, 112, 95.69434
56353, 106, 95.78696
56354, 112, 97.76205
56355, 117, 46.316063
56356, 117, 15.151485
56357, 101, 97.735825
56358, 109, 18.071974
56359, 110, 108.64194
56360, 108, 40.382812
56361, 112, 87.12101
56362, 105, 26.284826
56363, 101, 10.431173
56364, 103, 120.99569
56365, 108, 98.31392
56366, 119, 116.58465
56367, 117, 123.66782
56368, 103, 67.904236
56369, 109, 12.873736
56370, 118, 56.46067
56371, 114, 100.98268
56372, 109, 31.266788
56373, 104, 115.196434
56374, 106, 31.232903
56375, 100, 32.42281
56376, 105, 147.80873
56377, 101, 79.509605
56378, 108, 43.744827
56379, 100, 58.603138
56380, 115, 23.330006
56381, 101, 7.4608145
56382, 117, 72.78331
56383, 116, 17.131752
56384, 117, 103.578156
56385, 118, 44.573288
56386, 101, 95.37445
56387, 115, 142.32434
56388, 100, 7.8581305
56389, 104, 78.62461
56390, 109, 112.753815
56391, 107, 115.30297
56392, 119, 83.46556
56393, 106, 17.577679
56394, 102, 103.62254
56395, 106, 126.67897
56396, 102, 86.43006
56397, 114, 136.55829
56398, 109, 48.8202
56399, 100, 64.49707
56400, 115, 10.646868
56401, 112, 62.561676
56402, 114, 113.786995
56403, 104, 92.57054
56404, 108, 107.94286
56405, 104, 118.492294
56406, 106, 7.7618213
56407, 117, 18.613699
56408, 110, 78.59714
56409, 103, 19.584846
56410, 108, 53.9033
56411, 115, 1.4750093
56412, 114, 140.53943
56413, 104, 87.49767
56414, 101, 127.70724
56415, 110, 42.834484
56416, 104, 85.03111
56417, 100, 77.40378
56418, 118, 91.78308
56419, 108, 22.916964
56420, 104, 87.213326
56421, 101, 65.821175
56422, 101, 126.1518
56423, 119, 131.27509
56424, 112, 139.53632
56425, 106, 2.2417994
56426, 100, 30.477306
56427, 100, 86.2567
56428, 118, 52.73693
56429, 115, 21.43489
56430, 111, 132.59158
56431, 103, 40.54689
56432, 105, 106.7113
56433, 118, 65.74922
56434, 117, 69.44343
56435, 104, 46.963093
56436, 119, 101.40137
56437, 112, 21.108208
56438, 106, 46.645706
56439, 111, 64.28368
56440, 107, 85.67985
56441, 111, 59.127205
56442, 119, 46.638912
56443, 118, 87.95542
56444, 111, 118.57488
56445, 100, 103.20237
56446, 116, 89.58981
56447, 110, 36.23441
56448, 110, 33.587524
56449, 110, 111.87066
56450, 103, 129.67462
56451, 106, 37.670784
56452, 106, 126.57222
56453, 118, 5.0600142
56454, 104, 19.903358
56455, 102, 145.90767
56456, 100, 26.305433
56457, 109, 103.46551
56458, 116, 11.251697
56459, 119, 102.05753
56460, 107, 60.544735
56461, 114, 21.969383
56462, 106, 149.92767
56463, 103, 54.329403
56464, 113, 115.1903
56465, 109, 80.19978
56466, 101, 42.59413
56467, 110, 21.076315
56468, 111, 49.397957
56469, 116, 119.83375
56470, 102, 77.93106
56471, 106, 75.0789
56472, 100, 141.63542
56473, 105, 84.04478
56474, 117, 120.51912
56475, 102, 4.677835
56476, 111, 136.5831
56477, 113, 108.39732
56478, 118, 49.023308
56479, 113, 46.98984
56480, 113, 108.72604
56481, 108, 14.046147
56482, 115, 37.538277
56483, 103, 36.012
56484, 105, 10.379469
56485, 116, 7.2090807
56486, 115, 57.099277
56487, 117, 41.489445
56488, 101, 54.591812
56489, 105, 6.7993374
56490, 118, 9.451309
56491, 101, 103.03515
56492, 107, 32.46401
56493, 107, 132.29684
56494, 111, 42.49116
56495, 112, 80.28645
56496, 102, 128.08702
56497, 104, 147.10118
56498, 101, 51.473663
56499, 118, 20.479408
56500, 105, 86.59001
56501, 117, 114.40587
56502, 109, 17.135614
56503, 105, 88.399216
56504, 118, 144.47685
56505, 105, 123.000374
56506, 117, 36.42043
56507, 114, 16.492922
56508, 107, 49.6789
56509, 114, 14.961711
56510, 107, 19.786245
56511, 104, 75.68263
56512, 109, 101.948235
56513, 116, 5.063358
56514, 114, 58.82112
56515, 111, 15.268332
56516, 100, 109.792076
56517, 110, 103.59618
56518, 103, 40.557987
56519, 107, 69.55553
56520, 100, 76.17277
56521, 106, 99.08514
56522, 114, 63.063328
