63129, 116, 123.77786
63130, 111, 5.0808816
63131, 114, 105.789154
63132, 101, 22.128645
63133, 105, 144.50742
63134, 113, 9.52717
63135, 102, 7.8626275
63136, 110, 135.92805
63137, 100, 3.2901764
63138, 103, 96.985535
63139, 105, 50.294407
63140, 104, 98.01338
63141, 119, 49.22982
63142, 116, 63.67922
63143, 111, 119.81667
63144, 101, 85.06353
63145, 101, 46.843143
63146, 108, 6.557858
63147, 115, 137.84816
63148, 100, 93.453995
63149, 105, 47.637875
63150, 111, 20.112858
63151, 111, 66.8543
63152, 109, 23.877642
63153, 112, 51.731354
63154, 116, 77.790955
63155, 106, 0.52790344
63156, 107, 101.95379
63157, 112, 9.983102
63158, 116, 89.56912
63159, 110, 31.021366
63160, 104, 23.58105
63161, 100, 51.335228
63162, 107, 10.005802
63163, 118, 65.18123
63164, 105, 120.86499
63165, 106, 117.24573
63166, 104, 108.15599
63167, 110, 16.922924
63168, 115, 134.42007
63169, 103, 141.36942
63170, 114, 38.962788
63171, 119, 82.04789
63172, 102, 53.71896
63173, 103, 110.66886
63174, 104, 6.951186
63175, 108, 115.351715
63176, 105, 1.9791931
63177, 103, 22.904322
63178, 107, 95.2675
63179, 104, 77.88603
63180, 110, 106.45086
63181, 105, 120.39797
63182, 100, 18.688828
63183, 118, 100.52876
63184, 116, 49.300682
63185, 101, 65.66809
63186, 118, 145.283
63187, 116, 4.4175806
63188, 106, 100.94224
63189, 117, 14.389292
63190, 114, 55.77978
63191, 112, 133.07947
63192, 105, 68.60516
63193, 117, 88.16189
63194, 110, 2.227244
63195, 107, 19.029512
63196, 110, 13.7657585
63197, 109, 34.250137
63198, 108, 13.005119
63199, 118, 148.72311
63200, 104, 62.35207
63201, 117, 56.526447
63202, 107, 56.175095
63203, 114, 93.136566
63204, 118, 40.699276
63205, 112, 59.49768
63206, 100, 122.99422
63207, 101, 47.306435
63208, 116, 127.528275
63209, 119, 82.22407
63210, 107, 0.84148943
63211, 100, 66.8575
63212, 111, 14.547542
63213, 110, 34.08191
63214, 100, 6.0715466
63215, 103, 139.67702
63216, 103, 16.903889
63217, 116, 69.31333
63218, 112, 5.918598
63219, 111, 40.124218
63220, 103, 113.28
63221, 105, 70.707825
63222, 106, 75.67344
63223, 118, 90.44182
63224, 108, 71.24273
63225, 102, 139.171
63226, 117, 2.0654707
63227, 113, 133.16374
63228, 101, 7.8828335
63229, 119, 20.651829
63230, 100, 127.29842
63231, 109, 31.137085
63232, 107, 121.2377
63233, 118, 76.33039
63234, 109, 91.45059
63235, 113, 99.267204
63236, 113, 36.274918
63237, 114, 17.743456
63238, 106, 66.86689
63239, 103, 7.376173
63240, 118, 96.24946
63241, 102, 95.99308
63242, 110, 71.96692
63243, 100, 106.431465
63244, 119, 11.899209
63245, 112, 6.490034
63246, 118, 107.954865
63247, 114, 19.759512
63248, 114, 65.026024
63249, 119, 139.5952
63250, 110, 16.807
63251, 101, 106.08146
63252, 116, 94.89046
63253, 117, 33.561543
63254, 116, 50.630424
63255, 118, 76.78868
63256, 116, 45.725227
63257, 106, 67.52848
63258, 116, 65.34858
63259, 108, 19.797716
63260, 108, 89.686935
63261, 104, 116.21567
63262, 107, 24.406635
63263, 106, 138.90036
63264, 110, 39.366577
63265, 116, 38.92715
63266, 103, 47.763714
63267, 110, 79.44968
63268, 101, 84.527016
63269, 108, 85.19488
63270, 108, 40.31512
63271, 106, 106.33903
63272, 118, 70.244415
63273, 103, 80.99983
63274, 109, 49.096478
63275, 103, 114.427124
63276, 118, 66.21134
63277, 118, 55.493984
63278, 104, 72.38491
63279, 101, 1.7191976
63280, 113, 129.59215
63281, 107, 92.289825
63282, 118, 54.972607
63283, 102, 90.670395
63284, 109, 48.526142
63285, 108, 96.851265
63286, 118, 95.52749
63287, 114, 5.856353
63288, 115, 14.8706045
63289, 113, 69.50315
63290, 118, 120.636
63291, 101, 84.3946
63292, 112, 106.0668
63293, 111, 29.580133
63294, 115, 96.71215
63295, 116, 56.27515
63296, 115, 107.34924
63297, 114, 18.101576
63298, 117, 75.75479
63299, 104, 1.6279489
63300, 119, 63.27162
63301, 106, 83.96727
63302, 116, 58.8738
63303, 113, 49.859234
63304, 108, 112.86934
63305, 115, 81.07064
63306, 119, 6.737745
63307, 109, 125.3991
63308, 109, 122.11096
63309, 114, 56.4225
63310, 104, 108.13513
63311, 103, 55.498142
63312, 110, 83.711716
63313, 114, 114.13769
63314, 104, 7.0103736
63315, 116, 134.8659
63316, 101, 82.02731
63317, 119, 86.08452
63318, 110, 37.728783
63319, 103, 57.023476
63320, 106, 57.699062
63321, 104, 19.779037
63322, 103, 118.0508
63323, 101, 145.31511
63324, 116, 25.261456
63325, 102, 84.284966
63326, 110, 7.3931246
63327, 116, 6.014809
63328, 111, 119.63915
63329, 118, 37.61679
63330, 103, 38.883503
63331, 107, 60.42095
63332, 111, 87.20335
63333, 118, 102.41381
63334, 117, 9.489432
63335, 105, 61.573513
63336, 113, 91.43833
63337, 109, 93.95834
63338, 109, 102.886086
63339, 100, 32.037563
63340, 112, 143.01381
63341, 119, 96.7704
63342, 104, 26.694864
63343, 103, 107.086075
63344, 115, 117.88845
63345, 105, 80.80511
63346, 108, 98.0058
63347, 102, 27.089766
63348, 119, 78.06894
63349, 118, 60.377033
63350, 108, 79.36841
63351, 103, 23.116726
63352, 119, 70.954735
63353, 113, 104.630264
63354, 108, 106.104385
63355, 101, 8.053994
63356, 111, 113.24828
63357, 113, 38.331234
63358, 117, 9.436119
63359, 101, 31.682323
63360, 109, 80.89867
63361, 109, 40.235065
63362, 104, 85.55494
63363, 111, 74.49469
63364, 101, 38.791306
63365, 100, 34.44389
63366, 111, 52.15161
63367, 117, 143.62794
63368, 115, 92.69214
63369, 101, 42.756924
63370, 108, 113.66756
63371, 110, 70.02141
63372, 104, 112.41181
63373, 113, 139.73386
63374, 104, 25.009865
63375, 113, 119.71442
63376, 107, 61.1729
63377, 114, 133.45316
63378, 105, 99.65498
63379, 115, 143.33458
63380, 100, 147.43289
63381, 115, 112.792046
63382, 111, 68.774734
63383, 111, 54.679577
63384, 114, 139.52023
63385, 101, 54.46737
63386, 117, 0.6861359
63387, 108, 87.64696
63388, 117, 113.24251
63389, 108, 147.8145
63390, 116, 124.04431
63391, 113, 136.33296
63392, 106, 137.44533
63393, 102, 114.073395
63394, 103, 74.68473
63395, 102, 9.980723
63396, 102, 50.892403
63397, 107, 95.256775
63398, 117, 16.477848
63399, 112, 82.56508
63400, 119, 32.202824
63401, 104, 22.495955
63402, 119, 129.62035
63403, 101, 110.97215
63404, 104, 109.35896
63405, 104, 72.56907
63406, 109, 148.0729
63407, 100, 18.535969
63408, 101, 130.56313
63409, 100, 111.17852
63410, 102, 61.00214
63411, 117, 45.31666
63412, 113, 65.41246
63413, 100, 50.288273
63414, 106, 91.28004
63415, 118, 74.18238
63416, 114, 132.61327
63417, 100, 121.819725
63418, 101, 85.72375
63419, 107, 135.23753
63420, 118, 60.142563
63421, 114, 56.356888
63422, 109, 114.50578
63423, 117, 99.98828
63424, 104, 48.822872
63425, 107, 102.02636
63426, 117, 66.490715
63427, 103, 71.14941
63428, 103, 33.684925
63429, 104, 111.37139
63430, 114, 16.23247
63431, 108, 33.55018
63432, 114, 71.93136
63433, 105, 108.31672
63434, 108, 104.61305
63435, 113, 121.37004
63436, 106, 13.736871
63437, 110, 17.083212
63438, 117, 145.25839
63439, 105, 29.51595
63440, 110, 126.63545
63441, 117, 2.3962407
63442, 103, 108.66288
63443, 114, 36.53967
63444, 106, 102.058525
63445, 110, 58.294773
63446, 117, 103.06693
63447, 109, 85.4016
63448, 116, 141.56015
63449, 108, 59.783463
63450, 111, 80.14983
63451, 115, 34.04799
63452, 101, 77.58755
63453, 108, 126.90412
63454, 101, 94.03848
63455, 116, 96.421394
63456, 115, 88.05382
63457, 101, 46.28334
63458, 106, 56.39232
63459, 109, 122.9538
63460, 104, 34.96456
63461, 107, 67.44091
63462, 115, 72.35156
63463, 112, 59.003887
63464, 101, 133.7485
63465, 106, 30.46199
63466, 103, 59.861763
63467, 115, 34.921593
63468, 100, 42.72076
63469, 111, 107.79759
63470, 109, 24.590662
63471, 100, 146.17896
63472, 108, 64.701
63473, 118, 94.34433
63474, 103, 35.075703
63475, 114, 12.998835
63476, 104, 70.293465
63477, 109, 7.816234
63478, 100, 80.601555
63479, 110, 103.396576
63480, 111, 105.803734
63481, 108, 119.34308
63482, 118, 38.14348
63483, 112, 64.154686
63484, 117, 78.99765
63485, 104, 57.744884
63486, 111, 120.39065
63487, 108, 117.07091
63488, 106, 113.65341
63489, 113, 51.915066
63490, 100, 4.788029
63491, 113, 16.755733
63492, 101, 143.6848
63493, 110, 74.420135
63494, 114, 79.43051
63495, 118, 136.63063
63496, 112, 40.155575
63497, 100, 146.84407
63498, 109, 47.950172
63499, 103, 36.50455
63500, 113, 67.91582
63501, 101, 8.512375
63502, 104, 139.8999
63503, 111, 9.29279
63504, 106, 122.980446
63505, 107, 21.128645
63506, 114, 93.60887
63507, 115, 79.68941
63508, 115, 85.89549
63509, 100, 115.73248
63510, 101, 69.700645
63511, 103, 116.497635
63512, 116, 58.780987
63513, 112, 98.83421
63514, 114, 135.7366
63515, 103, 13.102189
63516, 110, 54.570892
63517, 114, 46.11599
63518, 111, 19.505756
63519, 107, 54.3547
63520, 111, 122.192924
63521, 119, 18.841856
63522, 110, 118.44446
63523, 102, 34.069588
63524, 113, 47.0893
63525, 106, 142.59189
63526, 115, 133.07999
63527, 113, 13.097021
63528, 103, 33.60825
63529, 115, 30.364788
63530, 104, 114.909676
63531, 111, 140.43193
63532, 110, 100.81167
63533, 115, 92.287186
63534, 110, 107.86193
63535, 104, 15.308163
63536, 115, 137.38582
63537, 111, 44.190823
63538, 112, 8.77659
63539, 116, 34.070545
63540, 108, 28.457907
63541, 116, 71.47346
63542, 110, 120.27064
63543, 119, 142.82298
63544, 101, 100.9677
63545, 107, 28.216516
63546, 116, 141.50523
63547, 115, 35.853794
63548, 116, 97.25274
63549, 112, 119.25553
63550, 105, 63.201527
63551, 105, 48.963566
63552, 100, 82.50182
63553, 106, 16.983648
63554, 117, 65.66719
63555, 108, 115.6361
63556, 102, 48.635925
63557, 114, 121.554276
63558, 103, 72.04541
63559, 105, 37.14921
63560, 102, 74.84155
63561, 108, 86.10179
63562, 106, 35.713352
63563, 110, 142.09346
63564, 111, 144.20377
63565, 113, 16.603964
63566, 119, 140.37148
63567, 109, 1.3642609
63568, 117, 102.30711
63569, 110, 145.10382
63570, 104, 147.94138
63571, 114, 8.587137
63572, 109, 15.142796
63573, 104, 123.07773
63574, 106, 76.21238
63575, 104, 96.880615
63576, 107, 114.895004
63577, 112, 46.18393
63578, 108, 53.044937
63579, 110, 114.67802
63580, 100, 94.36233
63581, 119, 95.94262
63582, 114, 147.21036
63583, 119, 63.740105
63584, 106, 137.4794
63585, 105, 14.933788
63586, 119, 109.13358
63587, 114, 0.8945167
63588, 113, 121.804375
63589, 109, 119.40885
63590, 114, 9.975868
63591, 106, 132.93129
63592, 119, 27.103186
63593, 100, 44.623966
63594, 106, 103.088
63595, 111, 22.972548
63596, 110, 67.22063
63597, 106, 4.1475086
63598, 108, 116.10999
63599, 104, 52.418983
63600, 108, 2.233377
63601, 117, 70.88006
63602, 100, 86.79815
63603, 110, 99.69769
63604, 108, 38.625126
63605, 112, 29.188541
63606, 101, 46.949654
63607, 115, 12.559498
63608, 105, 136.20512
63609, 111, 119.60066
63610, 112, 43.138084
63611, 116, 117.704865
63612, 102, 22.905
63613, 111, 36.06889
63614, 109, 23.791615
63615, 119, 13.046363
63616, 113, 11.432907
63617, 110, 2.7298717
63618, 108, 144.2845
63619, 108, 4.879117
63620, 106, 149.52824
63621, 106, 114.007515
63622, 118, 56.44656
63623, 110, 19.246513
63624, 119, 13.311401
63625, 102, 42.544216
63626, 115, 31.901997
63627, 102, 107.056496
63628, 105, 4.5698223
63629, 107, 112.37941
63630, 101, 17.574003
63631, 119, 28.65056
63632, 105, 147.21844
63633, 103, 37.072903
63634, 119, 121.0529
63635, 102, 32.193474
63636, 108, 67.73687
63637, 104, 122.82081
63638, 119, 23.460003
63639, 110, 114.44851
63640, 119, 47.32983
63641, 105, 45.850994
63642, 108, 89.76154
63643, 114, 57.34661
63644, 103, 4.3604584
63645, 104, 125.03418
63646, 108, 20.190632
63647, 103, 42.689476
63648, 119, 24.919037
63649, 106, 125.39244
63650, 107, 110.2209
63651, 103, 38.929222
63652, 107, 104.387375
63653, 106, 95.2111
63654, 106, 6.765935
63655, 118, 128.68053
63656, 102, 42.864517
63657, 110, 15.442478
63658, 117, 111.21674
63659, 113, 139.26344
63660, 102, 20.278162
63661, 113, 110.14411
63662, 110, 55.727577
63663, 116, 24.814716
63664, 109, 114.074745
63665, 102, 107.72318
63666, 114, 76.70178
63667, 100, 120.29436
63668, 114, 39.43809
63669, 119, 35.385857
63670, 109, 137.73485
63671, 112, 27.96354
63672, 100, 23.78059
63673, 119, 103.86992
63674, 108, 87.56925
63675, 104, 105.38683
63676, 116, 146.51149
63677, 102, 89.325745
63678, 110, 63.240776
63679, 119, 49.501865
63680, 116, 67.578384
63681, 101, 149.2597
63682, 118, 139.2625
63683, 111, 147.44385
63684, 104, 41.68388
63685, 105, 28.043737
63686, 109, 92.37854
63687, 103, 108.52603
63688, 103, 92.695724
63689, 115, 141.57895
63690, 115, 125.84366
63691, 114, 39.44925
63692, 104, 125.2751
63693, 113, 87.404106
63694, 116, 93.57282
63695, 117, 113.25791
63696, 104, 38.37898
63697, 107, 82.40142
63698, 115, 75.15331
63699, 113, 69.399605
63700, 115, 110.35411
63701, 106, 23.543974
63702, 106, 20.011612
63703, 119, 16.712835
63704, 111, 122.08119
63705, 107, 78.30854
63706, 108, 67.554565
63707, 107, 97.1036
63708, 108, 74.65992
63709, 109, 35.708694
63710, 103, 63.352104
63711, 103, 128.92323
63712, 110, 14.582875
63713, 119, 61.265892
63714, 113, 62.925304
63715, 111, 124.84792
63716, 111, 4.2183547
63717, 119, 138.5696
63718, 116, 12.267065
63719, 106, 69.43784
63720, 108, 8.126905
63721, 103, 117.57955
63722, 107, 112.95408
63723, 119, 15.893671
63724, 102, 101.03597
63725, 114, 82.049706
63726, 104, 130.41599
63727, 103, 31.16515
63728, 100, 89.887886
63729, 115, 92.274536
63730, 112, 77.278305
63731, 114, 4.6377363
63732, 113, 8.2293215
63733, 100, 120.2112
63734, 111, 102.90621
63735, 102, 92.56994
63736, 107, 4.4655294
63737, 104, 42.50196
63738, 111, 148.01439
63739, 101, 20.770472
63740, 105, 89.26215
63741, 109, 95.33535
63742, 107, 45.583973
63743, 118, 124.529366
63744, 101, 124.16779
63745, 108, 18.729614
63746, 114, 80.58615
63747, 113, 49.546795
63748, 105, 7.3830576
63749, 106, 102.8078
63750, 118, 26.514603
63751, 112, 22.389687
63752, 101, 73.588165
63753, 101, 104.25417
63754, 117, 28.790062
63755, 112, 90.687996
63756, 114, 36.859524
63757, 103, 133.7614
63758, 111, 34.420334
63759, 119, 52.01667
63760, 105, 38.11926
63761, 119, 57.985256
63762, 105, 12.725258
63763, 101, 42.114223
63764, 106, 63.546368
63765, 118, 143.56163
63766, 103, 0.8614987
63767, 109, 149.96214
63768, 116, 135.67587
63769, 109, 140.84932
63770, 108, 73.53722
63771, 104, 69.79475
63772, 100, 119.48224
63773, 108, 89.2815
63774, 101, 123.34987
63775, 115, 85.731094
63776, 115, 108.50061
63777, 109, 131.86398
63778, 105, 130.99474
63779, 105, 22.80179
63780, 102, 40.062187
63781, 107, 129.63266
63782, 115, 6.3733397
63783, 105, 104.55176
63784, 119, 20.150291
63785, 109, 88.017715
63786, 115, 118.877464
63787, 100, 102.74225
63788, 101, 139.47415
63789, 114, 116.33422
63790, 108, 4.406628
63791, 116, 126.699066
63792, 115, 89.241714
63793, 100, 47.34343
63794, 112, 27.3259
63795, 117, 64.64471
63796, 108, 61.90846
63797, 117, 64.27279
63798, 100, 143.1841
63799, 110, 78.56761
63800, 100, 95.45213
63801, 104, 12.0007305
63802, 100, 14.858088
63803, 109, 117.26091
63804, 105, 148.06012
63805, 112, 12.93464
63806, 117, 71.24079
63807, 113, 80.002815
63808, 101, 75.384865
63809, 119, 101.81571
63810, 108, 21.991423
63811, 101, 102.964874
63812, 112, 143.5087
63813, 100, 73.197815
63814, 115, 145.81226
63815, 109, 102.66337
63816, 104, 122.76822
63817, 117, 37.458275
63818, 105, 15.815788
63819, 118, 83.20691
63820, 101, 62.154106
63821, 100, 125.189354
63822, 110, 90.44543
63823, 105, 10.151249
63824, 117, 78.80386
63825, 102, 92.604416
63826, 104, 139.55403
63827, 109, 83.43929
63828, 111, 10.110274
63829, 118, 32.936874
63830, 117, 28.096766
63831, 100, 67.20874
63832, 113, 40.32866
63833, 116, 119.153946
63834, 105, 103.785645
63835, 111, 109.49082
63836, 105, 14.965832
63837, 115, 68.73952
63838, 109, 10.237705
63839, 117, 90.30835
63840, 110, 37.17971
63841, 119, 89.48837
63842, 119, 38.38789
63843, 116, 80.69507
63844, 104, 129.24129
63845, 110, 38.568645
63846, 112, 51.58206
63847, 114, 61.786194
63848, 118, 24.474504
63849, 116, 32.126087
63850, 116, 10.849249
63851, 108, 116.699524
63852, 104, 131.4172
63853, 114, 20.194128
63854, 113, 80.26226
63855, 112, 81.5801
63856, 111, 6.155643
63857, 113, 69.59617
63858, 100, 29.427294
63859, 110, 92.56141
63860, 108, 16.07302
63861, 106, 115.54298
63862, 112, 56.97078
63863, 116, 102.794174
63864, 110, 39.582626
63865, 110, 73.38884
63866, 108, 67.616264
63867, 102, 34.538143
63868, 109, 17.320133
63869, 105, 8.879364
63870, 114, 1.3702065
63871, 109, 14.9104
63872, 103, 67.90804
63873, 117, 108.12711
63874, 101, 106.99071
63875, 115, 55.935116
63876, 103, 91.41535
63877, 112, 55.924934
63878, 118, 115.321
63879, 100, 149.81831
63880, 101, 118.92899
63881, 103, 105.85192
63882, 109, 8.684179
63883, 111, 45.101578
63884, 102, 147.3693
63885, 102, 69.23706
63886, 114, 17.923264
63887, 117, 50.364475
63888, 103, 13.043967
63889, 114, 3.6524444
63890, 110, 106.24805
63891, 109, 11.4768505
63892, 100, 93.59598
63893, 103, 113.170204
63894, 115, 54.029793
63895, 118, 17.51774
63896, 113, 71.720695
63897, 119, 104.05393
63898, 108, 44.507183
63899, 112, 126.460144
63900, 112, 109.06719
63901, 105, 46.761776
63902, 118, 86.737854
63903, 108, 73.30397
63904, 102, 101.93056
63905, 117, 14.073926
63906, 105, 148.73705
63907, 109, 38.541565
63908, 107, 45.2755
63909, 105, 32.92865
63910, 108, 16.127247
63911, 115, 110.43297
63912, 111, 78.83812
63913, 109, 16.287357
63914, 109, 28.320255
63915, 101, 145.54387
63916, 107, 0.55620074
63917, 118, 17.441208
63918, 114, 28.61494
63919, 116, 64.96826
63920, 115, 83.63311
63921, 113, 26.183546
63922, 111, 97.3007
63923, 114, 45.03109
63924, 108, 47.546116
63925, 111, 141.11494
63926, 100, 90.87067
63927, 112, 48.569756
63928, 116, 127.256615
63929, 114, 12.813252
63930, 113, 94.068344
63931, 110, 90.37164
63932, 115, 8.898104
63933, 101, 139.34174
63934, 112, 26.624653
63935, 107, 93.52961
63936, 112, 107.226524
63937, 111, 80.417175
63938, 109, 143.43542
63939, 116, 57.802765
63940, 100, 147.08246
63941, 108, 30.21994
63942, 107, 7.39789
63943, 114, 128.12204
63944, 100, 100.58765
63945, 110, 95.895836
63946, 109, 14.84516
63947, 111, 138.29205
63948, 110, 85.41673
63949, 101, 70.9918
63950, 101, 13.814574
63951, 100, 9.471596
63952, 100, 45.550026
63953, 100, 61.159195
63954, 102, 75.237495
63955, 103, 120.86284
63956, 100, 133.13916
63957, 118, 135.24532
63958, 114, 28.28031
63959, 115, 86.21731
63960, 115, 66.33756
63961, 113, 20.974625
63962, 108, 38.805046
63963, 101, 111.48995
63964, 109, 72.1899
63965, 108, 36.757217
63966, 100, 6.5677643
63967, 107, 29.889437
63968, 110, 87.771355
63969, 109, 139.77591
63970, 109, 39.297695
63971, 119, 76.87641
63972, 108, 111.339676
63973, 111, 127.25598
63974, 100, 75.670204
63975, 100, 66.13197
63976, 104, 89.1924
63977, 112, 79.39943
63978, 112, 128.18828
63979, 107, 1.1688977
63980, 114, 44.567932
63981, 116, 90.63659
63982, 103, 27.244413
63983, 116, 135.71468
63984, 109, 17.86133
63985, 116, 51.160927
63986, 114, 140.37917
63987, 119, 92.5597
63988, 113, 112.695946
63989, 117, 134.28494
63990, 101, 15.809038
63991, 106, 47.456505
63992, 103, 114.10244
63993, 108, 46.739746
63994, 117, 74.84022
63995, 104, 2.5029569
63996, 109, 105.05891
63997, 108, 18.933302
63998, 103, 82.72547
63999, 104, 37.41693
64000, 104, 141.03497
64001, 111, 111.87812
64002, 111, 98.51762
64003, 109, 103.81003
64004, 110, 77.38729
64005, 115, 139.18925
64006, 119, 52.311962
64007, 113, 48.712975
64008, 100, 4.6014457
64009, 110, 23.179453
64010, 113, 57.376225
64011, 116, 113.2875
64012, 114, 61.170155
64013, 113, 78.41737
64014, 100, 68.13695
64015, 109, 54.260937
64016, 105, 44.36211
64017, 107, 134.79405
64018, 118, 58.598213
64019, 107, 111.570206
64020, 116, 71.383934
64021, 103, 149.30463
64022, 110, 105.48578
64023, 106, 55.683205
64024, 117, 64.27973
64025, 111, 112.93801
64026, 101, 126.43554
64027, 119, 89.157
64028, 113, 66.11326
64029, 110, 65.69993
64030, 119, 137.35365
64031, 113, 61.660095
64032, 107, 34.08477
64033, 116, 69.25225
64034, 116, 133.64264
64035, 111, 13.844588
64036, 107, 71.78986
64037, 104, 0.27592778
64038, 109, 125.18246
64039, 119, 115.58694
64040, 106, 128.2199
64041, 117, 91.956924
64042, 107, 82.86151
64043, 116, 69.276436
64044, 108, 87.728485
64045, 109, 118.91894
64046, 106, 92.02591
64047, 104, 11.555806
64048, 107, 55.757816
64049, 117, 116.788635
64050, 114, 40.261547
64051, 109, 11.517379
64052, 101, 11.8059845
64053, 102, 17.688633
64054, 108, 25.970034
64055, 107, 115.62041
64056, 106, 33.058754
64057, 119, 60.21181
64058, 108, 104.25713
64059, 111, 61.62426
64060, 115, 103.74627
64061, 104, 77.578545
64062, 113, 92.08879
64063, 103, 90.43736
64064, 108, 55.90824
64065, 117, 139.50392
64066, 104, 97.195175
64067, 108, 49.99885
64068, 110, 89.38975
64069, 116, 11.653196
64070, 109, 113.01462
64071, 104, 84.24068
64072, 117, 7.021272
64073, 109, 74.78086
64074, 118, 49.61983
64075, 108, 1.0877073
64076, 103, 46.197598
64077, 119, 6.9672256
64078, 111, 26.211315
64079, 115, 49.42401
64080, 102, 23.60986
64081, 114, 48.533356
64082, 102, 83.046875
64083, 109, 81.98351
64084, 108, 100.46387
64085, 102, 34.73947
64086, 110, 105.4361
64087, 116, 2.9117346
64088, 100, 13.849873
64089, 110, 36.591446
64090, 105, 44.804398
64091, 119, 5.209315
64092, 110, 37.288757
64093, 103, 26.263145
64094, 108, 105.6554
64095, 112, 125.99687
64096, 112, 119.44246
64097, 102, 72.64219
64098, 107, 93.95062
64099, 119, 100.73666
64100, 106, 63.774063
64101, 105, 3.586793
64102, 109, 138.15689
64103, 119, 55.18685
64104, 119, 141.48476
64105, 112, 97.528175
64106, 103, 79.22299
64107, 117, 142.8278
64108, 103, 60.993702
64109, 116, 114.221886
64110, 100, 82.19201
64111, 109, 50.547283
64112, 118, 91.160034
64113, 102, 10.896894
64114, 102, 136.90446
64115, 115, 84.08838
64116, 110, 62.161865
64117, 103, 57.202793
64118, 117, 128.13232
64119, 108, 120.02695
64120, 104, 50.21969
64121, 111, 41.464554
64122, 108, 1.5997052
64123, 115, 4.2671976
64124, 116, 11.03079
64125, 110, 42.168365
64126, 103, 91.74158
64127, 112, 143.2017
64128, 119, 71.980705
64129, 106, 72.76886
64130, 105, 72.94787
64131, 102, 147.16931
64132, 115, 108.65581
64133, 116, 109.52126
64134, 102, 146.40247
64135, 118, 88.68429
64136, 104, 24.498833
64137, 117, 119.610146
64138, 111, 101.78637
64139, 119, 105.78393
64140, 107, 121.7835
64141, 116, 86.6173
64142, 105, 39.858833
64143, 109, 125.62316
64144, 114, 89.1428
64145, 100, 119.99106
64146, 112, 91.94895
64147, 105, 67.13704
64148, 113, 58.451904
64149, 113, 118.16821
64150, 119, 106.258286
64151, 109, 121.31976
64152, 114, 54.27972
64153, 101, 115.95803
64154, 104, 83.58442
64155, 108, 32.073936
64156, 113, 98.29937
64157, 102, 101.19663
64158, 118, 25.367733
64159, 108, 58.18988
64160, 109, 14.422917
64161, 116, 140.03824
64162, 104, 4.360762
64163, 117, 0.26616454
64164, 113, 149.92532
64165, 103, 26.243063
64166, 106, 93.31853
64167, 102, 145.71579
64168, 118, 44.90075
64169, 105, 50.084923
64170, 101, 34.279892
64171, 115, 8.162364
64172, 103, 43.451527
64173, 116, 21.56674
64174, 106, 11.17141
64175, 116, 93.90408
64176, 107, 12.398314
64177, 104, 19.518337
64178, 105, 32.74204
64179, 102, 134.26218
64180, 112, 109.76352
64181, 118, 29.143024
64182, 103, 107.654816
64183, 114, 34.495487
64184, 103, 79.70863
64185, 108, 144.6534
64186, 105, 42.832348
64187, 104, 70.746124
64188, 118, 139.34451
64189, 112, 29.520052
64190, 115, 92.88171
64191, 114, 60.33461
64192, 119, 33.92862
64193, 113, 75.5202
64194, 101, 18.698895
64195, 104, 34.386642
64196, 104, 22.965654
64197, 103, 5.995068
64198, 105, 51.195126
64199, 111, 33.93422
64200, 117, 142.30853
64201, 100, 52.593525
64202, 101, 94.169685
64203, 102, 110.225494
64204, 107, 31.473022
64205, 119, 53.47025
64206, 103, 22.086006
64207, 119, 116.085754
64208, 102, 77.86683
64209, 103, 3.850007
64210, 108, 83.44728
64211, 103, 37.988117
64212, 110, 133.35687
64213, 108, 69.57035
64214, 119, 103.615776
64215, 119, 20.603094
64216, 105, 111.87158
64217, 113, 141.71614
64218, 119, 67.24461
64219, 105, 95.76207
64220, 103, 89.08113
64221, 105, 74.68316
64222, 109, 6.9185257
64223, 101, 50.578182
64224, 119, 54.793022
64225, 109, 62.35771
64226, 106, 29.949717
64227, 101, 26.102024
64228, 118, 68.37741
64229, 101, 133.26869
64230, 105, 43.330364
64231, 117, 117.919495
64232, 103, 122.94483
64233, 102, 100.26602
64234, 104, 63.85872
64235, 106, 29.63377
64236, 105, 4.774314
64237, 102, 141.82927
64238, 110, 66.00251
64239, 112, 110.06323
64240, 100, 5.070895
64241, 105, 76.44412
64242, 117, 147.98656
64243, 104, 98.682236
64244, 104, 14.513487
64245, 101, 130.0679
64246, 111, 31.145168
64247, 112, 96.67459
64248, 116, 33.965492
64249, 100, 22.34569
64250, 102, 49.498352
64251, 108, 86.8721
64252, 118, 79.048256
64253, 103, 50.35626
64254, 101, 43.48349
64255, 116, 98.12613
64256, 116, 44.87062
64257, 116, 1.6053021
64258, 115, 63.42766
64259, 112, 118.2454
64260, 103, 104.988144
64261, 118, 128.23248
64262, 105, 41.65629
64263, 111, 72.33415
64264, 112, 99.93011
64265, 115, 127.04224
64266, 116, 118.781555
64267, 110, 114.12498
64268, 110, 102.04801
64269, 102, 108.38627
64270, 107, 86.38134
64271, 107, 110.64481
64272, 109, 148.04555
64273, 114, 85.85996
64274, 106, 148.46835
64275, 113, 24.52214
64276, 114, 104.98441
64277, 114, 105.98379
64278, 101, 74.03423
64279, 101, 105.68699
64280, 119, 87.15635
64281, 104, 27.600441
64282, 111, 120.51418
64283, 103, 68.295944
64284, 118, 138.88924
64285, 104, 30.720287
64286, 108, 25.846437
64287, 112, 136.93568
64288, 109, 138.1612
64289, 119, 55.556095
64290, 102, 114.41559
64291, 118, 68.15418
64292, 112, 123.44607
64293, 115, 127.499886
64294, 101, 58.819984
64295, 105, 113.03384
64296, 108, 146.04036
64297, 119, 63.61354
64298, 109, 110.2221
64299, 104, 41.154785
64300, 119, 115.44522
64301, 115, 1.5695125
64302, 119, 64.48983
64303, 114, 29.740986
64304, 109, 126.23879
64305, 117, 96.54954
64306, 116, 29.194048
64307, 103, 69.137276
64308, 103, 110.994514
64309, 111, 99.10184
64310, 116, 97.49204
64311, 108, 50.164185
64312, 113, 146.82947
64313, 100, 140.54956
64314, 101, 5.820876
64315, 117, 77.43406
64316, 116, 85.8338
64317, 106, 14.119398
64318, 106, 141.40256
64319, 105, 102.66789
64320, 109, 12.835953
64321, 114, 63.763706
64322, 117, 28.648407
64323, 119, 58.404797
64324, 114, 105.061554
64325, 117, 30.574884
64326, 115, 123.8072
64327, 114, 140.03133
64328, 118, 88.34881
64329, 119, 126.04583
64330, 101, 149.53325
64331, 100, 129.51909
64332, 117, 140.92068
64333, 103, 87.738144
64334, 105, 96.218346
64335, 108, 91.850266
64336, 107, 74.92446
64337, 100, 39.17047
64338, 100, 137.93488
64339, 105, 139.501
64340, 109, 27.695803
64341, 110, 18.986338
64342, 105, 41.73427
64343, 106, 148.81087
64344, 111, 123.595634
64345, 111, 75.17943
64346, 101, 131.52147
64347, 106, 43.006683
64348, 114, 107.77583
64349, 107, 75.98903
64350, 105, 126.29456
64351, 117, 60.03112
64352, 108, 23.001534
64353, 104, 2.6333122
64354, 100, 39.743202
64355, 101, 83.630394
64356, 111, 82.5807
64357, 106, 30.950377
64358, 114, 128.27992
64359, 117, 60.35169
64360, 111, 43.067917
64361, 111, 25.834196
64362, 115, 67.162445
64363, 100, 12.88223
64364, 112, 78.91715
64365, 103, 72.389694
64366, 119, 7.4994116
64367, 101, 129.04034
64368, 107, 1.7487198
64369, 107, 2.3927808
64370, 115, 4.738739
64371, 100, 138.62703
64372, 119, 32.865868
64373, 107, 73.50135
64374, 111, 88.17398
64375, 116, 0.1956582
64376, 100, 58.377045
64377, 115, 120.525635
64378, 119, 101.99215
64379, 104, 106.56233
64380, 104, 137.5782
64381, 110, 50.324356
64382, 101, 54.229458
64383, 110, 88.38096
64384, 100, 2.2379012
64385, 103, 93.87128
64386, 113, 87.343666
64387, 117, 16.261805
64388, 103, 70.29097
64389, 103, 91.53059
64390, 107, 63.059628
64391, 115, 10.152975
64392, 116, 61.85958
64393, 107, 60.91176
64394, 119, 91.62425
64395, 107, 142.10603
64396, 105, 49.51526
64397, 118, 58.16159
64398, 104, 0.78127384
64399, 114, 5.465144
64400, 103, 36.3788
64401, 110, 63.923943
64402, 105, 10.454625
64403, 113, 80.63209
64404, 113, 116.58678
64405, 104, 39.755577
64406, 108, 68.22995
64407, 100, 27.61707
64408, 115, 36.09132
64409, 114, 31.744534
64410, 113, 133.49756
64411, 106, 146.7304
64412, 101, 133.7709
64413, 117, 51.82797
64414, 116, 149.61432
64415, 108, 80.27819
64416, 115, 15.422076
64417, 118, 25.15431
64418, 118, 20.766119
64419, 103, 81.94453
64420, 117, 18.29052
64421, 113, 147.96684
64422, 116, 17.573048
64423, 109, 0.76923966
64424, 106, 10.909769
64425, 107, 115.4285
64426, 103, 51.162548
64427, 117, 124.33344
64428, 100, 13.551262
64429, 110, 29.68999
64430, 100, 82.32811
64431, 117, 43.082382
64432, 111, 24.668392
64433, 106, 46.12321
64434, 113, 60.69748
64435, 117, 34.43689
64436, 118, 86.926834
64437, 113, 81.16952
64438, 103, 55.179386
64439, 112, 3.9269328
64440, 105, 48.34997
64441, 110, 70.58431
64442, 110, 51.813805
64443, 118, 76.59328
64444, 114, 145.84013
64445, 107, 43.602867
64446, 108, 144.86203
64447, 114, 71.66053
64448, 117, 129.00842
64449, 115, 56.095253
64450, 107, 112.285194
64451, 115, 130.49455
64452, 117, 121.297104
64453, 118, 76.270775
64454, 107, 24.05581
64455, 116, 63.971813
64456, 109, 92.20096
64457, 113, 28.889412
64458, 109, 60.0751
64459, 105, 43.813972
64460, 119, 0.15816987
64461, 117, 16.96009
64462, 104, 38.70501
64463, 106, 86.137535
64464, 108, 67.78602
64465, 107, 33.249344
64466, 112, 12.817803
64467, 102, 87.13679
64468, 116, 125.357185
64469, 104, 1.7359793
64470, 118, 48.455044
64471, 114, 80.32982
64472, 118, 2.7956307
64473, 117, 33.833813
64474, 117, 17.54052
64475, 113, 80.33654
64476, 107, 23.334969
64477, 107, 91.82463
64478, 118, 84.62194
64479, 101, 16.736296
64480, 102, 143.23895
64481, 101, 114.70247
64482, 119, 27.359856
64483, 100, 24.570385
64484, 109, 70.5465
64485, 105, 133.92363
64486, 100, 16.79796
64487, 100, 91.86675
64488, 116, 47.48895
64489, 106, 87.25485
64490, 118, 21.95794
64491, 104, 12.754718
64492, 114, 93.92362
64493, 104, 114.78891
64494, 108, 1.8452346
64495, 105, 58.130657
64496, 108, 50.687885
64497, 118, 11.449054
64498, 110, 2.1095753
64499, 116, 77.60212
64500, 106, 88.71628
64501, 117, 25.375092
64502, 107, 130.09657
64503, 117, 133.11984
64504, 107, 97.51683
64505, 105, 96.354675
64506, 109, 81.72641
64507, 110, 76.57539
64508, 107, 1.2667447
64509, 111, 106.30854
64510, 113, 124.03982
64511, 108, 88.719086
64512, 109, 74.58459
64513, 118, 31.80846
64514, 103, 103.66798
64515, 119, 119.840515
64516, 117, 113.54431
64517, 111, 96.121254
64518, 108, 22.903374
64519, 107, 70.50412
64520, 104, 54.23019
64521, 110, 110.40333
64522, 102, 55.498158
64523, 119, 45.05758
64524, 104, 57.378273
64525, 103, 60.084145
64526, 107, 104.60221
64527, 103, 103.19456
64528, 102, 109.67662
64529, 104, 101.70888
64530, 102, 113.23887
64531, 112, 99.12335
64532, 110, 123.22721
64533, 116, 32.639023
64534, 116, 83.366455
64535, 104, 20.707788
64536, 115, 74.35421
64537, 103, 112.72411
64538, 118, 85.59674
64539, 105, 10.545999
64540, 116, 100.40398
64541, 114, 122.672455
64542, 116, 107.17144
64543, 102, 33.97717
64544, 106, 11.436966
64545, 115, 42.842926
64546, 116, 104.86176
64547, 108, 12.936383
64548, 107, 57.21227
64549, 106, 24.71728
64550, 100, 87.18507
64551, 115, 119.365005
64552, 111, 97.60789
64553, 104, 124.63704
64554, 116, 144.39731
64555, 110, 139.6308
64556, 118, 93.28271
64557, 118, 63.819294
64558, 111, 118.11311
64559, 119, 79.66231
64560, 100, 89.01083
64561, 111, 13.842487
64562, 114, 24.41919
64563, 118, 108.1633
64564, 109, 57.22807
64565, 105, 39.82484
64566, 110, 27.073994
64567, 119, 148.00885
64568, 100, 57.96089
64569, 100, 16.620853
64570, 103, 145.47688
64571, 108, 39.631115
64572, 111, 136.07205
64573, 116, 124.972984
64574, 101, 88.75717
64575, 107, 112.06313
64576, 114, 63.625957
64577, 103, 75.275635
64578, 116, 62.758595
64579, 100, 22.489912
64580, 113, 67.885414
64581, 111, 50.904858
64582, 116, 89.19175
64583, 108, 82.49914
64584, 105, 54.403915
64585, 110, 94.23185
64586, 106, 94.21302
64587, 113, 37.96564
64588, 106, 25.753668
64589, 114, 76.21209
64590, 101, 10.262641
64591, 109, 90.674255
64592, 101, 13.463768
64593, 111, 144.46524
64594, 112, 13.669663
64595, 101, 42.72478
64596, 116, 46.28116
64597, 112, 43.662178
64598, 116, 126.38276
64599, 109, 72.73181
64600, 100, 9.353784
64601, 100, 38.659786
64602, 116, 65.481285
64603, 115, 91.9782
64604, 115, 40.525658
64605, 103, 148.87859
64606, 107, 24.578772
64607, 103, 26.4114
64608, 101, 91.4189
64609, 117, 124.53571
64610, 110, 91.229965
64611, 110, 1.6366929
64612, 112, 39.66041
64613, 102, 28.295704
64614, 104, 82.370224
64615, 113, 131.7891
64616, 111, 38.16029
64617, 113, 99.82082
64618, 111, 28.798931
64619, 114, 61.209637
64620, 101, 83.67794
64621, 119, 89.60569
64622, 115, 66.98928
64623, 106, 76.04455
64624, 104, 68.85514
64625, 110, 25.778818
64626, 102, 91.51934
64627, 109, 9.337073
64628, 105, 58.72028
64629, 114, 64.54259
64630, 101, 97.492485
64631, 101, 122.79613
64632, 103, 92.89123
64633, 105, 75.19434
64634, 102, 68.36044
64635, 101, 23.623413
64636, 106, 98.91088
64637, 114, 112.03423
64638, 111, 53.003876
64639, 106, 30.745804
64640, 105, 107.16322
64641, 102, 60.7627
64642, 115, 82.1435
64643, 115, 125.172615
64644, 117, 71.30427
64645, 111, 107.77633
64646, 110, 1.9314855
64647, 118, 141.32408
64648, 117, 37.90978
64649, 113, 38.690132
64650, 103, 57.61503
64651, 103, 145.76965
64652, 110, 55.19034
64653, 105, 145.86256
64654, 108, 76.448906
64655, 118, 58.583908
64656, 102, 64.1092
64657, 105, 58.150757
64658, 119, 13.924384
64659, 105, 103.123505
64660, 115, 51.014427
64661, 101, 21.699402
64662, 104, 145.36061
64663, 110, 12.835407
64664, 118, 148.86127
64665, 102, 21.787039
64666, 106, 63.870846
64667, 114, 75.891716
64668, 109, 113.800865
64669, 117, 92.24686
64670, 118, 105.00601
64671, 101, 28.570032
64672, 116, 95.63536
64673, 103, 9.652626
64674, 105, 118.08758
64675, 107, 49.896965
64676, 113, 17.371613
64677, 105, 77.7934
64678, 109, 122.20309
64679, 108, 73.220024
64680, 111, 77.14061
64681, 100, 80.310616
64682, 106, 120.2693
64683, 119, 27.874151
64684, 116, 15.842262
64685, 118, 24.153864
64686, 111, 82.0849
64687, 117, 94.40904
64688, 114, 67.80215
64689, 102, 37.355267
64690, 103, 37.490932
64691, 114, 84.43946
64692, 118, 9.230206
64693, 102, 71.579056
64694, 113, 124.59536
64695, 114, 56.262527
64696, 113, 76.192276
64697, 115, 110.24397
64698, 114, 146.89412
64699, 116, 55.22383
64700, 106, 107.56599
64701, 106, 94.717705
64702, 106, 47.06304
64703, 110, 50.25215
64704, 103, 99.26226
64705, 112, 5.0154266
64706, 116, 88.139366
64707, 110, 139.36317
64708, 117, 40.41295
64709, 104, 95.94389
64710, 113, 75.47565
64711, 112, 102.63897
64712, 104, 2.7565866
64713, 104, 44.230164
64714, 113, 122.973076
64715, 105, 136.7888
64716, 119, 109.08775
64717, 110, 79.06296
64718, 112, 110.10435
64719, 116, 16.72243
64720, 115, 51.78574
64721, 102, 38.862545
64722, 103, 3.3047855
64723, 106, 40.858795
64724, 102, 113.34417
64725, 101, 116.786995
64726, 101, 130.87144
64727, 104, 43.95284
64728, 109, 89.35101
64729, 115, 117.27569
64730, 103, 5.9623003
64731, 113, 10.363743
64732, 102, 68.54272
64733, 111, 131.86339
64734, 119, 104.06198
64735, 113, 43.349747
64736, 116, 11.74568
64737, 112, 102.85752
64738, 105, 6.3491015
64739, 110, 34.323906
64740, 107, 121.71041
64741, 108, 109.074776
64742, 106, 144.72522
64743, 104, 108.65656
64744, 118, 148.1065
64745, 101, 103.19535
64746, 112, 45.44685
64747, 119, 140.82245
64748, 106, 4.431778
64749, 104, 58.36731
64750, 118, 68.76014
64751, 115, 123.4461
64752, 104, 75.00348
64753, 116, 118.11926
64754, 111, 27.166727
64755, 112, 19.685286
64756, 106, 53.769127
64757, 119, 28.716507
64758, 107, 29.785957
64759, 102, 14.048714
64760, 115, 127.73703
64761, 108, 39.78054
64762, 108, 85.14985
64763, 104, 59.66471
64764, 101, 111.44958
64765, 112, 35.397648
64766, 106, 51.93084
64767, 116, 1.8161774
64768, 101, 62.63846
64769, 113, 28.796286
64770, 113, 51.006184
64771, 116, 36.65936
64772, 103, 63.86842
64773, 104, 17.108444
64774, 109, 118.34299
64775, 104, 2.2430868
64776, 109, 97.088234
64777, 116, 123.89408
64778, 108, 117.78065
64779, 117, 116.73815
64780, 114, 105.83396
64781, 116, 34.01634
64782, 106, 21.582798
64783, 102, 83.998604
64784, 111, 91.673454
64785, 105, 112.75744
64786, 104, 15.4834
64787, 118, 93.924095
64788, 118, 98.35422
64789, 117, 136.47643
64790, 103, 30.89474
64791, 112, 142.3339
64792, 102, 6.9225492
64793, 101, 36.2777
64794, 119, 32.45591
64795, 118, 26.250162
64796, 118, 121.28265
64797, 108, 76.79819
64798, 116, 70.943726
64799, 105, 93.17161
64800, 105, 148.82022
64801, 112, 30.53374
64802, 116, 123.69572
64803, 114, 50.725418
64804, 108, 139.26842
64805, 116, 43.951096
64806, 104, 18.979374
64807, 118, 58.164562
64808, 108, 139.3019
64809, 110, 65.1741
64810, 101, 71.82224
64811, 105, 115.6347
64812, 101, 66.99976
64813, 113, 54.00837
64814, 104, 24.423937
64815, 109, 54.0932
64816, 102, 24.149063
64817, 106, 98.44392
64818, 115, 89.581215
64819, 107, 24.941683
64820, 105, 144.73378
64821, 109, 100.23036
64822, 104, 43.837685
64823, 109, 30.670586
64824, 117, 73.58971
64825, 103, 43.198006
64826, 111, 84.99029
64827, 105, 77.07189
64828, 102, 19.684633
64829, 116, 138.99641
64830, 104, 101.20698
64831, 110, 36.490845
64832, 108, 77.73612
64833, 118, 37.169327
64834, 106, 145.19084
64835, 117, 123.18517
64836, 112, 4.100257
64837, 116, 53.15893
64838, 106, 147.21523
64839, 119, 18.07082
64840, 114, 79.71527
64841, 107, 143.9934
64842, 115, 25.501558
64843, 100, 58.656513
64844, 113, 116.87809
64845, 115, 9.668604
64846, 103, 55.686985
64847, 118, 27.610668
64848, 108, 73.16144
64849, 110, 48.054787
64850, 119, 72.79255
64851, 108, 50.740215
64852, 118, 129.37555
64853, 110, 141.11607
64854, 109, 53.847706
64855, 109, 132.26883
64856, 106, 78.42449
64857, 115, 145.40157
64858, 103, 144.84
64859, 116, 113.03559
64860, 113, 53.040844
64861, 111, 144.02669
64862, 103, 17.502577
64863, 115, 99.8215
64864, 102, 84.05496
64865, 119, 76.10335
64866, 108, 121.58885
64867, 104, 10.552472
64868, 103, 0.00769794
64869, 114, 55.062183
64870, 115, 114.5447
64871, 119, 129.95662
64872, 115, 100.11357
64873, 100, 76.30842
64874, 111, 113.33888
64875, 103, 115.930786
64876, 113, 103.12101
64877, 112, 77.78532
64878, 119, 147.24867
64879, 114, 97.27919
64880, 105, 5.912161
64881, 112, 68.230034
64882, 102, 93.78771
64883, 112, 147.02852
64884, 102, 132.99915
64885, 104, 110.13287
64886, 108, 55.23651
64887, 100, 102.87446
64888, 109, 25.080156
64889, 108, 32.258625
64890, 107, 67.137665
64891, 104, 84.658
64892, 107, 107.189476
64893, 112, 40.16614
64894, 106, 89.14229
64895, 107, 106.19435
64896, 115, 44.0569
64897, 117, 29.335732
64898, 108, 18.164152
64899, 102, 149.69957
64900, 113, 95.044624
64901, 107, 111.911255
64902, 105, 102.21953
64903, 107, 32.184433
64904, 113, 58.3089
64905, 102, 44.68824
64906, 118, 24.656475
64907, 115, 125.491425
64908, 109, 90.588066
64909, 102, 128.60321
64910, 107, 121.8479
64911, 119, 136.17915
64912, 115, 71.799934
64913, 117, 42.244793
64914, 113, 140.84637
64915, 118, 49.39218
64916, 113, 75.66813
64917, 106, 70.49367
64918, 118, 51.635437
64919, 110, 45.34412
64920, 100, 123.51808
64921, 109, 90.46052
64922, 102, 84.556076
64923, 108, 121.34341
64924, 117, 37.500294
64925, 106, 22.477467
64926, 109, 92.0573
64927, 117, 74.88551
64928, 101, 19.633823
64929, 101, 61.09477
64930, 117, 43.896164
64931, 115, 31.98968
64932, 117, 59.64107
64933, 114, 58.213108
64934, 110, 87.11283
64935, 100, 105.81952
64936, 119, 134.80943
64937, 109, 122.51868
64938, 109, 41.257496
64939, 119, 82.04613
