6627, 103, 144.76093
6628, 105, 117.02408
6629, 110, 83.60696
6630, 101, 65.9069
6631, 104, 25.26892
6632, 104, 101.44979
6633, 117, 80.314835
6634, 102, 24.348799
6635, 113, 29.206144
6636, 108, 53.06046
6637, 104, 86.31163
6638, 103, 26.831182
6639, 110, 18.322178
6640, 106, 2.5942416
6641, 101, 13.789424
6642, 105, 95.5363
6643, 106, 110.326706
6644, 110, 14.175376
6645, 107, 45.268883
6646, 105, 30.14811
6647, 102, 85.1921
6648, 105, 87.19046
6649, 103, 51.67863
6650, 114, 60.724155
6651, 106, 57.277794
6652, 113, 18.255365
6653, 116, 139.42929
6654, 102, 139.80984
6655, 102, 10.3502865
6656, 103, 116.03858
6657, 104, 72.3338
6658, 102, 78.64326
6659, 102, 5.193883
6660, 107, 43.899025
6661, 110, 137.40091
6662, 105, 123.87817
6663, 108, 78.91087
6664, 115, 0.7951319
6665, 105, 118.29125
6666, 118, 22.498066
6667, 115, 57.396324
6668, 107, 120.695946
6669, 111, 58.77168
6670, 113, 56.966827
6671, 110, 78.73395
6672, 101, 125.079384
6673, 103, 34.542336
6674, 109, 42.702805
6675, 117, 148.13145
6676, 107, 33.567284
6677, 119, 18.175247
6678, 115, 2.2662163
6679, 109, 34.02586
6680, 112, 13.502804
6681, 114, 93.81059
6682, 100, 97.49298
6683, 100, 80.576
6684, 113, 34.160587
6685, 111, 95.62579
6686, 111, 1.2060285
6687, 114, 8.521101
6688, 112, 107.231125
6689, 114, 77.61769
6690, 101, 85.10062
6691, 115, 133.1562
6692, 110, 124.23981
6693, 101, 47.008038
6694, 103, 68.53757
6695, 110, 71.15642
6696, 108, 32.69036
6697, 103, 19.246933
6698, 109, 139.4508
6699, 101, 148.19342
6700, 100, 3.7106395
6701, 114, 137.6154
6702, 106, 111.87344
6703, 108, 65.91424
6704, 113, 63.563652
6705, 105, 118.252686
6706, 103, 130.79758
6707, 118, 135.63872
6708, 103, 8.454314
6709, 101, 39.988007
6710, 103, 123.11846
6711, 100, 149.94257
6712, 112, 90.460014
6713, 108, 107.8976
6714, 110, 146.40414
6715, 116, 111.79027
6716, 105, 82.85654
6717, 119, 97.37935
6718, 115, 145.91017
6719, 102, 51.662895
6720, 101, 69.608604
6721, 105, 115.20123
6722, 106, 68.71575
6723, 111, 41.85151
6724, 103, 144.03912
6725, 104, 56.308544
6726, 117, 71.431526
6727, 110, 123.53438
6728, 115, 52.589375
6729, 118, 117.211136
6730, 117, 136.49074
6731, 113, 92.93789
6732, 106, 21.573463
6733, 101, 14.465833
6734, 100, 142.06389
6735, 104, 74.09218
6736, 106, 17.84386
6737, 106, 9.902591
6738, 107, 65.80736
6739, 103, 95.18167
6740, 107, 143.32512
6741, 113, 31.086489
6742, 116, 110.49789
6743, 103, 34.13254
6744, 115, 103.3194
6745, 119, 108.981636
6746, 109, 127.9038
6747, 114, 103.22249
6748, 110, 50.27345
6749, 113, 103.30708
6750, 105, 123.90575
6751, 107, 35.45582
6752, 114, 24.784256
6753, 101, 89.43143
6754, 103, 107.55034
6755, 119, 25.436138
6756, 106, 45.039215
6757, 112, 122.51446
6758, 115, 49.96149
6759, 115, 106.14326
6760, 117, 1.8246621
6761, 111, 18.288124
6762, 108, 116.78693
6763, 103, 101.750206
6764, 107, 80.61271
6765, 107, 44.015114
6766, 103, 145.035
6767, 110, 79.72592
6768, 118, 39.34474
6769, 111, 47.586395
6770, 102, 2.1265535
6771, 102, 43.32998
6772, 109, 28.720432
6773, 104, 94.116745
6774, 117, 46.114647
6775, 109, 20.967749
6776, 105, 47.415073
6777, 112, 1.3109744
6778, 110, 89.11103
6779, 109, 42.89909
6780, 117, 53.53443
6781, 108, 73.003334
6782, 113, 126.048515
6783, 107, 139.79811
6784, 114, 138.983
6785, 115, 76.257965
6786, 103, 140.22198
6787, 103, 66.18249
6788, 106, 130.32748
6789, 109, 53.473843
6790, 118, 84.79324
6791, 114, 50.226868
6792, 116, 68.842384
6793, 104, 80.287155
6794, 106, 129.38673
6795, 113, 51.637386
6796, 107, 130.46495
6797, 112, 33.11863
6798, 112, 77.970215
6799, 109, 145.90099
6800, 103, 111.776306
6801, 112, 31.96916
6802, 108, 18.649658
6803, 118, 142.30153
6804, 105, 47.23622
6805, 119, 66.0982
6806, 109, 135.84293
6807, 110, 31.817945
6808, 106, 106.32473
6809, 104, 76.80915
6810, 108, 120.628586
6811, 103, 85.263824
6812, 118, 112.92883
6813, 110, 7.778075
6814, 106, 48.094933
6815, 101, 42.815174
6816, 106, 98.518715
6817, 105, 11.474687
6818, 113, 119.81078
6819, 101, 119.95132
6820, 105, 94.651886
6821, 112, 50.88873
6822, 117, 37.474743
6823, 118, 111.276436
6824, 118, 32.484413
6825, 116, 136.2654
6826, 118, 93.6118
6827, 117, 107.09047
6828, 106, 62.71634
6829, 105, 142.49583
6830, 110, 14.461863
6831, 103, 80.50428
6832, 113, 67.378456
6833, 101, 8.099082
6834, 115, 28.369537
6835, 100, 145.35637
6836, 112, 47.854786
6837, 110, 59.156002
6838, 102, 54.1072
6839, 115, 69.157364
6840, 105, 95.537506
6841, 100, 64.54268
6842, 105, 141.01994
6843, 112, 78.65075
6844, 118, 120.494545
6845, 104, 131.23038
6846, 110, 28.21269
6847, 110, 61.30676
6848, 100, 15.782457
6849, 116, 32.654034
6850, 109, 23.916784
6851, 108, 59.052757
6852, 103, 37.90397
6853, 106, 10.364467
6854, 103, 85.80578
6855, 103, 59.314754
6856, 104, 128.54042
6857, 102, 113.03288
6858, 106, 123.39916
6859, 113, 27.378765
6860, 116, 70.84148
6861, 103, 34.63666
6862, 112, 145.32
6863, 101, 9.59732
6864, 104, 69.905914
6865, 119, 122.11687
6866, 102, 61.0056
6867, 112, 47.98318
6868, 110, 99.31495
6869, 113, 79.434425
6870, 100, 0.36103427
6871, 108, 75.892235
6872, 119, 131.9406
6873, 100, 112.2334
6874, 101, 107.27646
6875, 114, 101.770805
6876, 109, 80.87968
6877, 115, 9.482869
6878, 117, 149.71648
6879, 110, 3.0535877
6880, 111, 118.37304
6881, 109, 143.85298
6882, 116, 97.66508
6883, 114, 126.53534
6884, 115, 101.67032
6885, 110, 108.57513
6886, 106, 47.587566
6887, 118, 42.75707
6888, 101, 124.419556
6889, 117, 139.92126
6890, 118, 79.512314
6891, 107, 5.7083488
6892, 114, 86.79442
6893, 116, 83.65636
6894, 117, 118.71156
6895, 108, 82.7281
6896, 118, 53.51811
6897, 102, 68.74582
6898, 104, 20.209112
6899, 107, 139.10374
6900, 119, 103.207924
6901, 109, 133.7034
6902, 112, 145.79451
6903, 102, 4.1628065
6904, 113, 105.85981
6905, 112, 30.38966
6906, 106, 4.316926
6907, 117, 136.37006
6908, 110, 104.39765
6909, 100, 122.06191
6910, 100, 90.106995
6911, 119, 135.1101
6912, 111, 121.96312
6913, 116, 54.294205
6914, 114, 141.23618
6915, 111, 9.282634
6916, 105, 120.47309
6917, 116, 15.057787
6918, 104, 55.63186
6919, 115, 124.02833
6920, 110, 32.278313
6921, 117, 112.123055
6922, 113, 97.61691
6923, 118, 43.071842
6924, 113, 65.114296
6925, 118, 140.21967
6926, 119, 67.535965
6927, 112, 82.55373
6928, 105, 140.56786
6929, 118, 46.89081
6930, 114, 119.26996
6931, 105, 87.038734
6932, 117, 68.89518
6933, 106, 90.34285
6934, 100, 120.969055
6935, 118, 78.56605
6936, 101, 6.5088806
6937, 114, 48.413486
6938, 114, 123.63284
6939, 114, 46.065357
6940, 112, 21.996635
6941, 104, 37.21058
6942, 117, 21.864267
6943, 101, 80.92337
6944, 103, 86.02819
6945, 114, 16.058966
6946, 110, 17.396147
6947, 108, 74.358215
6948, 100, 79.736595
6949, 114, 7.9025297
6950, 116, 134.48647
6951, 119, 81.37178
6952, 115, 57.366497
6953, 119, 28.36994
6954, 106, 109.89656
6955, 111, 139.2361
6956, 113, 63.848698
6957, 114, 113.22843
6958, 104, 133.38539
6959, 108, 2.8045177
6960, 108, 113.52305
6961, 119, 114.010796
6962, 102, 72.65479
6963, 117, 22.26642
