35492, 105, 77.35788
35493, 101, 6.9929748
35494, 117, 47.300102
35495, 113, 23.560953
35496, 108, 74.30387
35497, 112, 36.16737
35498, 106, 125.52388
35499, 104, 107.484634
35500, 106, 115.73356
35501, 118, 25.578234
35502, 101, 140.6072
35503, 119, 15.448057
35504, 102, 115.182274
35505, 102, 86.16464
35506, 107, 88.906654
35507, 108, 106.45913
35508, 118, 115.708885
35509, 116, 148.01108
35510, 116, 58.938663
35511, 119, 14.677933
35512, 115, 90.573845
35513, 118, 108.71825
35514, 109, 75.835014
35515, 111, 146.41127
35516, 100, 67.67352
35517, 108, 105.84965
35518, 111, 126.913376
35519, 101, 9.17767
35520, 115, 8.027851
35521, 106, 23.837631
35522, 115, 14.361557
35523, 112, 21.7005
35524, 103, 52.745872
35525, 116, 27.258413
35526, 117, 70.718445
35527, 117, 63.795437
35528, 116, 99.36534
35529, 118, 18.059366
35530, 118, 93.01356
35531, 108, 85.473175
35532, 100, 11.195344
35533, 101, 39.5892
35534, 104, 62.693996
35535, 105, 22.982847
35536, 116, 2.172947
35537, 112, 71.01863
35538, 104, 15.796486
35539, 115, 64.952446
35540, 100, 64.820694
35541, 104, 130.84076
35542, 102, 90.2965
35543, 102, 148.32634
35544, 104, 106.854515
35545, 101, 63.768456
35546, 106, 126.07148
35547, 118, 39.78525
35548, 111, 23.163172
35549, 102, 6.819883
35550, 113, 82.7901
35551, 100, 143.20592
35552, 109, 111.655045
35553, 109, 37.718708
35554, 117, 22.203854
35555, 106, 120.19407
35556, 118, 132.38258
35557, 104, 136.72737
35558, 107, 128.41495
35559, 100, 52.126247
35560, 118, 50.491978
35561, 115, 18.239513
35562, 106, 58.368633
35563, 119, 1.6723037
35564, 102, 55.64949
35565, 112, 87.573845
35566, 105, 30.395205
35567, 106, 142.86919
35568, 104, 10.335928
35569, 101, 101.73439
35570, 102, 20.955938
35571, 112, 60.195305
35572, 112, 76.4728
35573, 116, 45.92896
35574, 106, 138.31447
35575, 116, 3.4056723
35576, 116, 85.20168
35577, 101, 21.577755
35578, 110, 31.98072
35579, 109, 25.557938
35580, 115, 11.569834
35581, 118, 29.531273
35582, 114, 2.394408
35583, 106, 112.73597
35584, 116, 44.295727
35585, 107, 44.296993
35586, 116, 124.8265
35587, 111, 94.51641
35588, 102, 43.73279
35589, 101, 72.48745
35590, 109, 1.4396846
35591, 104, 55.528797
35592, 104, 24.844524
35593, 116, 59.37093
35594, 111, 113.286644
35595, 117, 48.537834
35596, 101, 97.074295
35597, 105, 29.10499
35598, 117, 23.573452
35599, 110, 77.11165
35600, 109, 117.822556
35601, 114, 114.77781
35602, 118, 145.51231
35603, 103, 6.805506
35604, 106, 73.34768
35605, 117, 44.029213
35606, 117, 108.662224
35607, 109, 8.605054
35608, 110, 9.897065
35609, 118, 23.169252
35610, 102, 30.630604
35611, 110, 108.09833
35612, 116, 15.003687
35613, 114, 143.36392
35614, 104, 127.030045
35615, 102, 49.900524
35616, 113, 118.945885
35617, 110, 147.59193
35618, 108, 132.67908
35619, 111, 114.247314
35620, 108, 138.4844
35621, 102, 144.72438
35622, 117, 36.44194
35623, 109, 113.60676
35624, 103, 6.172094
35625, 109, 98.23031
35626, 105, 49.40232
35627, 104, 66.18223
35628, 106, 87.064926
35629, 101, 88.657166
35630, 112, 45.35998
35631, 102, 28.798368
35632, 106, 129.85689
35633, 105, 102.99986
35634, 119, 107.96927
35635, 107, 63.202797
35636, 108, 37.663113
35637, 119, 1.5787661
35638, 104, 53.37889
35639, 112, 10.543648
35640, 110, 94.91702
35641, 102, 69.128006
35642, 108, 97.1424
35643, 108, 98.95492
35644, 118, 109.50704
35645, 101, 57.469967
35646, 104, 111.266594
35647, 106, 89.74971
35648, 103, 4.4826956
35649, 113, 110.38848
35650, 112, 61.182304
35651, 116, 133.22517
35652, 107, 81.322914
35653, 102, 101.39799
35654, 105, 116.16866
35655, 101, 45.491535
35656, 116, 5.9479237
35657, 106, 87.030174
35658, 109, 11.822971
35659, 109, 84.54676
35660, 100, 76.445816
35661, 107, 22.458261
35662, 115, 99.25512
35663, 108, 103.77928
35664, 102, 70.77114
35665, 107, 139.99127
35666, 108, 76.53013
35667, 109, 137.48259
35668, 101, 103.06946
35669, 113, 112.04383
35670, 118, 109.64276
35671, 117, 94.448135
35672, 110, 120.942276
35673, 108, 122.94915
35674, 106, 58.64912
35675, 119, 16.366652
35676, 116, 41.75029
35677, 119, 102.61089
35678, 110, 46.847946
35679, 106, 23.060524
35680, 109, 84.67329
35681, 116, 2.030137
35682, 101, 42.230667
35683, 103, 32.81967
35684, 106, 80.04898
35685, 104, 91.6147
35686, 117, 55.887474
35687, 110, 88.42976
35688, 112, 45.705387
35689, 105, 14.922174
35690, 117, 77.345985
35691, 113, 35.26664
35692, 111, 142.61012
35693, 105, 22.870722
35694, 114, 143.19366
35695, 107, 114.07023
35696, 106, 83.15929
35697, 118, 118.60413
35698, 114, 126.006546
35699, 106, 68.15946
35700, 119, 137.56035
35701, 109, 89.23818
35702, 106, 0.8423567
35703, 101, 66.764824
35704, 110, 136.7198
35705, 111, 66.61501
35706, 109, 66.13217
35707, 111, 88.45027
35708, 101, 113.03699
35709, 101, 11.3781185
35710, 113, 112.749054
35711, 105, 18.385283
35712, 115, 110.87881
35713, 104, 129.1988
35714, 118, 25.732183
35715, 109, 84.9804
35716, 117, 111.25223
35717, 111, 6.679523
35718, 117, 102.39288
35719, 106, 133.64122
35720, 104, 52.455105
35721, 118, 16.586924
35722, 115, 117.86307
35723, 104, 80.43506
35724, 115, 68.71454
35725, 103, 101.14008
35726, 101, 12.129378
35727, 115, 89.82059
35728, 108, 7.1437507
35729, 118, 119.37025
35730, 113, 103.37712
35731, 117, 103.3744
35732, 109, 8.419982
35733, 101, 32.60354
35734, 115, 101.73804
35735, 104, 45.72799
35736, 113, 118.49841
35737, 113, 106.176704
35738, 115, 40.594448
35739, 109, 34.958687
35740, 111, 50.96847
35741, 112, 35.3436
35742, 116, 100.529175
35743, 109, 119.70961
35744, 101, 89.76364
35745, 109, 114.172066
35746, 111, 31.84957
35747, 113, 48.207592
35748, 107, 139.29974
35749, 118, 69.80413
35750, 112, 137.31596
35751, 117, 38.847363
35752, 102, 86.195404
35753, 107, 30.772411
35754, 117, 106.83007
35755, 118, 106.67968
35756, 105, 113.06128
35757, 103, 82.186
35758, 119, 9.081191
35759, 109, 17.552975
35760, 113, 124.76026
35761, 108, 25.571493
35762, 106, 42.4576
35763, 105, 84.1571
35764, 111, 123.939766
35765, 103, 112.53777
35766, 105, 6.7643166
35767, 107, 89.978
35768, 101, 16.817719
35769, 111, 49.97764
35770, 118, 70.77972
35771, 107, 15.450695
35772, 106, 14.260501
35773, 103, 98.229065
35774, 115, 89.54853
35775, 107, 44.249027
35776, 115, 138.92822
35777, 103, 146.47902
35778, 119, 93.88186
35779, 101, 59.11174
35780, 106, 90.482506
35781, 115, 39.787273
35782, 100, 85.38254
35783, 101, 123.12333
35784, 110, 90.89042
35785, 105, 28.599545
35786, 116, 51.60562
35787, 104, 5.5471034
35788, 105, 44.01111
35789, 113, 18.554718
35790, 106, 102.089615
35791, 118, 142.0452
35792, 112, 113.28801
35793, 104, 125.69686
35794, 112, 44.88201
35795, 109, 78.3077
35796, 116, 5.8060794
35797, 115, 24.390265
35798, 112, 138.37772
35799, 119, 33.876507
35800, 104, 61.75174
35801, 100, 3.8149238
35802, 107, 20.553133
35803, 106, 132.9062
35804, 115, 96.55151
35805, 102, 121.55937
35806, 116, 88.656006
35807, 106, 126.2619
35808, 101, 4.1584344
35809, 111, 13.993451
35810, 117, 21.065569
35811, 105, 104.95462
35812, 111, 21.901453
35813, 108, 50.26618
35814, 110, 86.131836
35815, 100, 76.772964
35816, 118, 147.67982
35817, 110, 31.369526
35818, 107, 43.75773
35819, 111, 105.52706
35820, 113, 9.246442
35821, 108, 95.40783
35822, 102, 144.09546
35823, 104, 68.807014
35824, 101, 21.53297
35825, 104, 44.155983
35826, 111, 29.497736
35827, 103, 74.890274
35828, 106, 17.53328
35829, 107, 25.904238
35830, 103, 116.47796
35831, 108, 32.226555
35832, 115, 65.08865
35833, 113, 89.83247
35834, 118, 61.514915
35835, 117, 106.50805
35836, 114, 148.38092
35837, 101, 112.02881
35838, 107, 102.4743
35839, 119, 141.99292
35840, 102, 39.565605
35841, 110, 99.35859
35842, 103, 36.667862
35843, 114, 131.83508
35844, 109, 142.66031
35845, 106, 31.574652
35846, 112, 92.204094
35847, 113, 67.357956
35848, 114, 41.086864
35849, 103, 105.47668
35850, 118, 105.18816
35851, 102, 28.579939
35852, 103, 82.70574
35853, 103, 25.642473
35854, 103, 103.71414
35855, 108, 134.89082
35856, 102, 19.410145
35857, 114, 41.051647
35858, 102, 73.402504
35859, 110, 83.207375
35860, 111, 122.80186
35861, 110, 116.71174
35862, 100, 5.19703
35863, 117, 114.94565
35864, 104, 126.85611
35865, 119, 134.58708
35866, 115, 123.74402
35867, 114, 85.04068
35868, 107, 110.23702
35869, 102, 12.857616
35870, 118, 46.21572
35871, 100, 39.850357
35872, 102, 108.14492
35873, 107, 42.619247
35874, 111, 32.394333
35875, 101, 117.70304
35876, 112, 64.03438
35877, 112, 64.78013
35878, 102, 15.503347
35879, 108, 111.83786
35880, 114, 133.99379
35881, 106, 95.56231
35882, 114, 50.05649
35883, 101, 33.54191
35884, 119, 144.85309
35885, 105, 16.511232
35886, 111, 121.50511
35887, 118, 93.44298
35888, 105, 117.69369
35889, 114, 135.65215
35890, 118, 114.915184
35891, 119, 134.75893
35892, 111, 139.26506
35893, 107, 4.59069
35894, 116, 45.21238
35895, 100, 65.00747
35896, 114, 62.987396
35897, 101, 27.959936
35898, 105, 63.16942
35899, 117, 30.498863
35900, 109, 0.72642267
35901, 106, 62.291695
35902, 116, 84.77575
35903, 106, 134.81781
35904, 112, 35.663883
35905, 107, 21.285805
35906, 117, 90.830986
35907, 101, 24.113104
35908, 111, 75.47333
35909, 104, 133.91327
35910, 110, 83.535484
35911, 117, 33.023376
35912, 104, 40.25672
35913, 103, 100.74498
35914, 112, 93.37416
35915, 118, 103.82669
35916, 115, 70.02841
35917, 119, 106.24721
35918, 119, 10.187468
35919, 100, 141.62492
35920, 117, 120.48786
35921, 101, 148.57857
35922, 109, 9.371969
35923, 103, 108.46882
35924, 109, 98.74741
35925, 100, 140.94269
35926, 103, 71.22797
35927, 118, 53.412052
35928, 101, 8.872032
35929, 112, 145.75558
35930, 116, 91.155334
35931, 117, 134.54758
35932, 100, 38.04919
35933, 118, 46.049847
35934, 103, 47.301666
35935, 106, 130.16617
35936, 112, 133.19664
35937, 106, 143.83739
35938, 106, 109.69317
35939, 119, 21.944136
35940, 113, 96.36611
35941, 108, 148.3806
35942, 113, 14.512584
35943, 101, 101.73031
35944, 109, 114.682556
35945, 117, 46.22333
35946, 118, 32.549526
35947, 108, 110.46841
35948, 117, 85.615166
35949, 105, 26.114237
35950, 104, 141.06816
35951, 100, 100.08031
35952, 108, 51.31244
35953, 117, 144.76823
35954, 110, 92.52408
35955, 109, 60.05466
35956, 108, 104.20476
35957, 104, 104.87298
35958, 109, 10.359514
35959, 115, 58.69916
35960, 115, 100.44911
35961, 101, 67.10408
35962, 111, 1.7383039
35963, 107, 36.648453
35964, 103, 144.45656
35965, 102, 32.973915
35966, 114, 58.034126
35967, 117, 64.83059
35968, 117, 13.109261
35969, 117, 43.290432
35970, 116, 120.87888
35971, 119, 145.59917
35972, 118, 65.35079
35973, 114, 113.98059
35974, 105, 129.4407
35975, 110, 52.800625
35976, 112, 111.19161
35977, 105, 51.888283
35978, 115, 137.33693
35979, 109, 25.53277
35980, 103, 35.076748
35981, 100, 54.01793
35982, 119, 3.6039324
35983, 118, 90.12611
35984, 105, 73.02402
35985, 103, 12.097862
35986, 106, 125.277336
35987, 108, 81.23694
35988, 104, 12.819108
35989, 108, 90.49468
35990, 116, 137.04417
35991, 109, 26.603178
35992, 116, 29.87102
35993, 110, 127.50995
35994, 104, 30.407434
35995, 109, 113.97499
35996, 109, 39.59035
35997, 113, 104.29902
35998, 112, 138.93407
35999, 104, 68.44786
36000, 109, 73.25643
36001, 100, 34.24866
36002, 101, 135.22491
36003, 119, 21.755262
36004, 110, 146.16502
36005, 105, 76.593124
36006, 112, 19.144947
36007, 112, 81.97971
36008, 109, 27.899338
36009, 118, 27.506287
36010, 101, 20.167976
36011, 117, 146.88521
36012, 105, 139.86552
36013, 113, 55.148148
36014, 111, 3.6257207
36015, 118, 18.30217
36016, 119, 7.5689883
36017, 115, 1.6005903
36018, 114, 17.604723
36019, 103, 22.709852
36020, 114, 50.54669
36021, 110, 85.22636
36022, 115, 91.97035
36023, 109, 69.04199
36024, 116, 147.79189
36025, 103, 62.91722
36026, 111, 82.52162
36027, 117, 41.988132
36028, 118, 49.492504
36029, 108, 104.66758
36030, 104, 139.33855
36031, 117, 56.94928
36032, 117, 68.43157
36033, 114, 143.84317
36034, 107, 20.46976
36035, 100, 16.161303
36036, 101, 137.42255
36037, 111, 69.68363
36038, 100, 120.607796
36039, 105, 114.841286
36040, 105, 53.334484
36041, 106, 95.90056
36042, 112, 15.799006
36043, 103, 34.40243
36044, 110, 118.06256
36045, 104, 115.262115
36046, 105, 30.920685
36047, 115, 128.00421
36048, 101, 2.8926015
36049, 118, 148.43462
36050, 108, 53.277416
36051, 113, 28.685465
36052, 102, 39.197212
36053, 102, 69.80362
36054, 101, 102.49821
36055, 101, 100.45536
36056, 114, 129.84389
36057, 106, 40.565792
36058, 107, 50.358913
36059, 109, 111.193756
36060, 116, 15.840027
36061, 107, 111.1661
36062, 114, 45.94065
36063, 106, 20.8402
36064, 110, 145.86601
36065, 100, 18.933973
36066, 100, 129.0265
36067, 114, 82.40929
36068, 109, 108.36963
36069, 112, 47.0709
36070, 100, 65.5387
36071, 101, 124.19112
36072, 112, 139.55421
36073, 115, 130.4308
36074, 118, 15.858552
36075, 100, 28.57477
36076, 119, 49.302185
36077, 117, 66.88271
36078, 101, 15.8292
36079, 103, 133.38312
36080, 107, 4.717201
36081, 111, 96.66237
36082, 114, 55.63498
36083, 113, 123.25733
36084, 112, 125.108185
36085, 113, 63.839893
36086, 110, 119.31068
36087, 119, 129.9885
36088, 116, 12.446817
36089, 104, 56.296223
36090, 105, 126.83638
36091, 100, 109.93672
36092, 115, 30.150578
36093, 106, 27.725798
36094, 110, 91.53433
36095, 107, 37.568478
36096, 119, 104.45649
36097, 108, 116.17559
36098, 101, 24.041811
36099, 100, 118.05456
36100, 108, 19.46099
36101, 110, 131.29549
36102, 113, 88.16852
36103, 103, 0.66283643
36104, 108, 57.08337
36105, 119, 134.93813
36106, 107, 72.990906
36107, 110, 20.554976
36108, 100, 114.878555
36109, 102, 88.306145
36110, 114, 95.50431
36111, 109, 123.34055
36112, 113, 132.32506
36113, 119, 105.01744
36114, 115, 32.337265
36115, 107, 138.96788
36116, 112, 120.02423
36117, 106, 94.7306
36118, 111, 113.05778
36119, 109, 66.73979
36120, 109, 24.90204
36121, 116, 57.45043
36122, 106, 78.846214
36123, 113, 101.92774
36124, 102, 10.736426
36125, 110, 24.447771
36126, 103, 28.963959
36127, 107, 128.17308
36128, 114, 46.53885
36129, 103, 27.397684
36130, 117, 131.2256
36131, 109, 87.852554
36132, 107, 57.172565
36133, 101, 48.433964
36134, 103, 97.775856
36135, 105, 53.06173
36136, 112, 68.102745
36137, 109, 122.58827
36138, 103, 16.518375
36139, 108, 8.03985
36140, 107, 113.7547
36141, 104, 20.33151
36142, 113, 129.4995
36143, 117, 87.90894
36144, 101, 49.534027
36145, 111, 125.43023
36146, 112, 19.761372
36147, 106, 76.72677
36148, 116, 93.17079
36149, 115, 13.283094
36150, 115, 27.218172
36151, 112, 50.650513
36152, 103, 123.46244
36153, 107, 102.01972
36154, 101, 90.78909
36155, 103, 134.81729
36156, 103, 26.918274
36157, 105, 131.50713
36158, 115, 37.29088
36159, 108, 136.42467
36160, 104, 68.22651
36161, 104, 82.31861
36162, 101, 128.14127
36163, 104, 1.4431715
36164, 117, 39.388596
36165, 101, 105.05243
36166, 109, 96.5865
36167, 115, 42.90996
36168, 117, 71.77214
36169, 105, 112.2895
36170, 110, 29.203642
36171, 116, 32.55828
36172, 106, 149.26782
36173, 112, 46.125706
36174, 112, 25.274733
36175, 113, 137.5851
36176, 108, 111.798584
36177, 107, 136.48596
36178, 115, 128.34796
36179, 105, 3.5657735
36180, 115, 56.458176
36181, 112, 17.77145
36182, 104, 36.392982
36183, 112, 32.01822
36184, 108, 75.62391
36185, 105, 127.23941
36186, 107, 0.66960454
36187, 115, 61.926468
36188, 112, 91.797165
36189, 119, 59.6639
36190, 101, 147.42412
36191, 108, 17.507288
36192, 108, 65.78182
36193, 107, 101.03494
36194, 111, 28.93299
36195, 109, 44.364586
36196, 117, 149.4411
36197, 112, 39.950268
36198, 112, 123.39297
36199, 117, 108.22075
36200, 112, 140.74915
36201, 107, 149.54576
36202, 119, 138.9626
36203, 108, 47.755524
36204, 119, 81.96439
36205, 115, 102.074005
36206, 107, 140.06827
36207, 111, 5.994022
36208, 100, 130.18517
36209, 107, 33.72724
36210, 109, 75.27426
36211, 113, 84.95319
36212, 101, 121.788765
36213, 115, 29.43635
36214, 103, 107.35636
36215, 116, 83.79022
36216, 104, 0.1558274
36217, 101, 42.368923
36218, 104, 107.637184
36219, 114, 42.97699
36220, 109, 122.92868
36221, 112, 4.9930573
36222, 105, 58.73614
36223, 105, 6.9630594
36224, 100, 91.46493
36225, 107, 21.998888
36226, 101, 5.7309685
36227, 114, 141.9068
36228, 108, 145.4542
36229, 109, 137.16982
36230, 114, 125.20394
36231, 116, 129.14223
36232, 110, 33.125523
36233, 105, 97.252716
36234, 108, 4.504877
36235, 118, 79.15023
36236, 118, 137.13925
36237, 112, 74.83948
36238, 109, 12.238132
36239, 118, 123.31666
36240, 107, 101.04798
36241, 118, 94.86005
36242, 114, 40.490448
36243, 105, 56.246727
36244, 105, 148.18547
36245, 107, 77.58337
36246, 112, 56.767128
36247, 119, 84.47107
36248, 119, 145.70912
36249, 101, 54.58967
36250, 119, 105.32701
36251, 107, 126.766556
36252, 112, 23.137575
36253, 102, 35.558037
36254, 114, 10.287327
36255, 118, 70.40526
36256, 107, 136.8243
36257, 109, 63.953133
36258, 114, 49.877323
36259, 109, 15.863398
36260, 105, 5.9028
36261, 101, 100.21952
36262, 109, 53.104393
36263, 105, 35.97208
36264, 100, 129.91957
36265, 111, 110.28824
36266, 117, 55.235874
36267, 119, 84.19293
36268, 107, 100.34779
36269, 113, 3.4889011
36270, 114, 106.230415
36271, 101, 42.68538
36272, 113, 144.55511
36273, 110, 102.70379
36274, 100, 11.841917
36275, 114, 18.322393
36276, 108, 107.12295
36277, 104, 139.54622
36278, 102, 45.40639
36279, 105, 140.29242
36280, 105, 24.815216
36281, 112, 109.435814
36282, 109, 139.70654
36283, 101, 25.782984
36284, 102, 75.60264
36285, 115, 125.48761
36286, 107, 125.747635
36287, 107, 61.189655
36288, 107, 22.587132
36289, 106, 142.42514
36290, 100, 95.78912
36291, 102, 44.212757
36292, 104, 129.73395
36293, 112, 79.45425
36294, 102, 70.072655
36295, 116, 84.439224
36296, 102, 31.147724
36297, 108, 125.40286
36298, 110, 139.89125
36299, 109, 141.16951
36300, 108, 55.08468
36301, 101, 98.29108
36302, 102, 49.30441
36303, 103, 145.09123
36304, 104, 123.86325
36305, 104, 139.11414
36306, 116, 73.37069
36307, 116, 92.85018
36308, 115, 31.004261
36309, 100, 144.96422
36310, 118, 88.73467
36311, 111, 3.057146
36312, 110, 89.29957
36313, 113, 123.50527
36314, 112, 87.7453
36315, 117, 49.829945
36316, 106, 67.76243
36317, 119, 24.282942
36318, 104, 92.488396
36319, 108, 147.79736
36320, 119, 82.85003
36321, 116, 88.10505
36322, 105, 126.62072
36323, 103, 38.101013
36324, 102, 30.645319
36325, 117, 26.233595
36326, 119, 132.50655
36327, 118, 114.98872
36328, 118, 148.81291
36329, 111, 43.97538
36330, 103, 36.268356
36331, 119, 79.571846
36332, 119, 87.095764
36333, 106, 59.932297
36334, 103, 83.264496
36335, 112, 88.068146
36336, 106, 141.40099
36337, 106, 47.25497
36338, 117, 126.52805
36339, 110, 59.77063
36340, 104, 75.51445
36341, 105, 102.347534
36342, 112, 30.007687
36343, 101, 104.80828
36344, 117, 78.9132
36345, 108, 135.39874
36346, 100, 2.0081162
36347, 111, 0.34185648
36348, 111, 27.44168
36349, 104, 23.284203
36350, 104, 123.38083
36351, 116, 95.434616
36352, 104, 49.4187
36353, 100, 72.94975
36354, 102, 77.91255
36355, 101, 6.487817
36356, 100, 18.403208
36357, 119, 67.49225
36358, 104, 0.43306053
36359, 101, 122.439644
36360, 111, 28.543192
36361, 112, 77.23302
36362, 110, 34.504562
36363, 113, 88.584496
36364, 112, 89.5501
36365, 100, 1.813969
36366, 108, 125.71986
36367, 107, 0.6827742
36368, 101, 34.691162
36369, 113, 116.53717
36370, 102, 86.09834
36371, 100, 112.91304
36372, 108, 48.276196
36373, 102, 38.685696
36374, 110, 56.706707
36375, 104, 36.49765
36376, 111, 113.0595
36377, 106, 72.807106
36378, 117, 124.8375
36379, 102, 126.39062
36380, 116, 112.266495
36381, 114, 14.416328
36382, 108, 9.909153
36383, 107, 27.15261
36384, 101, 76.10058
36385, 104, 129.20856
36386, 100, 6.332901
36387, 107, 71.09809
36388, 109, 62.638584
36389, 106, 66.88884
36390, 118, 88.32713
36391, 113, 15.305284
36392, 110, 8.467465
36393, 101, 81.689926
36394, 109, 114.12876
36395, 101, 29.959185
36396, 105, 72.746956
36397, 111, 71.65161
36398, 109, 30.325333
36399, 109, 42.21569
36400, 101, 70.91009
36401, 110, 15.812686
36402, 110, 36.37802
36403, 106, 40.988644
36404, 101, 129.89598
36405, 110, 101.78633
36406, 111, 50.988194
36407, 105, 117.12009
36408, 112, 70.0119
36409, 101, 117.43397
36410, 108, 2.9806762
36411, 118, 1.923886
36412, 101, 29.848354
36413, 106, 141.27089
36414, 115, 24.680382
36415, 112, 72.99734
36416, 115, 102.39379
36417, 102, 137.4901
36418, 100, 37.274452
36419, 104, 50.681538
36420, 105, 139.11702
36421, 106, 142.9255
36422, 108, 143.08849
36423, 107, 30.885235
36424, 117, 116.79758
36425, 100, 102.79165
36426, 116, 121.22645
36427, 112, 34.017136
36428, 104, 101.16442
36429, 108, 119.950005
36430, 109, 126.17136
36431, 107, 43.514523
36432, 112, 137.54674
36433, 106, 149.98145
36434, 110, 111.16235
36435, 100, 108.69968
36436, 119, 123.21124
36437, 117, 148.60904
36438, 102, 53.451885
36439, 112, 114.84821
36440, 108, 133.94441
36441, 103, 110.8289
36442, 119, 124.91961
36443, 107, 121.02796
36444, 101, 119.68128
36445, 115, 131.09378
36446, 106, 49.604836
36447, 114, 96.11897
36448, 108, 86.067406
36449, 104, 143.31322
36450, 106, 2.6682525
36451, 106, 110.184326
36452, 102, 130.19168
36453, 108, 60.942604
36454, 106, 130.33954
36455, 102, 18.450022
36456, 119, 82.44699
36457, 116, 50.960934
36458, 119, 81.702034
36459, 108, 29.77117
36460, 110, 75.435036
36461, 105, 119.51251
36462, 109, 52.313187
36463, 119, 136.81866
36464, 102, 64.86568
36465, 105, 106.47871
36466, 109, 58.99339
36467, 114, 16.066423
36468, 118, 6.0162396
36469, 106, 82.430954
36470, 100, 60.33443
36471, 115, 111.078
36472, 104, 26.267427
36473, 119, 87.25484
36474, 102, 44.706863
36475, 106, 2.2515535
36476, 101, 53.116722
36477, 100, 98.30391
36478, 102, 143.5385
36479, 107, 76.367195
36480, 115, 143.32117
36481, 110, 2.3908587
36482, 103, 124.40257
36483, 104, 102.6838
36484, 109, 148.10497
36485, 103, 26.331917
36486, 116, 30.154896
36487, 102, 15.617162
36488, 119, 101.59659
36489, 118, 12.594143
36490, 111, 130.23242
36491, 103, 88.33464
36492, 102, 65.13539
36493, 111, 144.6175
36494, 112, 62.565277
36495, 115, 16.157045
36496, 102, 107.306015
36497, 118, 51.27926
36498, 118, 35.56688
36499, 110, 146.32748
36500, 101, 79.83873
36501, 110, 46.640923
36502, 105, 131.22786
36503, 108, 49.74239
36504, 118, 59.88376
36505, 103, 78.056595
36506, 115, 137.2163
36507, 110, 14.171505
36508, 101, 27.081657
36509, 112, 117.27328
36510, 113, 3.547597
36511, 105, 91.909744
36512, 104, 87.19785
36513, 114, 5.449301
36514, 106, 21.34745
36515, 112, 126.346436
36516, 115, 46.66501
36517, 119, 44.52284
36518, 110, 147.66934
36519, 108, 1.3387531
36520, 105, 46.1955
36521, 103, 21.050968
36522, 112, 132.50894
36523, 100, 36.973053
36524, 112, 142.92477
36525, 106, 19.410637
36526, 106, 60.559032
36527, 102, 105.21761
36528, 106, 93.81405
36529, 104, 47.34025
36530, 115, 70.154816
36531, 103, 61.19325
36532, 117, 46.785404
36533, 106, 48.618748
36534, 108, 1.5455961
36535, 112, 43.01457
36536, 111, 10.878333
36537, 119, 114.8589
36538, 116, 93.59415
36539, 119, 31.308022
36540, 116, 92.59457
36541, 107, 27.152502
36542, 116, 28.50008
36543, 118, 72.53054
36544, 117, 91.97551
36545, 108, 124.290726
36546, 109, 80.427574
36547, 103, 25.49057
36548, 111, 122.5144
36549, 105, 130.62659
36550, 110, 79.9756
36551, 111, 86.17066
36552, 115, 43.07061
36553, 104, 19.962143
36554, 117, 94.03327
36555, 100, 145.26518
36556, 107, 67.010826
36557, 114, 69.55351
36558, 107, 141.53334
36559, 117, 139.70792
36560, 102, 51.29444
36561, 104, 41.7118
36562, 102, 0.4504949
36563, 113, 117.26386
36564, 100, 9.049317
36565, 117, 143.00226
36566, 109, 140.04549
36567, 103, 15.173525
36568, 115, 15.68977
36569, 100, 26.37561
36570, 115, 135.8295
36571, 112, 107.62183
36572, 100, 10.659403
36573, 109, 86.62099
36574, 101, 68.186646
36575, 105, 80.221176
36576, 113, 20.367489
36577, 108, 6.6038666
36578, 117, 26.122221
36579, 107, 36.17977
36580, 103, 0.09016693
36581, 110, 141.33064
36582, 115, 63.366455
36583, 119, 107.836754
36584, 101, 25.427628
36585, 117, 25.892866
36586, 101, 130.08032
36587, 106, 64.86112
36588, 106, 74.58082
36589, 102, 74.28361
36590, 103, 149.67192
36591, 105, 50.865574
36592, 112, 57.36361
36593, 105, 97.78195
36594, 101, 105.80423
36595, 103, 61.145596
36596, 101, 94.57758
36597, 105, 61.558674
36598, 115, 102.510605
36599, 102, 86.79971
36600, 112, 137.45007
36601, 118, 52.08207
36602, 109, 114.86561
36603, 105, 132.31903
36604, 107, 68.3917
36605, 106, 103.102684
36606, 114, 40.798706
36607, 106, 145.45047
36608, 103, 9.190786
36609, 108, 111.63184
36610, 108, 93.57317
36611, 102, 11.579561
36612, 103, 66.2462
36613, 109, 36.153282
36614, 119, 119.27365
36615, 107, 57.541008
36616, 108, 88.263435
36617, 102, 90.831604
36618, 107, 43.667732
36619, 100, 81.76549
36620, 112, 45.731915
36621, 114, 32.2049
36622, 117, 123.35667
36623, 108, 45.52761
36624, 110, 12.236702
36625, 108, 23.52612
36626, 119, 75.76374
36627, 114, 96.945755
36628, 101, 28.38639
36629, 118, 38.21784
36630, 108, 144.12947
36631, 117, 94.76672
36632, 101, 60.119488
36633, 118, 119.0996
36634, 116, 36.591537
36635, 113, 107.08018
36636, 110, 108.29165
36637, 101, 148.27115
36638, 114, 138.10666
36639, 113, 56.18688
36640, 119, 11.88865
36641, 113, 51.379753
36642, 118, 73.69282
36643, 112, 71.453926
36644, 108, 61.802753
36645, 118, 57.86894
36646, 106, 87.51184
36647, 110, 41.21839
36648, 103, 121.050125
36649, 118, 26.85619
36650, 100, 103.36639
36651, 107, 67.04459
36652, 102, 13.735673
36653, 117, 123.917465
36654, 108, 78.201744
36655, 106, 56.6228
36656, 106, 136.42328
36657, 107, 10.038185
36658, 114, 14.313957
36659, 113, 2.5089831
36660, 111, 93.79117
36661, 118, 148.34444
36662, 109, 78.0003
36663, 116, 60.56089
36664, 107, 116.11218
36665, 114, 9.319889
36666, 108, 72.19522
36667, 107, 114.70466
36668, 119, 67.21622
36669, 101, 4.893574
36670, 118, 13.676414
36671, 118, 74.27989
36672, 109, 44.18488
36673, 112, 13.378671
36674, 116, 116.173134
36675, 114, 25.290432
36676, 102, 33.27723
36677, 104, 26.471794
36678, 114, 6.3243093
36679, 115, 29.127083
36680, 118, 71.58819
36681, 104, 15.664718
36682, 107, 74.70853
36683, 111, 9.117821
36684, 116, 43.69784
36685, 105, 34.385723
36686, 109, 50.425674
36687, 110, 98.56434
36688, 106, 111.9586
36689, 118, 86.150375
36690, 110, 40.112965
36691, 118, 83.37447
36692, 106, 1.3141036
36693, 111, 53.924175
36694, 119, 108.26852
36695, 102, 42.02184
36696, 106, 88.46422
36697, 111, 125.08354
36698, 108, 89.612946
36699, 101, 117.47252
36700, 111, 29.410421
36701, 102, 124.29601
36702, 112, 107.78223
36703, 105, 130.7405
36704, 101, 21.954176
36705, 101, 137.00856
36706, 108, 72.699486
36707, 111, 122.41063
36708, 113, 80.96364
36709, 118, 93.76307
36710, 107, 86.19222
36711, 119, 145.85287
36712, 110, 29.719412
36713, 113, 128.402
36714, 101, 148.5244
36715, 118, 93.80091
36716, 114, 91.28992
36717, 102, 24.817505
36718, 119, 117.86087
36719, 119, 148.48813
36720, 109, 59.563404
36721, 112, 52.123314
36722, 110, 79.457054
36723, 109, 111.06448
36724, 105, 1.1507571
36725, 110, 7.178423
36726, 100, 100.923904
36727, 113, 91.23951
36728, 116, 85.843994
36729, 108, 148.77684
36730, 111, 28.624195
36731, 113, 38.903805
36732, 101, 4.1207314
36733, 109, 73.97816
36734, 114, 44.310837
36735, 110, 88.9249
36736, 101, 62.957623
36737, 103, 30.708477
36738, 111, 10.135013
36739, 110, 109.22939
36740, 116, 132.44173
36741, 105, 137.6148
36742, 119, 134.78029
36743, 101, 107.83483
36744, 115, 126.68315
36745, 113, 17.297861
36746, 113, 85.69549
36747, 106, 124.36733
36748, 119, 142.4083
36749, 105, 133.8379
36750, 119, 60.147945
36751, 102, 122.21921
36752, 104, 74.6818
36753, 104, 99.683014
36754, 112, 41.63272
36755, 112, 67.49379
36756, 114, 140.72728
36757, 108, 134.67311
36758, 119, 51.530037
36759, 118, 38.969242
36760, 108, 5.6836815
36761, 105, 49.767216
36762, 100, 22.139507
36763, 100, 60.454765
36764, 107, 30.32965
36765, 105, 94.2898
36766, 114, 7.870424
36767, 108, 47.672867
36768, 108, 138.4915
36769, 104, 26.152155
36770, 115, 102.973305
36771, 117, 67.57082
36772, 104, 69.99722
36773, 114, 87.41299
36774, 103, 37.409504
36775, 107, 104.621155
36776, 112, 145.53532
36777, 109, 1.0636926
36778, 101, 16.4022
36779, 116, 59.018085
36780, 107, 96.26089
36781, 112, 95.054794
36782, 111, 91.155685
36783, 117, 41.154964
36784, 100, 96.47638
36785, 103, 113.74446
36786, 102, 50.314762
36787, 110, 140.2506
36788, 104, 126.49067
36789, 116, 46.718155
36790, 102, 149.78194
36791, 114, 8.226755
36792, 106, 14.229083
36793, 114, 134.74466
36794, 112, 51.329388
36795, 114, 69.18593
36796, 110, 59.1827
36797, 106, 92.91025
36798, 118, 117.38528
36799, 107, 69.37095
36800, 117, 10.795418
36801, 106, 123.407616
36802, 101, 33.51952
36803, 104, 45.78658
36804, 106, 130.91257
36805, 110, 73.96639
36806, 111, 139.77165
36807, 107, 107.40972
36808, 114, 45.08098
36809, 105, 107.07269
36810, 112, 11.875266
36811, 109, 81.02811
36812, 105, 12.764615
36813, 100, 145.61096
36814, 113, 22.071854
36815, 110, 136.95491
36816, 115, 148.77454
36817, 107, 56.84637
36818, 104, 132.89067
36819, 104, 25.72866
36820, 107, 113.52226
36821, 103, 142.66743
36822, 112, 22.578737
36823, 108, 8.023247
36824, 108, 119.20187
36825, 102, 79.83842
36826, 114, 83.20214
36827, 103, 38.753326
36828, 102, 48.716972
36829, 110, 19.29523
36830, 109, 113.6664
36831, 105, 62.698746
36832, 115, 26.690466
36833, 102, 105.93446
36834, 105, 126.18421
36835, 115, 125.18457
36836, 119, 132.21747
36837, 115, 147.67163
36838, 114, 105.76875
36839, 118, 44.41683
36840, 114, 41.786636
36841, 104, 58.451584
36842, 104, 49.908417
36843, 109, 51.25749
36844, 101, 118.75338
36845, 117, 48.367542
36846, 108, 33.833134
36847, 110, 101.005936
36848, 111, 25.847876
36849, 109, 51.121243
36850, 110, 92.61919
36851, 100, 31.136862
36852, 101, 98.84978
36853, 113, 18.18181
36854, 111, 130.59352
36855, 119, 10.238171
36856, 115, 90.01268
36857, 107, 56.480206
36858, 114, 131.94775
36859, 118, 129.3215
36860, 108, 6.6645565
36861, 102, 127.32346
36862, 101, 110.81931
36863, 105, 46.85617
36864, 114, 138.25868
36865, 102, 22.143047
36866, 107, 34.311577
36867, 104, 36.691895
36868, 105, 122.9875
36869, 100, 101.70392
36870, 116, 15.541792
36871, 110, 94.00972
36872, 102, 12.1250515
36873, 108, 105.146225
36874, 101, 11.016217
36875, 111, 123.557526
36876, 105, 82.26168
36877, 113, 47.38311
36878, 113, 16.375217
36879, 103, 68.9282
36880, 103, 23.056225
36881, 109, 22.717863
36882, 108, 55.368313
36883, 113, 135.87836
36884, 111, 141.19159
36885, 114, 96.85836
36886, 118, 52.7043
36887, 108, 72.86317
36888, 112, 48.61393
36889, 115, 82.96186
36890, 105, 49.26776
36891, 107, 13.006416
36892, 105, 104.14197
36893, 103, 51.461033
36894, 119, 129.0849
36895, 100, 26.818916
36896, 104, 102.31689
36897, 107, 56.94034
36898, 116, 43.68321
36899, 109, 131.10896
36900, 107, 128.80055
36901, 115, 44.521084
36902, 116, 14.046541
36903, 116, 115.61892
36904, 101, 84.47731
36905, 101, 22.456017
36906, 106, 79.82894
36907, 116, 110.66973
36908, 101, 56.354168
36909, 116, 117.217865
36910, 110, 14.071941
36911, 102, 36.432186
36912, 107, 81.01833
36913, 104, 94.3326
36914, 104, 109.883835
36915, 104, 93.04594
36916, 114, 79.11713
36917, 119, 74.96421
36918, 117, 119.854294
36919, 118, 89.11857
36920, 105, 134.16557
36921, 103, 8.426365
36922, 116, 13.346582
36923, 114, 101.06469
36924, 101, 112.327354
36925, 108, 16.559547
36926, 106, 126.274315
36927, 114, 72.91844
36928, 110, 72.06329
36929, 110, 63.044037
36930, 117, 40.063683
36931, 100, 92.12801
36932, 119, 118.44805
36933, 104, 12.593812
36934, 117, 129.22888
36935, 104, 0.5999297
36936, 109, 46.97848
36937, 117, 100.169395
36938, 105, 111.35098
36939, 110, 30.380102
36940, 107, 2.08928
36941, 115, 13.106471
36942, 106, 70.40521
36943, 112, 57.331894
36944, 114, 56.94859
36945, 106, 24.31806
36946, 116, 67.67465
36947, 109, 112.69133
36948, 117, 72.56721
36949, 111, 86.43061
36950, 111, 11.928168
36951, 106, 38.865192
36952, 107, 73.92258
36953, 112, 44.69776
36954, 110, 122.479675
36955, 101, 73.44916
36956, 118, 7.449317
36957, 110, 48.73969
36958, 104, 20.519363
36959, 108, 125.08016
36960, 113, 87.444786
36961, 113, 30.107868
36962, 102, 140.52728
36963, 115, 46.06424
36964, 117, 53.054157
36965, 111, 134.42386
36966, 112, 98.523895
36967, 113, 114.02
36968, 102, 81.3752
36969, 116, 44.67786
36970, 103, 101.70759
36971, 106, 125.38939
36972, 117, 13.653132
36973, 107, 61.147007
36974, 109, 34.684433
36975, 106, 94.591255
36976, 103, 14.599246
36977, 107, 104.0897
36978, 106, 93.197945
36979, 105, 67.50007
36980, 110, 147.2754
36981, 115, 32.223183
36982, 118, 65.79318
36983, 106, 102.2969
36984, 110, 130.43925
36985, 104, 33.71905
36986, 109, 77.68737
36987, 115, 70.813484
36988, 102, 23.65229
36989, 109, 144.9465
36990, 115, 126.398056
36991, 101, 20.869991
36992, 100, 74.111046
36993, 100, 77.23416
36994, 118, 60.133015
36995, 112, 107.286224
36996, 117, 129.93474
36997, 108, 119.917
36998, 101, 13.18894
36999, 103, 106.45443
37000, 107, 145.21362
37001, 104, 33.547577
37002, 119, 139.2701
37003, 108, 51.557358
37004, 108, 29.001654
37005, 112, 149.94826
37006, 112, 26.748571
37007, 117, 21.08936
37008, 108, 98.82525
37009, 117, 61.746902
37010, 117, 35.540657
37011, 112, 37.826927
37012, 101, 84.22748
37013, 105, 34.811165
37014, 114, 77.060104
37015, 105, 59.70923
37016, 116, 98.122734
37017, 114, 125.92513
37018, 107, 96.32535
37019, 111, 138.24103
37020, 103, 132.89703
37021, 114, 127.94442
37022, 113, 1.2020767
37023, 119, 94.626045
37024, 101, 39.03291
37025, 104, 59.242237
37026, 105, 30.74905
37027, 103, 136.34395
37028, 111, 50.73408
37029, 102, 141.87471
37030, 119, 113.08625
37031, 116, 54.201973
37032, 119, 40.04859
37033, 115, 39.43228
37034, 111, 128.3297
37035, 119, 66.587456
37036, 113, 70.417366
37037, 104, 53.46112
37038, 101, 75.627
37039, 105, 5.6126566
37040, 107, 127.83988
37041, 112, 30.368391
37042, 118, 11.9918165
37043, 106, 143.07816
37044, 112, 146.75642
37045, 116, 80.02901
37046, 119, 11.771446
37047, 104, 101.70859
37048, 108, 121.19316
37049, 100, 93.67441
37050, 111, 23.097557
37051, 115, 144.96848
37052, 105, 141.03952
37053, 101, 57.509914
37054, 119, 116.75735
37055, 112, 117.375984
37056, 119, 80.94725
37057, 105, 102.12514
37058, 115, 113.85626
37059, 112, 128.50089
37060, 107, 76.72779
37061, 113, 142.40247
37062, 109, 138.64352
37063, 115, 21.404297
37064, 103, 100.67276
37065, 107, 79.43604
37066, 117, 32.99017
37067, 105, 70.04762
37068, 118, 50.182674
37069, 114, 118.72314
37070, 101, 28.99518
37071, 110, 25.702848
37072, 113, 129.01979
37073, 102, 16.295778
37074, 103, 69.447174
37075, 103, 83.140434
37076, 109, 41.126686
37077, 100, 105.41069
37078, 109, 9.775803
37079, 100, 96.09011
37080, 119, 108.695625
37081, 116, 75.741714
37082, 114, 40.826424
37083, 106, 66.766205
37084, 104, 10.088879
37085, 103, 95.5406
37086, 106, 49.64718
37087, 113, 145.80344
37088, 104, 24.16066
37089, 101, 3.476903
37090, 102, 117.39823
37091, 100, 94.919
37092, 110, 80.84375
37093, 110, 29.509466
37094, 100, 81.52323
37095, 118, 145.54552
37096, 119, 141.19354
37097, 105, 77.686935
37098, 117, 131.20854
37099, 109, 41.072453
37100, 104, 32.765312
37101, 110, 15.920949
37102, 108, 96.374306
37103, 100, 148.57379
37104, 117, 127.674034
37105, 104, 35.587906
37106, 118, 39.010765
37107, 100, 36.685966
37108, 105, 65.682396
37109, 119, 142.52008
37110, 100, 102.066734
37111, 106, 101.220276
37112, 118, 73.01926
37113, 112, 31.189621
37114, 117, 103.783005
37115, 102, 98.732895
37116, 115, 81.95748
37117, 110, 108.73631
37118, 117, 86.9094
37119, 104, 12.768271
37120, 103, 78.62326
37121, 110, 88.857216
37122, 101, 89.24881
37123, 107, 23.253805
37124, 109, 135.59143
37125, 113, 145.0803
37126, 113, 30.927622
37127, 118, 35.749687
37128, 107, 46.74493
37129, 106, 91.94934
37130, 108, 83.291626
37131, 101, 73.88866
37132, 100, 84.73639
37133, 114, 55.406963
37134, 117, 22.125908
37135, 108, 86.70474
37136, 105, 7.888448
37137, 103, 65.0479
37138, 103, 31.777283
37139, 113, 1.6903013
37140, 108, 72.63905
37141, 107, 92.46417
37142, 108, 82.44741
37143, 100, 110.972336
37144, 116, 117.53414
37145, 113, 110.337585
37146, 102, 71.51601
37147, 113, 32.82034
37148, 108, 92.98845
37149, 102, 110.74947
37150, 110, 51.35064
37151, 119, 45.350548
37152, 108, 109.707855
37153, 117, 68.15051
37154, 118, 88.56208
37155, 103, 44.452946
37156, 112, 50.78794
37157, 117, 133.59293
37158, 103, 117.269905
37159, 118, 54.69322
37160, 100, 110.84194
37161, 114, 32.08926
37162, 114, 27.332254
37163, 108, 4.8426657
37164, 115, 37.928135
37165, 113, 8.0521345
37166, 111, 24.445787
37167, 119, 53.268494
37168, 102, 5.627185
37169, 107, 91.99311
37170, 112, 140.55544
37171, 112, 55.73972
37172, 106, 92.0995
37173, 118, 42.94348
37174, 105, 119.695274
37175, 100, 97.913765
37176, 116, 94.10342
37177, 104, 42.84113
37178, 104, 93.00027
37179, 115, 121.1924
37180, 102, 52.96456
37181, 110, 75.40378
37182, 107, 68.41869
37183, 115, 45.714005
37184, 102, 106.67557
37185, 113, 126.53181
37186, 110, 36.323708
37187, 113, 113.54334
37188, 109, 139.71068
37189, 102, 136.24025
37190, 116, 115.38402
37191, 115, 115.25822
37192, 113, 25.890907
37193, 115, 101.84166
37194, 119, 23.841593
37195, 105, 36.652912
37196, 110, 101.53131
37197, 111, 3.5604806
37198, 114, 144.84976
37199, 115, 101.8454
37200, 107, 116.108826
37201, 107, 119.26884
37202, 107, 29.11673
37203, 101, 11.4590225
37204, 119, 47.44717
37205, 116, 27.827105
37206, 113, 148.33742
37207, 105, 58.851494
37208, 110, 0.67248344
37209, 103, 21.250633
37210, 112, 61.63193
37211, 101, 96.42038
37212, 104, 121.17627
37213, 116, 66.68486
37214, 108, 11.293798
37215, 111, 48.662754
37216, 104, 42.554344
37217, 106, 41.24642
37218, 110, 92.36083
37219, 116, 65.71693
37220, 117, 114.30069
37221, 119, 9.903494
37222, 118, 5.6708603
37223, 105, 36.78276
37224, 108, 47.643784
37225, 103, 50.539185
37226, 116, 79.17647
37227, 109, 8.414734
37228, 119, 47.36637
37229, 113, 103.770744
37230, 105, 79.24179
37231, 111, 42.14201
37232, 110, 34.23154
37233, 113, 105.319305
37234, 110, 57.157642
37235, 114, 40.817062
37236, 100, 71.2866
37237, 118, 106.890465
37238, 116, 120.50916
37239, 119, 25.448952
37240, 102, 143.18079
37241, 116, 76.42448
37242, 104, 120.02399
37243, 112, 133.82764
37244, 102, 68.338326
37245, 104, 99.2232
37246, 116, 21.569914
37247, 117, 115.407845
37248, 103, 81.69588
37249, 108, 138.20184
37250, 103, 4.853922
37251, 117, 67.52354
37252, 111, 77.57399
37253, 105, 30.019014
37254, 103, 16.102972
37255, 110, 137.25055
37256, 117, 90.97249
37257, 104, 129.62665
37258, 110, 90.37753
37259, 111, 13.275539
37260, 115, 67.24018
37261, 104, 109.73702
37262, 102, 106.111435
37263, 118, 130.58592
37264, 105, 40.31904
37265, 102, 5.9970083
37266, 101, 22.368666
37267, 112, 20.522278
37268, 119, 116.19776
37269, 117, 68.420265
37270, 116, 138.0514
37271, 112, 13.687706
37272, 100, 61.351795
37273, 104, 148.65956
37274, 119, 126.47324
37275, 111, 7.3782206
37276, 114, 103.194466
37277, 113, 21.741762
37278, 111, 106.479256
37279, 113, 64.90916
37280, 118, 9.016541
37281, 116, 1.4055669
37282, 103, 91.684975
37283, 110, 129.75554
37284, 105, 26.36785
37285, 100, 91.77985
37286, 108, 68.639946
37287, 101, 58.778645
37288, 117, 48.823456
37289, 104, 10.964531
37290, 109, 64.95291
37291, 110, 58.072258
37292, 106, 2.0535886
37293, 115, 1.5087694
37294, 104, 60.477127
37295, 108, 132.83058
37296, 114, 5.2557974
37297, 103, 3.2126606
37298, 114, 25.849459
37299, 104, 125.59452
37300, 109, 128.63702
37301, 101, 89.52187
37302, 104, 68.06685
37303, 116, 94.32059
37304, 116, 18.71902
37305, 104, 102.964226
37306, 107, 47.91989
37307, 109, 99.17528
37308, 112, 96.12844
37309, 114, 17.098555
37310, 109, 81.14912
37311, 115, 41.354916
37312, 101, 31.270658
37313, 112, 94.09395
37314, 105, 34.54737
37315, 113, 71.86048
37316, 110, 110.901726
37317, 107, 80.0339
37318, 118, 2.1022081
37319, 116, 8.583033
37320, 115, 64.357056
37321, 111, 1.0443181
37322, 102, 142.47688
37323, 104, 41.938618
37324, 114, 139.36223
37325, 101, 98.74635
