48127, 119, 108.42131
48128, 106, 117.379395
48129, 102, 125.03107
48130, 102, 47.57192
48131, 103, 79.20678
48132, 108, 127.275734
48133, 106, 88.73778
48134, 114, 122.529045
48135, 102, 38.958584
48136, 113, 11.841067
48137, 101, 92.30749
48138, 110, 126.71389
48139, 106, 44.16788
48140, 100, 5.8627367
48141, 108, 8.199432
48142, 116, 89.336525
48143, 118, 102.074
48144, 117, 32.846073
48145, 113, 59.496178
48146, 119, 101.761055
48147, 100, 71.62779
48148, 100, 139.77785
48149, 119, 59.57493
48150, 114, 111.1377
48151, 101, 105.21592
48152, 101, 59.724434
48153, 114, 105.7803
48154, 116, 37.379776
48155, 103, 64.47788
48156, 106, 23.809729
48157, 103, 41.056538
48158, 107, 80.57869
48159, 119, 11.914909
48160, 114, 40.49802
48161, 111, 148.08867
48162, 101, 113.93883
48163, 104, 25.89392
48164, 108, 123.27548
48165, 110, 67.43251
48166, 103, 71.17694
48167, 117, 13.454864
48168, 116, 115.67799
48169, 119, 25.145834
48170, 100, 12.816095
48171, 103, 17.758522
48172, 115, 37.806656
48173, 102, 46.107887
48174, 115, 32.377632
48175, 119, 39.071774
48176, 100, 56.38041
48177, 110, 135.47568
48178, 106, 94.47432
48179, 101, 55.349697
48180, 116, 36.812523
48181, 100, 122.87356
48182, 109, 96.17879
48183, 100, 146.97513
48184, 113, 7.1438403
48185, 116, 104.997604
48186, 100, 87.18198
48187, 118, 71.36256
48188, 115, 88.74487
48189, 114, 13.201725
48190, 109, 8.811209
48191, 109, 24.046978
48192, 115, 73.33079
48193, 117, 49.144764
48194, 104, 47.12991
48195, 108, 75.48196
48196, 118, 83.29654
48197, 101, 74.798615
48198, 112, 148.78122
48199, 103, 55.348938
48200, 100, 131.6201
48201, 105, 142.4975
48202, 110, 97.60751
48203, 105, 120.41604
48204, 111, 103.31952
48205, 109, 2.6253014
48206, 106, 134.20499
48207, 111, 93.0459
48208, 100, 55.651806
48209, 110, 86.3305
48210, 119, 139.32623
48211, 110, 64.04536
48212, 118, 71.61154
48213, 115, 77.708466
48214, 116, 15.6371355
48215, 118, 5.6996493
48216, 111, 123.695244
48217, 110, 0.22400022
48218, 103, 69.51925
48219, 102, 135.36575
48220, 109, 139.95834
48221, 118, 51.06093
48222, 112, 62.318184
48223, 112, 19.719358
48224, 103, 90.28608
48225, 103, 10.669703
48226, 117, 26.630491
48227, 100, 48.016308
48228, 105, 36.793533
48229, 102, 149.71483
48230, 117, 73.06682
48231, 103, 135.06554
48232, 108, 72.76787
48233, 108, 84.914734
48234, 117, 49.21452
48235, 117, 134.86183
48236, 112, 122.92677
48237, 104, 148.41673
48238, 114, 11.170614
48239, 117, 0.18272102
48240, 105, 135.06932
48241, 102, 138.14569
48242, 106, 149.3814
48243, 117, 45.67365
48244, 107, 23.877213
48245, 105, 116.98634
48246, 107, 73.829384
48247, 105, 7.807195
48248, 116, 33.08974
48249, 104, 113.38884
48250, 102, 74.348175
48251, 115, 51.61272
48252, 106, 141.2771
48253, 108, 4.811329
48254, 113, 90.13739
48255, 111, 7.746273
48256, 105, 91.96877
48257, 103, 133.30598
48258, 110, 18.358568
48259, 104, 113.87647
48260, 113, 96.01827
48261, 116, 9.886667
48262, 100, 125.2608
48263, 103, 78.64331
48264, 102, 122.8283
48265, 110, 147.13591
48266, 109, 99.79379
48267, 113, 117.86107
48268, 116, 57.17234
48269, 106, 123.474815
48270, 106, 50.454746
48271, 115, 78.1074
48272, 116, 45.01608
48273, 119, 77.2739
48274, 113, 103.64664
48275, 109, 53.739265
48276, 111, 88.50876
48277, 116, 147.16438
48278, 103, 85.714485
48279, 112, 146.91908
48280, 118, 85.7078
48281, 108, 142.17798
48282, 111, 115.84197
48283, 118, 51.472923
48284, 111, 75.47846
48285, 117, 55.902958
48286, 118, 116.894966
48287, 106, 74.18752
48288, 113, 33.14209
48289, 107, 88.71839
48290, 115, 43.614872
48291, 107, 144.75142
48292, 112, 87.762794
48293, 115, 141.73965
48294, 115, 64.83003
48295, 100, 62.304436
48296, 115, 11.282417
48297, 119, 92.050964
48298, 116, 135.84659
48299, 106, 20.822569
48300, 102, 138.45789
48301, 113, 66.10582
48302, 118, 52.1837
48303, 118, 123.971085
48304, 119, 7.0262966
48305, 104, 20.28104
48306, 101, 77.93079
48307, 119, 100.84601
48308, 101, 123.81104
48309, 114, 34.591084
48310, 111, 35.735695
48311, 101, 135.76744
48312, 118, 41.0923
48313, 118, 125.55666
48314, 103, 59.91303
48315, 103, 29.872593
48316, 107, 101.912125
48317, 118, 58.995625
48318, 110, 106.84375
48319, 107, 115.901215
48320, 107, 61.810345
48321, 106, 119.068474
48322, 105, 82.99759
48323, 103, 77.85331
48324, 112, 63.016624
48325, 107, 149.32239
48326, 102, 48.390823
48327, 117, 72.326195
48328, 119, 45.532547
48329, 119, 94.54573
48330, 104, 44.052826
48331, 105, 93.96342
48332, 110, 9.042138
48333, 110, 106.18037
48334, 104, 97.72118
48335, 115, 133.53738
48336, 105, 46.38156
48337, 106, 127.40276
48338, 109, 72.6252
48339, 117, 90.33071
48340, 104, 92.00589
48341, 108, 101.04883
48342, 111, 42.4646
48343, 111, 28.797161
48344, 112, 86.734886
48345, 110, 74.89272
48346, 109, 85.23527
48347, 104, 11.33447
48348, 111, 146.5641
48349, 104, 95.9439
48350, 109, 75.174385
48351, 101, 132.41815
48352, 103, 113.75564
48353, 118, 116.20124
48354, 111, 60.785168
48355, 104, 134.54713
48356, 111, 61.73543
48357, 119, 106.35932
48358, 108, 34.124126
48359, 112, 101.43805
48360, 108, 125.166595
48361, 112, 26.707005
48362, 104, 86.27336
48363, 118, 60.566498
48364, 107, 7.8470974
48365, 101, 122.9969
48366, 101, 109.66718
48367, 119, 63.83861
48368, 102, 33.54629
48369, 113, 44.37949
48370, 111, 70.11015
48371, 115, 91.44158
48372, 103, 41.00883
48373, 108, 91.49624
48374, 103, 127.48431
48375, 107, 115.00021
48376, 112, 28.756615
48377, 118, 25.347492
48378, 101, 41.89052
48379, 107, 60.964188
48380, 104, 59.02275
48381, 119, 61.073486
48382, 107, 81.4875
48383, 112, 84.13711
48384, 119, 107.46706
48385, 112, 28.507133
48386, 112, 98.94769
48387, 100, 82.218636
48388, 103, 58.696754
48389, 115, 141.96416
48390, 105, 116.18789
48391, 116, 90.596825
48392, 113, 12.041429
48393, 105, 69.18158
48394, 116, 31.17173
48395, 106, 123.81603
48396, 102, 37.826122
48397, 109, 19.636282
48398, 105, 16.020012
48399, 106, 145.2153
48400, 117, 127.101364
48401, 110, 87.803185
48402, 113, 46.037758
48403, 102, 140.17934
48404, 106, 145.82564
48405, 118, 66.448204
48406, 107, 73.18899
48407, 114, 69.224045
48408, 110, 55.676697
48409, 109, 63.589222
48410, 103, 67.78419
48411, 105, 146.0556
48412, 119, 36.10384
48413, 118, 65.808174
48414, 111, 142.86697
48415, 111, 131.52829
48416, 108, 146.78404
48417, 113, 54.919373
48418, 110, 138.99095
48419, 103, 53.308323
48420, 110, 9.925953
48421, 110, 42.2209
48422, 111, 116.044266
48423, 112, 142.12738
48424, 101, 86.663185
48425, 102, 2.0769506
48426, 104, 65.894135
48427, 107, 67.28803
48428, 103, 70.73611
48429, 103, 114.533676
48430, 110, 33.12377
48431, 102, 4.622698
48432, 106, 139.3763
48433, 107, 2.275139
48434, 115, 123.41661
48435, 111, 119.10861
48436, 114, 71.66284
48437, 102, 14.236164
48438, 103, 94.82313
48439, 112, 126.54866
48440, 101, 85.80984
48441, 106, 73.58964
48442, 100, 14.609734
48443, 113, 58.1227
48444, 104, 83.37281
48445, 110, 117.494156
48446, 105, 144.4226
48447, 103, 5.5762143
48448, 107, 57.40351
48449, 111, 84.00358
48450, 108, 90.59638
48451, 106, 62.056526
48452, 103, 142.91734
48453, 106, 33.320286
48454, 116, 98.487434
48455, 116, 82.24365
48456, 103, 9.288043
48457, 117, 4.604423
48458, 118, 146.85956
48459, 100, 8.759013
48460, 100, 64.41945
48461, 111, 62.556587
48462, 106, 21.789032
48463, 105, 41.313137
48464, 109, 138.15741
48465, 107, 11.66186
48466, 112, 4.1988373
48467, 108, 49.817814
48468, 104, 26.846373
48469, 114, 133.7087
48470, 108, 13.035178
48471, 106, 120.0669
48472, 108, 15.41959
48473, 104, 4.080534
48474, 100, 82.307976
48475, 115, 3.03407
48476, 103, 60.99635
48477, 102, 57.39105
48478, 100, 65.69544
48479, 109, 69.63347
48480, 112, 17.32623
48481, 103, 88.08609
48482, 119, 107.10354
48483, 104, 83.55897
48484, 102, 106.776764
48485, 110, 19.490818
48486, 102, 51.19205
48487, 108, 74.98451
48488, 117, 133.57262
48489, 118, 0.27640164
48490, 110, 35.049103
48491, 116, 39.346863
48492, 105, 0.43565333
48493, 107, 28.118034
48494, 108, 142.49014
48495, 102, 99.649574
48496, 107, 112.71373
48497, 115, 35.19834
48498, 112, 42.107597
48499, 116, 119.61771
48500, 101, 109.933495
48501, 112, 43.249073
48502, 105, 31.020256
48503, 112, 41.041428
48504, 114, 118.12744
48505, 115, 54.043346
48506, 115, 3.4520655
48507, 100, 18.240765
48508, 101, 37.25009
48509, 113, 119.53155
48510, 111, 110.22042
48511, 112, 81.84546
48512, 118, 104.82272
48513, 115, 62.248333
48514, 108, 132.4424
48515, 110, 142.45906
48516, 113, 81.71134
48517, 100, 59.93338
48518, 110, 44.66418
48519, 119, 36.954357
48520, 100, 48.981445
48521, 114, 64.62717
48522, 100, 67.94117
48523, 115, 132.14201
48524, 113, 88.668625
48525, 115, 109.88016
48526, 101, 122.63969
48527, 114, 62.508827
48528, 104, 37.88017
48529, 118, 102.84509
48530, 115, 11.111516
48531, 119, 89.553185
48532, 103, 135.19476
48533, 109, 125.72147
48534, 115, 92.0508
48535, 112, 111.35351
48536, 114, 60.707233
48537, 112, 106.5833
48538, 104, 10.203489
48539, 100, 50.783463
48540, 111, 69.964096
48541, 101, 80.821526
48542, 104, 136.1671
48543, 116, 20.164276
48544, 114, 64.56085
48545, 104, 85.30747
48546, 103, 147.54652
48547, 111, 109.390656
48548, 116, 131.21606
48549, 108, 109.25537
48550, 112, 119.28377
48551, 116, 100.78894
48552, 102, 59.712883
48553, 119, 75.879135
48554, 118, 55.507233
48555, 111, 10.5773
48556, 105, 140.25922
48557, 106, 40.259
48558, 104, 130.94513
48559, 104, 35.778496
48560, 112, 26.871998
48561, 103, 67.694786
48562, 107, 24.454514
48563, 116, 45.895046
48564, 113, 105.61545
48565, 119, 72.70773
48566, 105, 42.59416
48567, 110, 123.34066
48568, 103, 134.26305
48569, 105, 28.328884
48570, 118, 79.25878
48571, 106, 21.32138
48572, 104, 123.62541
48573, 104, 118.58372
48574, 119, 91.84246
48575, 104, 17.848196
48576, 112, 142.80078
48577, 106, 9.706852
48578, 111, 0.82461834
48579, 117, 68.300125
48580, 108, 100.3903
48581, 116, 0.11327863
48582, 101, 13.180858
48583, 112, 10.540258
48584, 117, 90.64357
48585, 105, 62.349514
48586, 103, 66.885284
48587, 118, 75.496826
48588, 102, 134.42677
48589, 113, 125.866325
48590, 116, 15.264961
48591, 104, 5.64968
48592, 102, 83.80093
48593, 112, 82.92126
48594, 113, 88.985054
48595, 103, 71.66701
48596, 118, 32.81968
48597, 103, 87.24071
48598, 102, 96.3319
48599, 116, 116.00074
48600, 118, 10.26746
48601, 112, 29.108181
48602, 104, 37.049496
48603, 110, 57.33331
48604, 116, 97.56867
48605, 111, 34.785114
48606, 117, 121.89174
48607, 119, 79.02593
48608, 118, 111.90931
48609, 106, 107.84605
48610, 116, 76.57892
48611, 111, 142.57158
48612, 111, 142.73656
48613, 108, 143.76167
48614, 103, 58.06042
48615, 108, 27.462969
48616, 111, 121.42496
48617, 114, 37.72604
48618, 107, 90.27502
48619, 112, 48.05847
48620, 103, 47.959427
48621, 106, 112.981804
48622, 118, 112.18169
48623, 105, 93.806496
48624, 107, 142.02849
48625, 103, 22.135984
48626, 119, 28.778128
48627, 116, 59.249203
48628, 111, 127.00121
48629, 109, 19.099268
48630, 114, 120.5979
48631, 100, 78.2033
48632, 118, 148.37885
48633, 105, 47.53575
48634, 118, 127.74674
48635, 101, 62.172997
48636, 102, 123.150665
48637, 103, 135.84077
48638, 107, 128.54445
48639, 109, 24.433172
48640, 104, 44.540398
48641, 102, 87.199356
48642, 113, 55.17703
48643, 117, 49.10853
48644, 103, 89.14169
48645, 114, 136.95274
48646, 119, 118.436615
48647, 105, 57.306065
48648, 105, 134.99174
48649, 117, 37.799103
48650, 119, 44.779945
48651, 109, 72.44605
48652, 100, 32.418564
48653, 111, 34.533245
48654, 114, 145.128
48655, 113, 118.40933
48656, 108, 139.25137
48657, 116, 133.26851
48658, 115, 54.73974
48659, 117, 108.03682
48660, 118, 54.755035
48661, 119, 133.54889
48662, 111, 33.149975
48663, 119, 70.77047
48664, 104, 45.782288
48665, 119, 98.83066
48666, 112, 66.46498
48667, 107, 118.03084
48668, 117, 0.052785873
48669, 106, 139.26099
48670, 118, 22.502428
48671, 108, 60.532852
48672, 103, 138.8245
48673, 104, 97.73197
48674, 114, 45.866177
48675, 105, 144.35905
48676, 113, 149.28728
48677, 108, 126.04474
48678, 108, 96.13962
48679, 104, 75.49844
48680, 103, 148.83932
48681, 101, 41.655125
48682, 102, 57.671974
48683, 115, 6.451625
48684, 100, 2.766457
48685, 109, 134.548
48686, 114, 35.74486
48687, 108, 10.192466
48688, 111, 13.344723
48689, 105, 13.034543
48690, 107, 119.94017
48691, 110, 24.909077
48692, 109, 6.493297
48693, 102, 145.00609
48694, 114, 24.073156
48695, 100, 90.73117
48696, 117, 135.07683
48697, 116, 144.92561
48698, 103, 39.20632
48699, 117, 13.282925
48700, 114, 149.52655
48701, 112, 134.03775
48702, 114, 124.21374
48703, 116, 96.07538
48704, 117, 90.40857
48705, 102, 104.86168
48706, 102, 51.65426
48707, 106, 79.08677
48708, 107, 83.089775
48709, 116, 23.404303
48710, 113, 110.712234
48711, 106, 67.61095
48712, 113, 119.70931
48713, 102, 115.93412
48714, 103, 132.20699
48715, 101, 125.199394
48716, 117, 65.98668
48717, 105, 21.637817
48718, 108, 140.1353
48719, 118, 6.6377788
48720, 117, 123.04952
48721, 100, 114.086395
48722, 111, 126.294975
48723, 109, 111.92721
48724, 110, 62.44222
48725, 107, 1.139456
48726, 101, 106.86349
48727, 113, 133.73209
48728, 119, 96.76916
48729, 117, 29.28147
48730, 118, 3.8896055
48731, 102, 128.07658
48732, 115, 8.425543
48733, 108, 130.51306
48734, 118, 93.037506
48735, 112, 101.594505
48736, 113, 107.60949
48737, 117, 99.15899
48738, 106, 40.160824
48739, 101, 117.183044
48740, 108, 5.0023375
48741, 116, 9.803984
48742, 106, 64.420525
48743, 116, 104.34563
48744, 107, 86.56341
48745, 109, 98.874344
48746, 116, 28.533796
48747, 118, 26.052671
48748, 108, 10.05511
48749, 104, 30.06835
48750, 108, 138.01996
48751, 104, 77.68286
48752, 115, 81.35141
48753, 113, 55.28073
48754, 110, 11.439621
48755, 100, 58.509556
48756, 110, 50.712402
48757, 108, 122.61843
48758, 116, 44.50974
48759, 100, 108.714836
48760, 111, 45.191414
48761, 111, 123.551765
48762, 116, 81.243805
48763, 116, 113.33922
48764, 106, 65.68561
48765, 119, 102.80661
48766, 118, 73.74578
48767, 102, 90.518196
48768, 109, 57.702682
48769, 115, 53.746666
48770, 100, 142.62581
48771, 117, 64.47529
48772, 105, 109.48803
48773, 101, 143.6854
48774, 111, 86.79353
48775, 110, 131.48267
48776, 104, 112.11598
48777, 116, 72.308495
48778, 106, 106.463745
48779, 119, 110.584045
48780, 117, 32.60978
48781, 109, 14.449016
48782, 107, 31.131783
48783, 113, 5.4923325
48784, 114, 116.98885
48785, 118, 106.08158
48786, 117, 52.2843
48787, 103, 28.62128
48788, 111, 72.88337
48789, 114, 33.833473
48790, 102, 24.445242
48791, 100, 111.125046
48792, 115, 118.324615
48793, 119, 132.777
48794, 105, 97.93614
48795, 103, 57.821426
48796, 115, 128.57343
48797, 116, 79.95468
48798, 117, 123.02699
48799, 103, 41.642456
48800, 116, 65.90443
48801, 109, 84.19856
48802, 101, 20.564058
48803, 102, 96.52333
48804, 105, 13.642824
48805, 116, 122.907005
48806, 118, 37.900204
48807, 109, 67.172386
48808, 119, 73.590965
48809, 107, 12.804598
48810, 114, 78.24461
48811, 101, 87.84728
48812, 116, 56.091957
48813, 100, 63.206936
48814, 105, 119.74875
48815, 102, 64.99185
48816, 101, 81.04143
48817, 110, 148.40576
48818, 110, 142.9662
48819, 102, 91.37055
48820, 113, 85.89041
48821, 117, 148.37624
48822, 100, 50.703587
48823, 106, 58.415695
48824, 114, 128.79773
48825, 117, 43.91199
48826, 106, 50.313324
48827, 103, 123.75441
48828, 101, 39.483646
48829, 105, 70.97667
48830, 112, 103.56657
48831, 103, 139.04527
48832, 113, 92.0224
48833, 102, 104.71708
48834, 115, 85.16565
48835, 114, 122.899315
48836, 100, 2.5414019
48837, 110, 148.35603
48838, 108, 116.72697
48839, 115, 110.86247
48840, 114, 61.7735
48841, 118, 127.136055
48842, 100, 147.73982
48843, 117, 2.7922063
48844, 102, 107.30168
48845, 109, 30.470207
48846, 107, 94.189095
48847, 109, 143.88402
48848, 107, 8.8245125
48849, 115, 131.84839
48850, 116, 135.94344
48851, 109, 113.09351
48852, 107, 138.7962
48853, 113, 5.8562636
48854, 102, 15.14715
48855, 103, 108.226715
48856, 114, 114.4082
48857, 112, 41.39759
48858, 113, 111.422386
48859, 112, 57.531666
48860, 116, 17.800543
48861, 115, 75.42092
48862, 115, 24.038637
48863, 100, 34.008068
48864, 101, 139.6982
48865, 109, 148.89009
48866, 112, 67.013954
48867, 100, 80.07867
48868, 102, 133.25354
48869, 101, 18.745672
48870, 111, 1.5048087
48871, 113, 94.46311
48872, 110, 51.327457
48873, 114, 52.59696
48874, 105, 14.590269
48875, 116, 65.21104
48876, 111, 26.183697
48877, 109, 130.2013
48878, 118, 38.60263
48879, 117, 91.33757
48880, 106, 16.964275
48881, 103, 123.253914
48882, 114, 87.487595
48883, 119, 59.540703
48884, 102, 1.6543239
48885, 111, 131.74998
48886, 112, 38.090908
48887, 105, 126.53647
48888, 118, 3.7909002
48889, 106, 127.73421
48890, 108, 13.27807
48891, 103, 97.261505
48892, 101, 64.85353
48893, 110, 61.36955
48894, 113, 77.70977
48895, 108, 71.76037
48896, 100, 25.639969
48897, 111, 66.67241
48898, 111, 111.53878
48899, 111, 93.25792
48900, 115, 58.8533
48901, 104, 25.76403
48902, 107, 84.4041
48903, 111, 0.14359653
48904, 101, 54.12772
48905, 103, 31.500362
48906, 101, 89.62789
48907, 109, 4.529688
48908, 117, 117.59874
48909, 107, 86.38124
48910, 115, 4.6120405
48911, 101, 82.42133
48912, 108, 25.487745
48913, 106, 1.4388621
48914, 110, 31.021544
48915, 102, 78.97204
48916, 107, 40.578575
48917, 115, 125.74586
48918, 105, 98.79914
48919, 105, 102.50496
48920, 110, 118.90983
48921, 111, 31.980255
48922, 115, 105.60987
48923, 109, 40.26609
48924, 116, 136.71379
48925, 114, 16.507915
48926, 110, 35.052628
48927, 110, 36.7063
48928, 119, 52.389587
48929, 119, 23.638817
48930, 100, 23.703495
48931, 100, 94.76352
48932, 103, 148.66699
48933, 105, 19.262838
48934, 119, 45.000244
48935, 105, 93.43596
48936, 108, 20.638302
48937, 115, 98.83927
48938, 114, 83.957184
48939, 117, 68.118774
48940, 109, 53.149124
48941, 101, 119.96614
48942, 110, 138.97546
48943, 101, 33.057877
48944, 106, 76.511925
48945, 103, 18.772816
48946, 109, 88.071976
48947, 108, 81.08239
48948, 115, 32.143154
48949, 107, 74.81412
48950, 104, 89.778244
48951, 111, 6.8169327
48952, 102, 137.47679
48953, 103, 55.834034
48954, 105, 61.182583
48955, 114, 3.8934855
48956, 107, 20.598946
48957, 106, 112.0835
48958, 112, 92.59763
48959, 103, 5.7517557
48960, 106, 48.175766
48961, 109, 136.83588
48962, 109, 50.77731
48963, 107, 84.713776
48964, 116, 76.80842
48965, 105, 56.17707
48966, 107, 83.894905
48967, 108, 51.649574
48968, 101, 130.50722
48969, 112, 111.513275
48970, 103, 63.29012
48971, 112, 147.21562
48972, 101, 140.44196
48973, 111, 139.84995
48974, 110, 6.987137
48975, 103, 34.230537
48976, 118, 71.5066
48977, 114, 134.7251
48978, 117, 23.989784
48979, 115, 38.88242
48980, 114, 133.24075
48981, 105, 3.843981
48982, 118, 49.880817
48983, 101, 129.04396
48984, 116, 60.450733
48985, 113, 19.061565
48986, 100, 86.59589
48987, 113, 29.533634
48988, 119, 96.85583
48989, 110, 97.219795
48990, 114, 51.408657
48991, 111, 69.28769
48992, 109, 125.62383
48993, 101, 64.88602
48994, 104, 146.65935
48995, 119, 17.106611
48996, 106, 21.110916
48997, 106, 73.99859
48998, 116, 14.017841
48999, 117, 125.07242
49000, 116, 48.783447
49001, 100, 12.445503
49002, 103, 2.440095
49003, 104, 146.28955
49004, 110, 49.552364
49005, 101, 58.201923
49006, 106, 89.70887
49007, 102, 61.077557
49008, 110, 132.17525
49009, 106, 76.13145
49010, 117, 77.84309
49011, 104, 20.860014
49012, 117, 90.83447
49013, 102, 85.1279
49014, 116, 6.6234646
49015, 119, 29.687754
49016, 110, 102.62171
49017, 109, 9.61074
49018, 100, 49.982365
49019, 106, 56.845047
49020, 109, 7.537517
49021, 103, 2.7373016
49022, 112, 46.931236
49023, 118, 47.103737
49024, 105, 127.95799
49025, 115, 123.363335
49026, 109, 69.40599
49027, 112, 83.86066
49028, 110, 93.51586
49029, 102, 2.479738
49030, 104, 103.715225
49031, 119, 32.085506
49032, 106, 9.516326
49033, 114, 91.52214
49034, 113, 56.412693
49035, 102, 138.43726
49036, 104, 147.20294
49037, 107, 4.8956575
49038, 109, 22.469473
49039, 105, 11.52986
49040, 118, 27.176884
49041, 104, 121.45172
49042, 103, 15.608856
49043, 116, 9.0854645
49044, 119, 51.702797
49045, 114, 61.447735
49046, 118, 65.00591
49047, 110, 71.03955
49048, 119, 124.53106
49049, 105, 64.56236
49050, 107, 58.327667
49051, 103, 42.475544
49052, 104, 81.10652
49053, 114, 22.88002
49054, 114, 8.296958
49055, 118, 48.294605
49056, 104, 117.36531
49057, 108, 107.7831
49058, 109, 37.944057
49059, 111, 120.2809
49060, 109, 26.90825
49061, 110, 128.76677
49062, 103, 38.603775
49063, 117, 76.94664
49064, 107, 16.373608
49065, 117, 44.834705
49066, 115, 32.459183
49067, 105, 116.988525
49068, 111, 114.11725
49069, 118, 117.729866
49070, 103, 19.898834
49071, 108, 139.31114
49072, 106, 44.92707
49073, 101, 147.35472
49074, 108, 58.843178
49075, 116, 138.32379
49076, 109, 128.9023
49077, 103, 12.467488
49078, 103, 118.58479
49079, 117, 79.778725
49080, 113, 64.143845
49081, 113, 19.517693
49082, 115, 54.13635
49083, 116, 145.48329
49084, 119, 22.557003
49085, 112, 45.952705
49086, 114, 69.64183
49087, 117, 135.50429
49088, 106, 8.951918
49089, 115, 118.33374
49090, 118, 142.8649
49091, 102, 100.06643
49092, 119, 6.073308
49093, 118, 62.40054
49094, 106, 29.73158
49095, 115, 135.49791
49096, 112, 29.616577
49097, 110, 28.276384
49098, 116, 51.03055
49099, 112, 97.052025
49100, 101, 40.49921
49101, 105, 110.38227
49102, 101, 23.165686
49103, 119, 49.966488
49104, 110, 127.370316
49105, 100, 147.375
49106, 103, 112.00208
49107, 111, 93.9604
49108, 100, 114.65252
49109, 114, 9.822268
49110, 106, 99.83796
49111, 116, 139.67647
49112, 104, 87.87306
49113, 108, 115.19414
49114, 100, 42.232185
49115, 104, 138.4207
49116, 117, 137.99298
49117, 102, 88.436966
49118, 104, 30.027464
49119, 104, 116.93272
49120, 103, 93.035
49121, 107, 28.986078
49122, 104, 108.07969
49123, 116, 68.97021
49124, 113, 1.8972427
49125, 114, 118.631775
49126, 109, 114.45998
49127, 111, 127.52637
49128, 102, 67.037
49129, 110, 70.75357
49130, 115, 12.134152
49131, 107, 26.482504
49132, 105, 77.11699
49133, 109, 148.6704
49134, 100, 77.4623
49135, 103, 6.108284
49136, 113, 21.073357
49137, 106, 139.64243
49138, 112, 78.22823
49139, 101, 117.85546
49140, 104, 36.33613
49141, 103, 146.34015
49142, 114, 103.01161
49143, 119, 111.7899
49144, 101, 138.38031
49145, 104, 21.645302
49146, 107, 83.4641
49147, 111, 74.233345
49148, 118, 51.50939
49149, 103, 20.406033
49150, 109, 7.1193786
49151, 100, 47.160824
49152, 101, 132.69153
49153, 107, 121.26801
49154, 114, 53.20319
49155, 103, 135.52237
49156, 101, 46.165966
49157, 112, 42.823105
49158, 111, 20.148771
49159, 113, 124.524506
49160, 110, 7.3824315
49161, 105, 86.30886
49162, 106, 121.30577
49163, 111, 75.18947
49164, 101, 88.34703
49165, 109, 99.7294
49166, 102, 100.05511
49167, 113, 78.44546
49168, 100, 99.104164
49169, 108, 127.17408
49170, 108, 10.960356
49171, 109, 77.13755
49172, 101, 58.307327
49173, 109, 107.7963
49174, 101, 46.315365
49175, 100, 56.277126
49176, 110, 89.04622
49177, 100, 147.51706
49178, 110, 138.63928
49179, 105, 137.4022
49180, 108, 40.034492
49181, 108, 57.16906
49182, 103, 89.34609
49183, 117, 143.09778
49184, 102, 106.01252
49185, 111, 0.9471506
49186, 100, 120.311775
49187, 115, 142.3498
49188, 114, 6.1997743
49189, 113, 135.06572
49190, 115, 8.53495
49191, 108, 109.27407
49192, 114, 44.2973
49193, 100, 99.93532
49194, 102, 18.104687
49195, 106, 5.2660613
49196, 113, 145.94785
49197, 103, 88.69209
49198, 100, 3.4578948
49199, 104, 142.9877
49200, 109, 40.364697
49201, 107, 124.23197
49202, 116, 56.981762
49203, 110, 71.21866
49204, 101, 89.11003
49205, 117, 78.81441
49206, 106, 83.55785
49207, 106, 42.05974
49208, 111, 43.78584
49209, 109, 51.162216
49210, 115, 4.351106
49211, 109, 92.478
49212, 119, 15.634704
49213, 118, 35.191666
49214, 116, 73.08396
49215, 106, 118.062546
49216, 119, 56.282322
49217, 118, 66.56986
49218, 118, 62.207928
49219, 116, 57.2597
49220, 102, 137.6425
49221, 103, 144.63443
49222, 107, 139.01407
49223, 115, 110.06136
49224, 114, 69.69303
49225, 106, 15.657431
49226, 107, 45.174988
49227, 118, 86.12817
49228, 110, 30.249247
49229, 119, 146.18576
49230, 113, 15.3574705
49231, 106, 45.60782
49232, 112, 102.10922
49233, 106, 77.19713
49234, 118, 103.219345
49235, 107, 126.00126
49236, 110, 148.01297
49237, 110, 41.948517
49238, 105, 59.151436
49239, 105, 92.14219
49240, 103, 11.576191
49241, 103, 11.5372715
49242, 106, 45.066635
49243, 103, 116.15192
49244, 114, 109.20076
49245, 103, 74.44205
49246, 118, 122.603745
49247, 115, 65.96876
49248, 105, 5.3875656
49249, 108, 107.172295
49250, 109, 29.277876
49251, 119, 2.041179
49252, 106, 136.43285
49253, 112, 105.68693
49254, 104, 112.680214
49255, 119, 48.10558
49256, 112, 136.54443
49257, 112, 109.999756
49258, 109, 124.623856
49259, 106, 64.47186
49260, 112, 115.355156
49261, 115, 70.028564
49262, 115, 9.444353
49263, 111, 7.243037
49264, 100, 71.92196
49265, 102, 7.465768
49266, 114, 120.696465
49267, 102, 121.49951
49268, 114, 9.6177845
49269, 100, 3.1299682
49270, 100, 57.008423
49271, 116, 77.96866
49272, 100, 2.3429632
49273, 105, 149.97491
49274, 114, 30.297474
49275, 109, 142.98486
49276, 106, 1.9906998
49277, 106, 134.03978
49278, 101, 66.53696
49279, 107, 102.3296
49280, 109, 29.95956
49281, 119, 104.68073
49282, 108, 135.21883
49283, 108, 39.33657
49284, 115, 23.052273
49285, 108, 140.42023
49286, 108, 36.024597
49287, 102, 63.786972
49288, 119, 115.89649
49289, 102, 3.1652303
49290, 103, 24.183226
49291, 113, 67.08006
49292, 101, 84.0894
49293, 111, 123.84767
49294, 111, 32.446575
49295, 108, 84.01341
49296, 113, 88.1681
49297, 105, 76.353836
49298, 109, 11.590067
49299, 102, 79.69816
49300, 116, 146.26442
49301, 117, 44.87484
49302, 107, 37.87206
49303, 102, 131.30817
49304, 117, 4.8698545
49305, 116, 102.04687
49306, 110, 10.752913
49307, 114, 54.761295
49308, 102, 51.804417
49309, 118, 28.116962
49310, 101, 15.098593
49311, 115, 39.778725
49312, 116, 89.59198
49313, 103, 41.7346
49314, 116, 106.11616
49315, 116, 67.94835
49316, 108, 28.638563
49317, 102, 98.307785
49318, 116, 51.411797
49319, 103, 51.293484
49320, 114, 121.766685
49321, 100, 70.33069
49322, 107, 131.32794
49323, 118, 35.089195
49324, 102, 66.52099
49325, 102, 81.204216
49326, 105, 37.608074
49327, 110, 20.098803
49328, 101, 35.69152
49329, 119, 43.591038
49330, 115, 115.81598
49331, 109, 87.34999
49332, 114, 133.34492
49333, 117, 79.08826
49334, 118, 133.83974
49335, 109, 141.61374
49336, 119, 101.439865
49337, 110, 17.385078
49338, 115, 90.04388
49339, 112, 3.3503203
49340, 118, 84.81175
49341, 118, 87.10329
49342, 107, 39.6931
49343, 110, 3.5636277
49344, 113, 64.0592
49345, 110, 113.49074
49346, 103, 100.83793
49347, 101, 61.731113
49348, 109, 16.437302
49349, 108, 60.418232
49350, 102, 124.36312
49351, 106, 34.26969
49352, 111, 128.74716
49353, 102, 141.91386
49354, 113, 83.33443
49355, 100, 84.6021
49356, 119, 142.3007
49357, 104, 134.93765
49358, 109, 120.75195
49359, 111, 122.64571
49360, 118, 104.771
49361, 109, 93.6394
49362, 114, 133.62164
49363, 118, 37.16282
49364, 113, 144.09819
49365, 114, 140.8543
49366, 104, 89.508644
49367, 113, 145.97798
49368, 105, 92.08394
49369, 104, 74.11039
49370, 106, 38.308086
49371, 106, 51.608177
49372, 114, 4.8848033
49373, 101, 123.65236
49374, 108, 24.244854
49375, 114, 7.8778086
49376, 113, 57.94232
49377, 117, 139.90343
49378, 110, 100.54665
49379, 119, 66.42324
49380, 111, 16.022274
49381, 114, 102.40202
49382, 102, 128.13907
49383, 116, 116.20213
49384, 115, 39.79723
49385, 119, 37.53755
49386, 111, 44.247383
49387, 108, 136.46123
49388, 112, 72.21982
49389, 110, 144.78673
49390, 113, 126.549614
49391, 101, 21.405468
49392, 118, 3.9819093
49393, 104, 125.08266
49394, 115, 51.25393
49395, 111, 119.94611
49396, 102, 82.32056
49397, 108, 2.154708
49398, 115, 116.17588
49399, 116, 122.16457
49400, 110, 93.64879
49401, 102, 78.30807
49402, 118, 138.54977
49403, 114, 144.46289
49404, 114, 107.41113
49405, 112, 142.60397
49406, 103, 75.82377
49407, 101, 1.0062486
49408, 111, 145.11166
49409, 109, 91.33578
49410, 117, 66.92096
49411, 100, 129.43568
49412, 104, 101.73152
49413, 105, 56.99197
49414, 117, 90.203964
49415, 108, 79.16104
49416, 102, 89.81437
49417, 106, 70.35736
49418, 103, 104.58065
49419, 106, 29.641638
49420, 111, 18.002335
49421, 101, 112.362495
49422, 119, 15.2511835
49423, 116, 130.07967
49424, 106, 123.129166
49425, 116, 138.97864
49426, 102, 142.72908
49427, 101, 47.96097
49428, 118, 67.19252
49429, 112, 52.19856
49430, 113, 38.67091
49431, 110, 93.969635
49432, 116, 10.839209
49433, 107, 43.569866
49434, 109, 1.6472071
49435, 108, 27.356216
49436, 102, 97.943375
49437, 113, 26.277504
49438, 102, 11.310071
49439, 106, 136.24777
49440, 105, 92.492714
49441, 103, 18.03394
49442, 116, 49.265896
49443, 106, 116.8226
49444, 119, 139.2775
49445, 100, 140.88637
49446, 110, 103.11756
49447, 116, 38.41196
49448, 103, 1.7676115
49449, 110, 115.362885
49450, 110, 92.31115
49451, 104, 40.342007
49452, 101, 149.32419
49453, 109, 125.90634
49454, 116, 57.097748
49455, 108, 59.432297
49456, 111, 45.96996
49457, 109, 131.39398
49458, 119, 116.09058
49459, 108, 15.056768
49460, 108, 103.757996
49461, 106, 122.31353
49462, 104, 88.692444
49463, 118, 82.9284
49464, 104, 11.82881
49465, 102, 148.01303
49466, 116, 4.105192
49467, 119, 133.1756
49468, 102, 86.5682
49469, 102, 124.209785
49470, 102, 145.45312
49471, 101, 96.42983
49472, 104, 1.360783
49473, 119, 70.39361
49474, 109, 48.267326
49475, 100, 100.59849
49476, 108, 125.671585
49477, 113, 70.37082
49478, 114, 28.534206
49479, 118, 7.26859
49480, 115, 29.35719
49481, 103, 50.22457
49482, 110, 65.164795
49483, 116, 16.978598
49484, 115, 78.01763
49485, 114, 147.817
49486, 105, 31.210283
49487, 112, 138.57939
49488, 109, 59.489338
49489, 115, 66.85964
49490, 100, 107.30548
49491, 105, 13.7925625
49492, 105, 76.03308
49493, 107, 72.4878
49494, 107, 101.94901
49495, 110, 84.59606
49496, 101, 74.97479
49497, 106, 144.03914
49498, 105, 109.60399
49499, 106, 32.64823
49500, 114, 135.82516
49501, 107, 91.054565
49502, 107, 64.58409
49503, 119, 0.59915185
49504, 102, 103.96099
49505, 102, 126.345985
49506, 101, 138.02522
49507, 103, 106.38835
49508, 113, 42.331203
49509, 103, 59.100212
49510, 113, 58.50519
49511, 112, 27.765682
49512, 118, 16.385052
49513, 115, 76.92108
49514, 109, 100.088394
49515, 111, 80.03529
49516, 119, 100.712524
49517, 109, 10.673404
49518, 116, 3.6821723
49519, 101, 20.332504
49520, 113, 139.61015
49521, 119, 26.020994
49522, 117, 27.730555
49523, 115, 9.567565
49524, 117, 62.8557
49525, 107, 21.566614
49526, 104, 56.389545
49527, 117, 133.30977
49528, 100, 86.64879
49529, 117, 35.97806
49530, 102, 128.89029
49531, 115, 140.24149
49532, 111, 46.72592
49533, 116, 119.249084
49534, 118, 16.450077
49535, 100, 52.44991
49536, 117, 28.543585
49537, 108, 72.84803
49538, 110, 138.97946
49539, 112, 12.226001
49540, 103, 117.567406
