84915, 115, 84.59915
84916, 107, 11.551335
84917, 114, 87.10172
84918, 106, 143.21143
84919, 100, 102.54823
84920, 112, 41.31944
84921, 118, 69.8302
84922, 113, 105.476135
84923, 107, 149.84496
84924, 117, 6.4116597
84925, 118, 61.346573
84926, 113, 14.471814
84927, 107, 23.949533
84928, 108, 91.37915
84929, 102, 56.256687
84930, 102, 139.64034
84931, 108, 50.386665
84932, 101, 148.86931
84933, 100, 69.852936
84934, 110, 135.78041
84935, 107, 77.894684
84936, 107, 118.88897
84937, 104, 61.399662
84938, 112, 64.129295
84939, 119, 64.1441
84940, 116, 125.78664
84941, 105, 115.12887
84942, 107, 5.07862
84943, 107, 109.38012
84944, 102, 81.92965
84945, 115, 120.45461
84946, 106, 24.881475
84947, 100, 94.24609
84948, 114, 59.122593
84949, 114, 62.793365
84950, 116, 38.975124
84951, 115, 41.397797
84952, 118, 51.0971
84953, 101, 97.256256
84954, 101, 21.388748
84955, 109, 41.51786
84956, 108, 24.448658
84957, 111, 84.34157
84958, 102, 18.309958
84959, 105, 77.97936
84960, 119, 49.822086
84961, 114, 6.0474067
84962, 112, 112.08051
84963, 119, 117.62726
84964, 104, 19.810242
84965, 109, 66.6786
84966, 101, 56.743633
84967, 105, 57.787754
84968, 112, 36.618465
84969, 117, 46.65453
84970, 119, 89.03036
84971, 118, 17.448647
84972, 119, 24.507772
84973, 119, 45.35653
84974, 119, 108.794716
84975, 106, 81.726364
84976, 116, 30.657747
84977, 111, 135.45734
84978, 107, 70.18412
84979, 118, 49.328346
84980, 108, 137.39886
84981, 117, 47.5074
84982, 116, 51.829514
84983, 103, 35.164745
84984, 102, 106.55821
84985, 104, 15.662161
84986, 100, 15.243816
84987, 114, 60.218765
84988, 106, 90.08775
84989, 115, 40.604916
84990, 104, 131.70522
84991, 116, 38.566036
84992, 101, 128.14369
84993, 106, 59.321648
84994, 102, 114.817696
84995, 111, 2.2083342
84996, 109, 67.928986
84997, 116, 136.40073
84998, 113, 32.58248
84999, 113, 11.324492
85000, 117, 27.203688
85001, 116, 140.01306
85002, 101, 15.671083
85003, 114, 4.4957666
85004, 103, 86.03179
85005, 118, 52.24504
85006, 110, 110.25561
85007, 114, 17.72114
85008, 114, 148.85313
85009, 106, 92.35326
85010, 118, 73.30879
85011, 119, 59.272823
85012, 114, 67.735115
85013, 116, 120.657616
85014, 100, 37.521458
85015, 111, 24.615034
85016, 118, 126.79808
85017, 102, 110.043564
85018, 103, 102.81705
85019, 118, 23.894548
85020, 101, 9.367284
85021, 103, 126.8589
85022, 118, 141.44771
85023, 101, 98.9852
85024, 113, 2.0919533
85025, 113, 104.64971
85026, 118, 143.95695
85027, 101, 126.14339
85028, 100, 63.01242
85029, 106, 113.74155
85030, 116, 34.176178
85031, 106, 50.88803
85032, 113, 74.98658
85033, 111, 33.766777
85034, 115, 56.746746
85035, 117, 71.44398
85036, 114, 0.08586645
85037, 110, 64.069176
85038, 102, 111.89867
85039, 100, 96.47516
85040, 118, 139.22745
85041, 101, 130.36858
85042, 115, 41.413887
85043, 109, 55.29618
85044, 101, 12.262782
85045, 100, 7.416791
85046, 102, 53.0764
85047, 103, 66.00321
85048, 110, 86.77341
85049, 113, 62.46506
85050, 110, 47.28806
85051, 111, 50.67976
85052, 117, 34.575348
85053, 112, 27.03671
85054, 115, 90.82904
85055, 116, 117.339294
85056, 107, 140.78395
85057, 109, 37.547287
85058, 107, 140.99318
85059, 101, 6.6729784
85060, 119, 122.551125
85061, 109, 133.68188
85062, 105, 62.11923
85063, 103, 90.81939
85064, 105, 25.009552
85065, 105, 92.091965
85066, 104, 115.196884
85067, 103, 43.883263
85068, 101, 74.349266
85069, 102, 96.12326
85070, 117, 128.3069
85071, 112, 6.3527136
85072, 110, 58.932102
85073, 114, 5.9361935
85074, 117, 129.20752
85075, 104, 112.3185
85076, 108, 49.628235
85077, 115, 73.281105
85078, 106, 58.22449
85079, 101, 28.49392
85080, 104, 4.879153
85081, 107, 51.114
85082, 114, 133.4153
85083, 102, 131.73906
85084, 101, 5.174768
85085, 115, 73.214264
85086, 114, 97.64578
85087, 111, 47.91548
85088, 100, 149.80615
85089, 111, 8.670589
85090, 101, 48.724438
85091, 114, 28.924755
85092, 110, 142.21016
85093, 107, 117.73682
85094, 114, 72.120415
85095, 104, 52.445744
85096, 116, 11.679
85097, 108, 30.464386
85098, 119, 127.26582
85099, 119, 74.892494
85100, 106, 64.52845
85101, 111, 138.03632
85102, 100, 32.76618
85103, 112, 4.849559
85104, 119, 138.07399
85105, 114, 149.60686
85106, 101, 18.004248
85107, 114, 133.23488
85108, 116, 54.231308
85109, 113, 19.338379
85110, 115, 143.65097
85111, 114, 36.09825
85112, 112, 141.37497
85113, 118, 20.519533
85114, 108, 57.275623
85115, 114, 147.15668
85116, 100, 109.78966
85117, 105, 109.006905
85118, 107, 108.48401
85119, 109, 131.08083
85120, 103, 111.885765
85121, 112, 99.057076
85122, 116, 2.3177772
85123, 103, 62.991875
85124, 107, 77.428085
85125, 101, 113.764946
85126, 116, 74.43266
85127, 112, 124.96619
85128, 116, 24.925276
85129, 116, 142.87907
85130, 106, 95.2785
85131, 104, 144.44203
85132, 108, 85.83995
85133, 116, 53.57634
85134, 106, 60.861217
85135, 110, 9.419525
85136, 116, 110.8801
85137, 106, 7.5716166
85138, 119, 146.12474
85139, 115, 79.32863
85140, 112, 44.455467
85141, 113, 13.42214
85142, 111, 139.2935
85143, 115, 119.690636
85144, 115, 113.4591
85145, 116, 1.1407703
85146, 104, 102.28437
85147, 104, 13.348558
85148, 103, 113.870636
85149, 101, 26.355976
85150, 108, 45.917336
85151, 105, 118.7083
85152, 100, 121.38676
85153, 102, 18.773989
85154, 105, 27.789492
85155, 112, 8.8766365
85156, 101, 40.3658
85157, 115, 20.19504
85158, 114, 64.831245
85159, 110, 8.519867
85160, 106, 79.55768
85161, 111, 122.87138
85162, 107, 132.70372
85163, 109, 112.25383
85164, 114, 107.076454
85165, 116, 13.521293
85166, 111, 17.60881
85167, 116, 44.604187
85168, 114, 135.12105
85169, 115, 62.972008
85170, 111, 128.30818
85171, 106, 46.39315
85172, 102, 39.013695
85173, 115, 17.787302
85174, 108, 130.56183
85175, 108, 71.550606
85176, 101, 38.29995
85177, 102, 94.58953
85178, 112, 118.928375
85179, 111, 94.4314
85180, 116, 11.945852
85181, 109, 109.4566
85182, 119, 99.921
85183, 113, 32.729004
85184, 113, 73.0978
85185, 111, 40.318035
85186, 117, 37.707855
85187, 109, 40.075527
85188, 117, 64.41697
85189, 103, 66.390854
85190, 105, 70.31391
85191, 109, 32.29309
85192, 119, 8.581352
85193, 109, 37.7837
85194, 107, 63.627373
85195, 113, 100.824425
85196, 113, 72.65392
85197, 117, 30.222399
85198, 114, 126.61227
85199, 109, 107.60001
85200, 113, 70.78208
85201, 113, 99.80611
85202, 113, 57.61806
85203, 103, 6.532028
85204, 116, 8.274937
85205, 101, 64.208336
85206, 102, 18.963682
85207, 119, 39.12288
85208, 103, 133.13423
85209, 115, 137.09735
85210, 110, 149.7464
85211, 119, 55.02169
85212, 113, 57.50963
85213, 100, 103.05649
85214, 110, 145.89363
85215, 106, 122.75636
85216, 115, 16.83384
85217, 106, 26.953053
85218, 119, 46.722874
85219, 117, 58.486847
85220, 115, 56.14222
85221, 109, 51.017128
85222, 111, 148.05486
85223, 109, 68.056984
85224, 116, 107.86472
85225, 103, 100.29232
85226, 112, 26.961208
85227, 110, 7.459769
85228, 103, 145.62003
85229, 110, 1.8066466
85230, 108, 107.87514
85231, 107, 44.37623
85232, 114, 82.69355
85233, 118, 60.496555
85234, 109, 41.452644
85235, 114, 117.97991
85236, 117, 44.33026
85237, 101, 23.350864
85238, 109, 3.2310605
85239, 110, 72.19821
85240, 115, 40.587635
85241, 100, 2.522707
85242, 114, 142.89554
85243, 105, 73.89498
85244, 110, 48.243088
85245, 112, 122.691605
85246, 105, 136.3555
85247, 101, 51.986942
85248, 104, 67.63122
85249, 117, 47.7871
85250, 116, 124.36918
85251, 105, 104.324814
85252, 114, 76.84146
85253, 108, 28.285807
85254, 105, 36.387814
85255, 108, 96.70845
85256, 114, 78.156075
85257, 106, 139.98233
85258, 110, 39.894955
85259, 101, 34.82837
85260, 104, 111.75265
85261, 113, 17.657455
85262, 110, 2.1287262
85263, 111, 56.929966
85264, 108, 132.71623
85265, 105, 131.09883
85266, 101, 94.29213
85267, 107, 79.64468
85268, 105, 139.32442
85269, 116, 95.19716
85270, 100, 27.48322
85271, 117, 2.5459886
85272, 101, 22.170023
85273, 106, 90.60018
85274, 113, 96.22623
85275, 100, 1.6887456
85276, 107, 109.17757
85277, 113, 131.57333
85278, 105, 61.93418
85279, 102, 139.81102
85280, 115, 93.46925
85281, 114, 135.5435
85282, 100, 42.473175
85283, 107, 124.35788
85284, 112, 114.98229
85285, 101, 96.02488
85286, 107, 114.62009
85287, 116, 78.500916
85288, 107, 71.559845
85289, 102, 91.81577
85290, 109, 89.661705
85291, 110, 37.088184
85292, 109, 136.82039
85293, 102, 87.71312
85294, 119, 124.8115
85295, 117, 145.93803
85296, 100, 135.96109
85297, 108, 82.60929
85298, 105, 47.871136
85299, 105, 0.9545624
85300, 112, 13.521311
85301, 110, 11.41456
85302, 103, 46.305317
85303, 110, 135.50385
85304, 105, 15.512503
85305, 112, 18.592627
85306, 104, 96.50691
85307, 110, 88.47306
85308, 108, 15.83662
85309, 112, 84.563705
85310, 115, 144.48161
85311, 104, 93.04602
85312, 114, 147.90327
85313, 106, 74.17263
85314, 104, 114.17208
85315, 106, 110.80291
85316, 113, 148.99611
85317, 109, 17.356163
85318, 118, 43.04122
85319, 110, 71.895874
85320, 104, 55.71133
85321, 103, 54.834072
85322, 116, 13.838884
85323, 109, 94.5737
85324, 111, 86.94322
85325, 109, 40.370045
85326, 112, 57.204205
85327, 113, 55.253105
85328, 102, 131.31483
85329, 105, 129.38219
85330, 105, 50.806
85331, 112, 124.13912
85332, 105, 25.92735
85333, 110, 50.372475
85334, 114, 13.247358
85335, 100, 21.96545
85336, 100, 127.08372
85337, 117, 141.72241
85338, 113, 43.194008
85339, 117, 89.55969
85340, 118, 104.18088
85341, 119, 105.931076
85342, 105, 144.96031
85343, 115, 135.72769
85344, 118, 57.91567
85345, 101, 48.85582
85346, 112, 97.07476
85347, 109, 37.867294
85348, 111, 26.654854
85349, 106, 124.96344
85350, 119, 69.94162
85351, 105, 2.3193598
85352, 103, 120.96071
85353, 106, 74.894615
85354, 113, 134.19974
85355, 108, 45.12931
85356, 111, 22.045433
85357, 112, 108.48631
85358, 107, 75.92656
85359, 101, 141.14561
85360, 115, 23.66226
85361, 110, 75.56982
85362, 103, 117.49578
85363, 119, 48.647476
85364, 108, 49.013588
85365, 106, 88.126564
85366, 101, 84.43756
85367, 117, 64.605415
85368, 117, 75.751335
85369, 111, 85.65836
85370, 104, 104.88884
85371, 105, 123.64411
85372, 110, 11.869025
85373, 115, 130.43327
85374, 104, 127.31749
85375, 111, 148.10257
85376, 100, 60.50669
85377, 112, 24.510902
85378, 108, 73.962006
85379, 106, 140.29808
85380, 104, 102.39901
85381, 118, 56.262894
85382, 100, 123.46025
85383, 119, 145.80806
85384, 103, 9.681639
85385, 116, 36.493958
85386, 112, 132.21231
85387, 112, 78.12974
85388, 109, 101.423195
85389, 111, 146.22522
85390, 117, 113.65117
85391, 107, 106.10752
85392, 100, 23.268663
85393, 116, 106.16283
85394, 107, 43.454227
85395, 109, 62.413754
85396, 115, 103.9888
85397, 118, 7.286158
85398, 112, 126.35281
85399, 105, 42.311268
85400, 113, 33.36004
85401, 119, 120.75339
85402, 111, 135.41159
85403, 103, 119.99826
85404, 115, 115.7221
85405, 109, 25.996899
85406, 108, 110.33996
85407, 109, 46.63528
85408, 112, 128.8309
85409, 113, 127.04106
85410, 106, 98.83877
85411, 117, 70.085434
85412, 111, 87.724
85413, 115, 145.12036
85414, 110, 31.748718
85415, 110, 107.68933
85416, 102, 123.38704
85417, 114, 35.91502
85418, 102, 68.18873
85419, 107, 131.7976
85420, 106, 31.362936
85421, 113, 56.53205
85422, 108, 147.9763
85423, 115, 134.95119
85424, 103, 117.23456
85425, 118, 91.29534
85426, 112, 128.28609
85427, 100, 75.72095
85428, 109, 79.70856
85429, 104, 134.58952
85430, 109, 147.94226
85431, 112, 59.997627
85432, 114, 128.7502
85433, 106, 98.09936
85434, 119, 21.99627
85435, 100, 40.82713
85436, 109, 35.018948
85437, 116, 10.224974
85438, 114, 3.8027823
85439, 119, 134.46753
85440, 103, 141.94276
85441, 117, 16.494755
85442, 104, 82.49851
85443, 117, 106.84521
85444, 108, 40.94907
85445, 114, 93.14482
85446, 104, 129.1666
85447, 111, 8.543918
85448, 104, 3.6420643
85449, 119, 73.73339
85450, 117, 63.608997
85451, 116, 87.01411
85452, 106, 45.094852
85453, 119, 63.717117
85454, 115, 74.15235
85455, 101, 91.381805
85456, 112, 60.236843
85457, 111, 105.66331
85458, 106, 9.6734495
85459, 114, 101.844696
85460, 114, 136.16124
85461, 101, 114.948975
85462, 107, 140.32068
85463, 102, 137.80998
85464, 119, 108.68616
85465, 118, 85.57544
85466, 119, 106.31482
85467, 102, 71.18792
85468, 108, 35.555603
85469, 106, 17.187435
85470, 119, 2.201736
85471, 109, 11.751509
85472, 106, 42.33682
85473, 112, 144.619
85474, 103, 34.69011
85475, 108, 53.864307
85476, 107, 11.557576
85477, 113, 149.0644
85478, 116, 83.48211
85479, 109, 28.859818
85480, 116, 139.43962
85481, 107, 80.25896
85482, 116, 34.096455
85483, 110, 14.424133
85484, 116, 16.797495
85485, 113, 89.58658
85486, 102, 67.28457
85487, 117, 97.28315
85488, 114, 10.082468
85489, 102, 93.72408
85490, 117, 47.719135
85491, 100, 95.137695
85492, 111, 134.0777
85493, 100, 93.40394
85494, 104, 114.84382
85495, 103, 5.059871
85496, 102, 89.588135
85497, 110, 56.780155
85498, 103, 51.026325
85499, 118, 86.97878
85500, 111, 59.8958
85501, 110, 134.57838
85502, 100, 6.8573446
85503, 112, 45.12512
85504, 117, 55.971256
85505, 116, 17.284145
85506, 112, 74.259705
85507, 116, 16.883183
85508, 112, 78.819954
85509, 104, 62.982605
85510, 110, 0.13085604
85511, 108, 84.463425
85512, 106, 130.02472
85513, 112, 21.783417
85514, 105, 128.14485
85515, 119, 7.1852713
85516, 104, 122.01181
85517, 117, 105.757835
85518, 106, 119.48178
85519, 106, 112.122635
85520, 111, 125.55869
85521, 115, 146.83844
85522, 108, 8.146969
85523, 110, 10.451871
85524, 116, 23.787958
85525, 111, 9.030899
85526, 103, 142.99521
85527, 107, 20.0767
85528, 119, 117.52616
85529, 105, 26.2291
85530, 102, 96.82985
85531, 107, 9.503862
85532, 118, 60.796112
85533, 100, 111.57204
85534, 104, 66.22515
85535, 113, 111.67072
85536, 106, 63.782562
85537, 118, 120.60469
85538, 108, 140.70914
85539, 111, 51.969822
85540, 116, 87.21851
85541, 104, 127.51344
85542, 102, 94.202446
85543, 118, 113.529045
85544, 101, 89.81483
85545, 103, 116.90659
85546, 108, 38.201656
85547, 114, 7.4584813
85548, 100, 17.19937
85549, 104, 71.043465
85550, 104, 72.45935
85551, 113, 33.486877
85552, 118, 99.61768
85553, 109, 141.24791
85554, 118, 3.5800247
85555, 118, 74.45054
85556, 106, 4.5262723
85557, 113, 8.493564
85558, 100, 62.347298
85559, 104, 87.582436
85560, 110, 109.30331
85561, 110, 77.69684
85562, 103, 108.51808
85563, 102, 147.59317
85564, 119, 9.551534
85565, 117, 124.35021
85566, 115, 94.373856
85567, 107, 85.99417
85568, 107, 136.83965
85569, 115, 137.18909
85570, 104, 73.80616
85571, 117, 34.064117
85572, 112, 73.191536
85573, 112, 135.88322
85574, 119, 127.066414
85575, 111, 5.525789
85576, 113, 12.906226
85577, 114, 26.256645
85578, 113, 80.33826
85579, 115, 12.968901
85580, 113, 6.6745253
85581, 118, 90.745544
85582, 119, 7.28479
85583, 112, 104.41279
85584, 110, 42.442085
85585, 107, 105.27233
85586, 107, 102.729614
85587, 105, 3.961399
85588, 114, 79.25762
85589, 104, 107.17578
85590, 115, 17.249662
85591, 100, 144.85863
85592, 106, 132.89641
85593, 100, 114.36274
85594, 114, 5.710235
85595, 109, 79.842964
85596, 115, 63.1728
85597, 107, 84.26887
85598, 119, 149.34235
85599, 104, 129.03831
85600, 114, 33.828335
85601, 116, 99.625496
85602, 103, 82.65224
85603, 102, 32.56606
85604, 118, 33.912857
85605, 101, 148.73436
85606, 116, 72.93349
85607, 104, 44.70598
85608, 100, 82.806854
85609, 107, 96.51347
85610, 115, 47.036327
85611, 108, 123.32195
85612, 109, 92.12213
85613, 116, 0.7236153
85614, 115, 47.48646
85615, 105, 135.93297
85616, 111, 64.7526
85617, 110, 71.84771
85618, 108, 31.008812
85619, 104, 130.46451
85620, 102, 118.516685
85621, 107, 32.31825
85622, 116, 35.042435
85623, 109, 59.058754
85624, 108, 58.621002
85625, 105, 53.281902
85626, 119, 140.92935
85627, 105, 34.16464
85628, 101, 22.348469
85629, 117, 101.092964
85630, 110, 24.005037
85631, 108, 136.20882
85632, 118, 115.22376
85633, 103, 100.16032
85634, 112, 35.387753
85635, 106, 34.942307
85636, 107, 127.09743
85637, 106, 112.515045
85638, 113, 127.25636
85639, 100, 127.03403
85640, 117, 96.8979
85641, 105, 61.27401
85642, 107, 101.06668
85643, 115, 10.436619
85644, 117, 83.01544
85645, 106, 110.41511
85646, 104, 123.34014
85647, 117, 69.330086
85648, 106, 11.896223
85649, 101, 94.595375
85650, 114, 45.286167
85651, 110, 36.38109
85652, 106, 4.5445204
85653, 105, 82.35079
85654, 107, 58.748264
85655, 102, 32.910313
85656, 112, 122.66861
85657, 110, 68.257355
85658, 113, 95.85193
85659, 119, 37.33448
85660, 100, 28.801775
85661, 114, 144.72276
85662, 119, 128.92981
85663, 115, 80.94256
85664, 102, 16.808723
85665, 118, 19.927301
85666, 119, 66.767395
85667, 103, 149.02313
85668, 106, 11.356875
85669, 101, 129.58083
85670, 103, 109.08576
85671, 107, 36.49022
85672, 112, 138.74326
85673, 102, 105.30332
85674, 118, 129.9889
85675, 102, 90.28566
85676, 112, 128.39284
85677, 105, 139.43027
85678, 108, 36.2664
85679, 118, 148.20145
85680, 105, 119.843414
85681, 117, 102.03912
85682, 112, 83.04892
85683, 111, 110.866844
85684, 106, 62.70681
85685, 102, 73.21573
85686, 108, 126.39888
85687, 101, 10.056469
85688, 112, 9.070516
85689, 105, 92.569534
85690, 114, 67.90566
85691, 118, 82.404465
85692, 104, 141.8408
85693, 103, 127.53119
85694, 109, 8.410138
85695, 107, 35.319443
85696, 114, 34.997017
85697, 100, 13.351205
85698, 113, 78.231544
85699, 117, 109.248924
85700, 104, 111.24551
85701, 100, 66.605804
85702, 115, 12.415552
85703, 119, 142.56796
85704, 113, 95.37686
85705, 101, 146.12802
85706, 110, 147.25885
85707, 110, 100.618286
85708, 103, 35.501102
85709, 116, 80.910194
85710, 111, 59.59469
85711, 118, 130.35933
85712, 102, 48.843063
85713, 109, 129.36555
85714, 118, 18.150106
85715, 104, 92.50488
85716, 115, 30.37058
85717, 111, 11.715853
85718, 117, 47.80597
85719, 118, 144.04349
85720, 108, 126.01814
85721, 118, 20.500364
85722, 100, 103.6712
85723, 114, 120.02288
85724, 105, 33.24361
85725, 104, 50.075195
85726, 101, 110.544975
85727, 115, 53.102177
85728, 113, 123.53075
85729, 100, 103.3535
85730, 119, 68.569664
85731, 104, 57.47855
85732, 117, 100.53052
85733, 113, 73.19129
85734, 111, 112.25884
85735, 109, 38.714092
85736, 105, 55.63674
85737, 106, 111.526535
85738, 112, 30.831877
85739, 119, 66.51393
85740, 115, 126.8907
85741, 117, 121.971245
85742, 107, 105.25077
85743, 116, 104.51119
85744, 104, 135.19073
85745, 108, 112.064545
85746, 102, 101.49834
85747, 102, 92.71212
85748, 102, 18.736034
85749, 106, 62.237556
85750, 103, 16.446474
85751, 102, 63.106827
85752, 118, 103.96677
85753, 105, 65.60265
85754, 118, 146.77095
85755, 109, 2.7141361
85756, 116, 39.827595
85757, 101, 47.08464
85758, 109, 28.32537
85759, 101, 108.0511
85760, 108, 149.88077
85761, 101, 46.679905
85762, 109, 115.241714
85763, 119, 65.10316
85764, 100, 81.62488
85765, 119, 89.08797
85766, 119, 78.52768
85767, 113, 18.311342
85768, 113, 98.49634
85769, 104, 124.837135
85770, 115, 49.414425
85771, 109, 74.41805
85772, 107, 23.127974
85773, 115, 3.9261012
85774, 100, 90.865005
85775, 108, 36.00095
85776, 116, 119.08874
85777, 110, 30.444628
85778, 113, 0.22115707
85779, 113, 114.912704
85780, 110, 4.246876
85781, 116, 146.38942
85782, 115, 76.46104
85783, 112, 113.7383
85784, 113, 66.870804
85785, 107, 100.0136
85786, 119, 35.506386
85787, 102, 77.12324
85788, 107, 66.15544
85789, 110, 93.80691
85790, 106, 133.353
85791, 105, 7.1159544
85792, 100, 83.02485
85793, 110, 133.57289
85794, 118, 136.31696
85795, 117, 96.37224
85796, 114, 3.6576838
85797, 117, 75.86497
85798, 100, 80.88467
85799, 102, 135.54172
85800, 113, 46.404163
85801, 100, 6.6574483
85802, 117, 36.244385
85803, 101, 136.53433
85804, 100, 108.637184
85805, 104, 72.39466
85806, 108, 117.34068
85807, 111, 10.458371
85808, 112, 120.01218
85809, 103, 126.12814
85810, 108, 88.51195
85811, 117, 98.45866
85812, 109, 64.55887
85813, 111, 147.74425
85814, 113, 133.23227
85815, 113, 72.542496
85816, 119, 109.62892
85817, 119, 79.30932
85818, 108, 73.91468
85819, 104, 57.62633
85820, 108, 64.66838
85821, 102, 42.741573
85822, 103, 132.90515
85823, 104, 32.00874
85824, 112, 32.68488
85825, 109, 19.131311
85826, 113, 48.278027
85827, 103, 50.964172
85828, 100, 34.52755
85829, 113, 148.98741
85830, 102, 84.59121
85831, 107, 105.24467
85832, 119, 14.057234
85833, 111, 102.20489
85834, 106, 56.42362
85835, 110, 64.919365
85836, 101, 100.52078
85837, 102, 51.744495
85838, 110, 53.956882
85839, 107, 78.18433
85840, 103, 133.57484
85841, 104, 0.65402985
85842, 112, 45.69735
85843, 111, 109.592
85844, 107, 10.673493
85845, 106, 77.23498
85846, 102, 67.726395
85847, 108, 139.82565
85848, 113, 32.97438
85849, 105, 144.36397
85850, 111, 112.23809
85851, 112, 97.618645
85852, 107, 145.73439
85853, 114, 1.1772662
85854, 108, 36.625465
85855, 110, 50.75579
85856, 114, 43.302788
85857, 106, 42.52721
85858, 109, 16.231245
85859, 112, 63.019028
85860, 106, 122.49622
85861, 109, 18.702204
85862, 101, 104.66268
85863, 112, 70.9743
85864, 112, 69.115326
85865, 114, 19.78933
85866, 116, 147.9408
85867, 108, 138.2537
85868, 113, 20.702631
85869, 112, 91.25939
85870, 105, 128.117
85871, 105, 96.64688
85872, 106, 0.4996866
85873, 113, 101.586
85874, 116, 19.981724
85875, 100, 30.906504
85876, 110, 100.1475
85877, 111, 72.96154
85878, 111, 41.720913
85879, 115, 114.89073
85880, 114, 54.42574
85881, 110, 135.60768
85882, 119, 64.80834
85883, 105, 100.406296
85884, 116, 31.292805
85885, 111, 118.07646
85886, 109, 121.5439
85887, 119, 33.417946
85888, 107, 55.84884
85889, 104, 30.820763
85890, 111, 80.431526
85891, 103, 52.47287
85892, 112, 99.81218
85893, 103, 0.38528144
85894, 105, 146.21286
85895, 116, 133.63058
85896, 112, 67.36971
85897, 104, 143.56581
85898, 112, 80.254875
85899, 115, 142.95511
85900, 115, 136.62543
85901, 115, 47.021065
85902, 102, 88.90001
85903, 112, 2.2087991
85904, 114, 144.16005
85905, 116, 88.60608
85906, 116, 16.889317
85907, 111, 104.59475
85908, 116, 48.705463
85909, 101, 136.23846
85910, 116, 34.30634
85911, 116, 25.891212
85912, 108, 104.58421
85913, 105, 97.87315
85914, 113, 91.491425
85915, 113, 67.526924
85916, 103, 103.43611
85917, 101, 128.17618
85918, 109, 17.469791
85919, 109, 99.96967
85920, 104, 78.848274
85921, 106, 101.94741
85922, 106, 7.928342
85923, 106, 9.005195
85924, 110, 49.952282
85925, 103, 42.990635
85926, 107, 75.90162
85927, 103, 125.18805
85928, 117, 69.625114
85929, 109, 15.925858
85930, 116, 139.17154
85931, 115, 120.939644
85932, 113, 142.74635
85933, 111, 125.48734
85934, 110, 92.34961
85935, 109, 49.89009
85936, 115, 40.849747
85937, 114, 68.90161
85938, 106, 103.82906
85939, 111, 40.991047
85940, 100, 17.080494
85941, 118, 30.383125
85942, 117, 6.9337964
85943, 114, 88.29429
85944, 115, 120.63544
85945, 117, 115.25362
85946, 114, 123.05977
85947, 109, 64.27132
85948, 104, 58.809525
85949, 105, 16.257683
85950, 109, 124.832825
85951, 110, 84.90344
85952, 112, 7.6350155
85953, 101, 129.73863
85954, 119, 80.44693
85955, 108, 74.63323
85956, 106, 5.543098
85957, 105, 103.34809
85958, 109, 89.72996
85959, 108, 7.16469
85960, 107, 39.178642
85961, 114, 82.72966
85962, 107, 39.13369
85963, 108, 33.6733
85964, 109, 50.99176
85965, 101, 113.59097
85966, 100, 12.299064
85967, 106, 39.069073
85968, 106, 64.8424
85969, 100, 126.451706
85970, 108, 36.74272
85971, 116, 131.71773
85972, 100, 2.453345
85973, 103, 66.845345
85974, 112, 88.17094
85975, 118, 115.03797
85976, 105, 136.27036
85977, 105, 18.01848
85978, 102, 84.32768
85979, 119, 106.77529
85980, 118, 27.38665
85981, 102, 133.44664
85982, 119, 113.97764
85983, 117, 77.15159
85984, 104, 106.662575
85985, 103, 60.814663
85986, 107, 81.72757
85987, 111, 96.15675
85988, 114, 19.342794
85989, 118, 29.697624
85990, 118, 111.821266
85991, 102, 52.97935
85992, 116, 75.71571
85993, 111, 37.43198
85994, 111, 41.053276
85995, 112, 99.63993
85996, 117, 115.37672
85997, 107, 118.546646
85998, 105, 128.3051
85999, 115, 33.589725
86000, 116, 38.35086
86001, 111, 82.73471
86002, 115, 37.943752
86003, 115, 115.61738
86004, 109, 79.41062
86005, 105, 102.53853
86006, 110, 115.74628
86007, 103, 124.64591
86008, 118, 83.50992
86009, 108, 149.22885
86010, 116, 2.568537
86011, 101, 24.830166
86012, 108, 102.13145
86013, 113, 1.3015062
86014, 110, 41.055027
86015, 111, 109.38954
86016, 106, 43.99379
86017, 100, 33.681858
86018, 114, 87.50496
86019, 116, 68.97481
86020, 100, 15.456453
86021, 119, 6.8858204
86022, 114, 53.24902
86023, 115, 33.384533
86024, 119, 5.2102804
86025, 104, 13.0097685
86026, 105, 36.57809
86027, 111, 103.62889
86028, 101, 118.170166
86029, 119, 131.30476
86030, 114, 55.40649
86031, 118, 137.48291
86032, 109, 75.80017
86033, 114, 143.74144
86034, 112, 20.180468
86035, 102, 26.083374
86036, 113, 114.111435
86037, 100, 96.94157
86038, 109, 45.881348
86039, 115, 66.32159
86040, 106, 92.91916
86041, 102, 102.85927
86042, 105, 30.492676
86043, 107, 52.18193
86044, 116, 84.36895
86045, 114, 122.83884
86046, 101, 32.413673
86047, 103, 95.168686
86048, 117, 29.0151
86049, 102, 40.45947
86050, 107, 10.526758
86051, 115, 66.6008
86052, 111, 37.16729
86053, 116, 139.6049
86054, 118, 58.521114
86055, 118, 111.81847
86056, 110, 58.77959
86057, 107, 72.27805
86058, 100, 90.71232
86059, 118, 24.452501
86060, 118, 80.48142
86061, 119, 34.47101
86062, 100, 58.401974
86063, 104, 116.21538
86064, 104, 88.74427
86065, 102, 78.809525
86066, 112, 78.14651
86067, 108, 9.818896
86068, 118, 72.42541
86069, 107, 25.74579
86070, 110, 93.23868
86071, 118, 28.783625
86072, 106, 17.304388
86073, 119, 149.6787
86074, 108, 62.35738
86075, 103, 119.4318
86076, 112, 55.27557
86077, 105, 46.174255
86078, 105, 54.16858
86079, 108, 70.160385
86080, 101, 47.537506
86081, 105, 71.23068
86082, 102, 103.12595
86083, 107, 142.84091
86084, 102, 36.487305
86085, 118, 110.27677
86086, 100, 67.56477
86087, 117, 120.8014
86088, 119, 124.03381
86089, 104, 10.871574
86090, 110, 66.328415
86091, 115, 117.36296
86092, 110, 66.45872
86093, 116, 9.417307
86094, 103, 147.7287
86095, 104, 61.255646
86096, 107, 59.743587
86097, 102, 127.024574
86098, 105, 10.309079
86099, 107, 147.25293
86100, 119, 22.726974
86101, 103, 111.34461
86102, 110, 145.20656
86103, 116, 55.716778
86104, 108, 20.704437
86105, 116, 63.943516
86106, 105, 121.941086
86107, 100, 16.915405
86108, 112, 78.20555
86109, 103, 80.72638
86110, 103, 99.14464
86111, 114, 88.501625
86112, 104, 114.12892
86113, 101, 139.20955
86114, 112, 98.64746
86115, 115, 31.713957
86116, 104, 52.69222
86117, 115, 28.723722
86118, 108, 43.186005
86119, 117, 87.52482
86120, 103, 20.745554
86121, 115, 143.9008
86122, 102, 111.6777
86123, 115, 122.77034
86124, 100, 120.16656
86125, 106, 122.65925
86126, 100, 113.47935
86127, 119, 103.97129
86128, 105, 93.65493
86129, 103, 46.020145
86130, 112, 13.47953
86131, 106, 100.27293
86132, 112, 94.55549
86133, 104, 49.69893
86134, 100, 97.98609
86135, 106, 38.601135
86136, 111, 142.67348
86137, 109, 144.59988
86138, 117, 67.161934
86139, 101, 116.10697
86140, 119, 73.1759
86141, 105, 95.09232
86142, 101, 67.087074
86143, 111, 114.39207
86144, 109, 0.32351017
86145, 118, 133.01003
86146, 115, 112.48068
86147, 112, 51.29711
86148, 100, 63.230404
86149, 102, 93.84919
86150, 119, 51.679604
86151, 113, 106.96607
86152, 109, 144.33105
86153, 119, 25.348753
86154, 105, 26.760033
86155, 112, 29.039652
86156, 104, 106.460846
86157, 119, 19.8889
86158, 112, 133.21263
86159, 112, 87.90175
86160, 112, 74.28315
86161, 100, 84.00234
86162, 118, 77.240944
86163, 118, 25.56494
86164, 113, 79.9211
86165, 112, 95.34423
86166, 114, 59.260403
86167, 111, 29.434025
86168, 110, 68.72204
86169, 108, 120.717636
86170, 107, 3.7813873
86171, 100, 140.08711
86172, 118, 118.71424
86173, 105, 21.45534
86174, 118, 58.190353
86175, 109, 1.9432604
86176, 111, 111.77386
86177, 101, 18.839085
86178, 102, 45.888824
86179, 100, 28.37905
86180, 110, 8.732647
86181, 117, 87.88169
86182, 111, 47.347595
86183, 112, 36.69194
86184, 117, 31.224499
86185, 100, 136.88332
86186, 106, 83.888664
86187, 107, 144.78143
86188, 118, 122.68306
86189, 106, 56.109257
86190, 102, 21.178167
86191, 105, 7.678628
86192, 111, 141.3567
86193, 109, 135.563
86194, 116, 27.605581
86195, 115, 52.442657
86196, 118, 118.96196
86197, 102, 13.7085285
86198, 108, 55.564114
86199, 110, 45.551258
86200, 115, 93.48757
86201, 118, 67.284
86202, 109, 46.76528
86203, 113, 133.20076
86204, 100, 94.142746
86205, 108, 115.86317
86206, 110, 71.08731
86207, 107, 119.92304
86208, 100, 147.30795
86209, 110, 73.9187
86210, 117, 67.253845
86211, 106, 131.43813
86212, 106, 26.04019
86213, 111, 7.3283405
86214, 104, 68.14245
86215, 104, 4.283917
86216, 101, 8.353329
86217, 101, 81.464905
86218, 106, 49.707386
86219, 104, 125.016266
86220, 115, 17.982012
86221, 101, 69.456635
86222, 110, 44.312008
86223, 115, 138.62094
86224, 105, 90.79945
86225, 105, 105.69924
86226, 108, 26.179781
86227, 109, 27.353891
86228, 112, 124.95913
86229, 104, 149.95238
86230, 111, 38.70096
86231, 117, 36.593975
86232, 103, 118.35479
86233, 111, 133.3872
86234, 101, 134.83578
86235, 114, 5.840716
86236, 118, 122.2827
86237, 114, 76.57084
86238, 104, 133.82271
86239, 100, 51.001766
86240, 116, 3.3893018
86241, 118, 76.25236
86242, 107, 17.73624
86243, 107, 15.925276
86244, 100, 42.00106
86245, 105, 71.58574
86246, 110, 55.427116
86247, 112, 131.49939
86248, 106, 70.1252
86249, 107, 120.49761
86250, 109, 45.27398
86251, 116, 13.520032
86252, 105, 27.877512
86253, 110, 81.64723
86254, 105, 14.168349
86255, 101, 143.58978
86256, 110, 28.065231
86257, 115, 27.446589
86258, 113, 93.39413
86259, 104, 117.94009
86260, 116, 76.79198
86261, 101, 100.335365
86262, 114, 31.792662
86263, 118, 13.425618
86264, 102, 131.3101
86265, 118, 147.71117
86266, 118, 56.313854
86267, 104, 119.55776
86268, 117, 88.40366
86269, 105, 88.73556
86270, 114, 70.90277
86271, 111, 140.51811
86272, 118, 82.572914
86273, 107, 57.42936
86274, 110, 79.089195
86275, 107, 4.04073
86276, 107, 5.4922075
86277, 104, 136.07143
86278, 104, 89.25054
86279, 118, 143.29924
86280, 105, 131.45355
86281, 116, 76.82907
86282, 105, 138.0818
86283, 119, 144.00201
86284, 101, 71.18647
86285, 114, 39.51106
86286, 106, 17.87637
86287, 119, 56.56347
86288, 106, 124.874794
86289, 107, 72.95686
86290, 110, 135.46701
86291, 101, 148.98105
86292, 112, 118.26061
86293, 103, 52.075993
86294, 104, 18.276474
86295, 113, 23.385153
86296, 117, 103.49184
86297, 116, 122.008286
86298, 113, 119.333176
86299, 101, 88.68814
86300, 111, 38.333862
86301, 100, 26.867044
86302, 110, 117.8428
86303, 119, 15.393922
86304, 113, 110.23869
86305, 105, 63.6137
86306, 109, 127.315956
86307, 104, 6.350246
86308, 117, 143.92805
86309, 117, 108.91201
86310, 119, 148.86414
86311, 113, 42.963936
86312, 107, 104.60777
86313, 115, 39.05957
86314, 119, 59.32232
86315, 108, 104.410835
86316, 109, 64.03739
86317, 117, 109.66784
86318, 114, 11.877099
86319, 117, 120.29307
86320, 113, 80.3417
86321, 118, 19.2716
86322, 118, 118.07805
86323, 114, 27.290958
86324, 108, 77.46567
86325, 115, 144.92683
86326, 105, 96.60706
86327, 111, 110.97258
86328, 102, 62.323147
86329, 110, 46.228455
86330, 103, 49.163425
86331, 110, 53.693836
86332, 115, 103.36273
86333, 110, 71.83935
86334, 109, 9.899613
86335, 119, 36.321716
86336, 115, 109.350235
86337, 119, 113.44524
86338, 108, 101.177536
86339, 119, 90.903114
86340, 101, 119.17161
86341, 118, 133.646
86342, 115, 104.52954
86343, 108, 96.78627
86344, 107, 98.8657
86345, 110, 9.621352
86346, 110, 142.53369
86347, 105, 114.83778
86348, 110, 85.98299
86349, 102, 35.583515
86350, 100, 137.36716
86351, 119, 0.17884076
86352, 118, 21.824106
86353, 101, 2.779636
86354, 103, 11.402723
86355, 117, 80.9777
86356, 113, 33.506226
86357, 106, 35.921627
86358, 107, 95.434265
86359, 112, 18.708988
86360, 100, 20.467007
86361, 110, 106.91106
86362, 110, 3.6716313
86363, 116, 148.03445
86364, 112, 107.193016
86365, 114, 101.44867
86366, 105, 143.84975
86367, 116, 60.330597
86368, 104, 37.736168
86369, 114, 126.005775
86370, 108, 60.710396
86371, 113, 75.905815
86372, 104, 129.05203
86373, 109, 126.69995
86374, 111, 99.99755
86375, 103, 129.42677
86376, 114, 104.88323
86377, 114, 58.660923
86378, 115, 13.812465
86379, 105, 84.50567
86380, 111, 94.61086
86381, 119, 92.5687
86382, 111, 60.498352
86383, 106, 57.735043
86384, 118, 78.74012
86385, 111, 96.3395
86386, 103, 52.9812
86387, 116, 110.719475
86388, 118, 33.326206
86389, 108, 15.901378
86390, 117, 65.074005
86391, 117, 129.53975
86392, 117, 126.00804
86393, 114, 23.346207
86394, 117, 143.87022
86395, 118, 32.64151
86396, 103, 139.06364
86397, 117, 105.4396
86398, 105, 132.11615
86399, 117, 55.64848
86400, 114, 114.455605
86401, 104, 51.442783
86402, 101, 15.762824
86403, 110, 54.69373
86404, 114, 77.458496
86405, 108, 53.2275
86406, 117, 136.3426
86407, 115, 58.447918
86408, 116, 18.194462
86409, 118, 36.025627
86410, 103, 117.676056
86411, 104, 26.765049
86412, 118, 88.54767
86413, 115, 90.28813
86414, 102, 50.201878
86415, 100, 68.89459
86416, 100, 42.498047
86417, 115, 58.371243
86418, 100, 50.936134
86419, 102, 120.0018
86420, 108, 2.5208383
86421, 102, 113.65048
86422, 113, 114.81899
86423, 117, 52.48771
86424, 109, 36.842957
86425, 106, 106.15755
86426, 106, 55.028843
86427, 102, 68.914276
86428, 105, 86.63243
86429, 106, 84.87203
86430, 114, 110.77179
86431, 104, 5.859992
86432, 109, 123.31788
86433, 107, 83.86575
86434, 100, 145.1443
86435, 101, 56.169
86436, 117, 129.31944
86437, 109, 50.56115
86438, 112, 12.474132
86439, 111, 126.37419
86440, 116, 67.33821
86441, 109, 141.31596
86442, 109, 122.39632
86443, 107, 2.0152779
86444, 109, 27.041683
86445, 106, 149.02206
86446, 104, 37.982853
86447, 106, 44.209785
86448, 101, 20.166626
86449, 100, 105.76335
86450, 119, 4.8933954
86451, 110, 113.799446
86452, 109, 70.513504
86453, 117, 77.40093
86454, 110, 101.650734
86455, 111, 18.712234
86456, 101, 19.842625
86457, 101, 57.88757
86458, 101, 87.07303
86459, 109, 0.4462391
86460, 104, 18.910513
86461, 103, 48.624428
86462, 116, 73.45111
86463, 100, 125.52462
86464, 104, 1.2961596
86465, 105, 132.3204
86466, 108, 73.75635
86467, 100, 130.07642
86468, 114, 11.585811
86469, 118, 126.24123
86470, 111, 45.809063
86471, 111, 147.09
86472, 100, 35.550873
86473, 106, 147.5666
86474, 117, 83.80091
86475, 117, 130.51158
86476, 115, 101.01861
86477, 119, 105.2255
86478, 101, 117.89192
86479, 116, 53.042812
86480, 110, 8.08914
86481, 113, 105.9898
86482, 102, 27.87003
86483, 108, 100.99852
86484, 100, 69.620895
86485, 101, 135.6697
86486, 108, 128.40265
86487, 116, 75.468475
86488, 115, 143.63318
86489, 109, 6.583929
86490, 107, 29.829634
86491, 104, 131.08493
86492, 102, 135.33951
86493, 103, 101.90814
86494, 117, 149.79274
86495, 117, 11.128655
86496, 100, 125.47328
86497, 118, 7.35299
86498, 119, 5.558342
86499, 102, 78.59198
86500, 104, 75.205055
86501, 109, 105.64405
86502, 117, 66.30581
86503, 116, 37.230125
86504, 113, 128.33736
86505, 115, 127.11828
86506, 117, 23.603027
86507, 105, 67.15423
86508, 117, 103.437996
86509, 117, 67.36964
86510, 108, 74.93111
86511, 111, 134.56071
86512, 119, 40.819923
86513, 102, 63.75169
86514, 100, 47.9295
86515, 101, 41.630253
86516, 119, 44.425026
86517, 112, 102.55958
86518, 100, 33.942165
86519, 119, 116.31158
86520, 105, 39.606285
86521, 105, 46.334633
86522, 114, 110.330605
86523, 114, 62.413643
86524, 102, 85.41731
86525, 111, 26.637634
86526, 113, 121.69687
86527, 119, 128.14688
86528, 119, 142.7978
86529, 105, 13.967532
86530, 102, 33.75283
86531, 100, 54.28682
86532, 108, 110.06227
86533, 106, 100.17895
86534, 102, 17.021004
86535, 101, 50.582073
86536, 100, 79.529274
86537, 117, 37.175667
86538, 117, 90.3291
86539, 115, 113.691795
86540, 101, 50.448452
86541, 104, 21.663183
86542, 107, 48.8824
86543, 102, 85.185844
86544, 117, 4.611531
86545, 101, 29.892307
86546, 109, 120.27838
86547, 110, 64.303215
86548, 100, 147.4548
86549, 115, 41.19217
86550, 104, 15.357614
86551, 118, 84.00401
86552, 112, 38.400883
86553, 113, 139.4127
86554, 111, 117.13843
86555, 108, 118.155396
86556, 112, 45.170116
86557, 103, 53.235546
86558, 100, 27.468458
86559, 107, 39.21565
86560, 110, 133.30135
86561, 112, 101.558754
86562, 114, 68.45149
86563, 109, 38.507725
86564, 100, 142.9647
86565, 102, 21.373638
86566, 116, 99.3159
86567, 116, 49.109013
86568, 115, 133.71199
86569, 111, 147.30252
86570, 115, 122.77244
86571, 116, 127.74338
86572, 102, 11.193377
86573, 104, 113.61985
86574, 112, 83.5567
86575, 109, 70.20523
86576, 110, 132.68497
86577, 118, 2.963993
86578, 118, 21.93176
86579, 106, 5.7702723
86580, 105, 124.251114
86581, 113, 50.246563
86582, 109, 132.59947
86583, 102, 33.41309
86584, 104, 79.41739
86585, 113, 51.946716
86586, 109, 91.37355
86587, 109, 0.3263265
86588, 115, 59.70009
86589, 117, 53.614086
86590, 115, 6.419277
86591, 101, 38.923817
86592, 114, 23.27199
86593, 100, 19.797188
86594, 109, 24.766615
86595, 113, 123.329216
86596, 110, 111.00801
86597, 117, 69.77133
86598, 117, 104.55255
86599, 112, 104.8417
86600, 114, 123.195076
86601, 100, 58.641182
86602, 106, 87.22401
86603, 115, 127.375725
86604, 109, 82.75146
86605, 104, 79.0537
86606, 116, 36.98151
86607, 109, 108.092316
86608, 107, 35.010517
86609, 103, 68.17039
86610, 105, 38.78163
86611, 108, 0.12170076
86612, 110, 80.57737
86613, 115, 127.35782
86614, 105, 16.580353
86615, 107, 102.61042
86616, 104, 41.110638
86617, 110, 15.246454
86618, 108, 28.515324
86619, 117, 48.29209
86620, 104, 77.56745
86621, 103, 80.133354
86622, 110, 14.642805
86623, 114, 39.772717
86624, 113, 141.12097
86625, 109, 131.67676
86626, 119, 1.7119557
86627, 102, 111.351006
86628, 113, 139.25996
86629, 112, 42.61998
86630, 114, 130.87495
86631, 114, 26.188902
86632, 111, 68.29138
86633, 110, 22.066265
86634, 110, 105.76678
86635, 115, 123.91964
86636, 110, 109.63414
86637, 106, 70.11791
86638, 111, 75.00199
86639, 100, 138.3433
86640, 115, 100.40204
86641, 118, 120.05044
86642, 107, 44.91538
86643, 103, 25.761581
86644, 115, 140.02269
86645, 107, 8.463219
86646, 116, 90.828835
86647, 113, 69.24315
86648, 113, 47.192074
86649, 110, 77.00598
86650, 112, 0.076532364
86651, 114, 107.471115
86652, 118, 31.464859
86653, 106, 35.6104
86654, 114, 87.4617
86655, 113, 80.54359
86656, 101, 11.104265
86657, 109, 110.33189
86658, 116, 89.24071
86659, 104, 91.66004
86660, 106, 19.08533
86661, 112, 45.750957
86662, 111, 82.79245
86663, 110, 29.310286
86664, 107, 32.31864
86665, 113, 112.44922
86666, 113, 130.76665
86667, 113, 50.484753
86668, 101, 37.380894
86669, 116, 41.09604
86670, 102, 17.20198
86671, 105, 63.635685
86672, 100, 125.6953
86673, 100, 121.95486
86674, 111, 47.04096
86675, 103, 61.11181
86676, 119, 90.32466
86677, 106, 108.65082
86678, 103, 147.98242
86679, 107, 1.7469406
86680, 112, 36.904568
86681, 102, 85.70576
86682, 117, 123.872284
86683, 107, 45.36456
86684, 119, 128.13332
86685, 113, 93.58047
86686, 118, 21.026087
86687, 119, 110.29242
86688, 113, 3.300637
86689, 100, 72.69551
86690, 117, 63.319614
86691, 116, 119.614685
86692, 116, 147.04422
86693, 110, 42.665104
86694, 102, 80.52736
86695, 106, 25.068829
86696, 116, 29.445944
86697, 104, 112.50919
86698, 118, 106.58755
86699, 107, 62.603035
86700, 110, 21.706894
86701, 105, 44.117474
86702, 112, 144.56271
86703, 106, 90.44374
86704, 116, 116.46896
86705, 104, 73.88763
86706, 103, 92.70824
86707, 119, 44.168785
86708, 112, 73.38306
86709, 118, 51.91696
86710, 108, 25.478224
86711, 102, 14.063197
86712, 113, 144.99435
86713, 116, 136.38043
86714, 102, 40.803642
86715, 106, 86.381775
86716, 105, 91.6131
86717, 102, 123.29213
86718, 106, 28.670418
86719, 112, 130.12558
86720, 106, 38.085903
86721, 111, 48.925583
86722, 115, 88.56302
86723, 115, 23.537233
86724, 118, 8.6908045
86725, 103, 52.4543
86726, 101, 99.474304
86727, 118, 46.149097
86728, 115, 78.101105
86729, 100, 110.48839
86730, 111, 91.32645
86731, 103, 80.70452
86732, 107, 98.7624
86733, 112, 96.993164
86734, 107, 65.67424
86735, 107, 10.017416
86736, 112, 109.65255
86737, 103, 65.12018
86738, 117, 100.770584
86739, 114, 111.254654
86740, 104, 37.921955
86741, 110, 126.47439
86742, 109, 104.69014
86743, 105, 91.183945
86744, 109, 127.55159
86745, 113, 91.444466
86746, 117, 78.76812
86747, 110, 57.959236
86748, 101, 37.965622
86749, 108, 17.491034
86750, 112, 142.05472
86751, 114, 109.68797
86752, 116, 134.4796
86753, 102, 78.36379
86754, 103, 143.57364
86755, 114, 82.4381
86756, 115, 148.2111
86757, 106, 108.397484
86758, 118, 38.425095
86759, 105, 127.49258
86760, 116, 36.275055
86761, 115, 121.395424
86762, 107, 77.148796
86763, 118, 11.389303
86764, 107, 77.03416
86765, 115, 29.103014
86766, 105, 115.11283
86767, 116, 66.1278
86768, 119, 26.667818
86769, 102, 141.87868
86770, 119, 57.469635
86771, 113, 91.630295
86772, 100, 111.5101
86773, 119, 27.901714
86774, 100, 15.362218
86775, 115, 74.17311
86776, 100, 86.28927
86777, 118, 137.81512
86778, 111, 71.20129
86779, 106, 109.5477
86780, 114, 77.94361
86781, 108, 31.694708
86782, 108, 75.57058
86783, 104, 65.21464
86784, 119, 41.033184
86785, 102, 39.617104
86786, 110, 2.6492536
86787, 106, 11.822024
86788, 100, 99.8573
86789, 114, 106.85985
86790, 103, 93.21572
86791, 100, 120.345375
86792, 106, 91.22663
86793, 114, 77.78048
86794, 104, 25.010883
86795, 106, 21.447739
86796, 116, 140.63039
86797, 100, 100.76019
86798, 118, 110.33884
86799, 117, 77.107635
86800, 100, 96.642166
86801, 101, 39.460106
86802, 112, 44.90492
86803, 103, 102.62904
86804, 117, 145.75623
86805, 119, 120.4208
86806, 106, 85.89566
