108812, 102, 110.06175
108813, 115, 63.599976
108814, 104, 123.8922
108815, 116, 6.230566
108816, 106, 97.9558
108817, 114, 110.998955
108818, 116, 0.5605012
108819, 109, 143.85469
108820, 107, 63.067944
108821, 104, 17.048836
108822, 118, 76.4985
108823, 104, 106.6924
108824, 102, 146.1224
108825, 116, 18.641478
108826, 112, 98.44017
108827, 113, 121.67118
108828, 108, 57.993515
108829, 101, 113.64791
108830, 117, 103.92072
108831, 117, 105.66311
108832, 114, 95.236
108833, 102, 44.93756
108834, 112, 100.5863
108835, 119, 89.47653
108836, 110, 22.318026
108837, 117, 138.44011
108838, 108, 70.48787
108839, 101, 143.89435
108840, 110, 44.924156
108841, 100, 7.8990073
108842, 104, 45.954277
108843, 101, 137.7576
108844, 109, 32.517796
108845, 107, 135.51997
108846, 118, 67.5196
108847, 102, 140.10765
108848, 105, 142.40288
108849, 118, 135.17484
108850, 102, 7.1087213
108851, 118, 134.44543
108852, 104, 0.56850314
108853, 102, 72.81225
108854, 118, 71.855644
108855, 112, 78.90672
108856, 110, 97.67094
108857, 109, 141.85516
108858, 105, 75.88339
108859, 106, 139.19003
108860, 102, 146.47862
108861, 115, 128.40852
108862, 114, 108.1457
108863, 110, 115.131096
108864, 101, 119.35791
108865, 116, 88.2357
108866, 100, 80.75157
108867, 104, 18.302813
108868, 107, 74.76169
108869, 102, 33.757774
108870, 119, 148.0508
108871, 106, 115.05522
108872, 107, 20.073778
108873, 114, 2.6805282
108874, 116, 110.04696
108875, 111, 83.911736
108876, 119, 45.72689
108877, 109, 129.19975
108878, 115, 14.943051
108879, 103, 13.701904
108880, 102, 59.27547
108881, 118, 32.47583
108882, 113, 125.399796
108883, 101, 30.434355
108884, 109, 59.959656
108885, 111, 101.52833
108886, 111, 123.544914
108887, 119, 25.55142
108888, 118, 45.892677
108889, 103, 46.713493
108890, 110, 39.291878
108891, 105, 72.42345
108892, 100, 41.374245
108893, 107, 54.387222
108894, 105, 41.950035
108895, 108, 9.164885
108896, 119, 1.0726154
108897, 104, 120.526375
108898, 106, 116.46361
108899, 109, 102.74717
108900, 112, 56.268044
108901, 114, 79.00953
108902, 115, 100.686905
108903, 106, 146.4255
108904, 102, 82.92536
108905, 114, 23.958
108906, 104, 20.735424
108907, 104, 26.19617
108908, 103, 111.13325
108909, 101, 140.83664
108910, 104, 21.670443
108911, 102, 121.02455
108912, 101, 128.07924
108913, 116, 74.385605
108914, 102, 50.297096
108915, 113, 13.714412
108916, 112, 82.47385
108917, 105, 0.9400517
108918, 113, 12.781683
108919, 116, 13.409024
108920, 112, 91.9472
108921, 115, 76.717964
108922, 117, 32.966263
108923, 103, 56.77295
108924, 108, 107.73494
108925, 114, 95.87781
108926, 115, 35.79255
108927, 105, 31.507338
108928, 102, 60.31672
108929, 119, 49.203514
108930, 112, 34.133507
108931, 114, 105.518906
108932, 113, 94.38521
108933, 114, 39.11974
108934, 102, 50.20642
108935, 117, 42.036144
108936, 114, 1.3999254
108937, 101, 85.241264
108938, 115, 25.21626
108939, 102, 41.80693
108940, 116, 92.31044
108941, 104, 0.9493232
108942, 110, 27.44575
108943, 111, 35.91257
108944, 108, 125.56643
108945, 114, 49.861282
108946, 104, 114.30787
108947, 102, 21.622503
108948, 105, 30.892351
108949, 114, 122.69136
108950, 119, 78.74477
108951, 115, 14.808718
108952, 104, 4.885483
108953, 113, 16.322645
108954, 116, 127.908966
108955, 100, 124.49674
108956, 114, 40.013687
108957, 109, 46.6191
108958, 118, 74.790215
108959, 109, 126.16091
108960, 112, 143.46645
108961, 102, 114.77209
108962, 111, 6.012967
108963, 100, 11.440364
108964, 117, 101.42286
108965, 108, 95.039314
108966, 116, 83.41064
108967, 115, 18.35652
108968, 108, 32.19301
108969, 115, 22.408846
108970, 112, 98.73628
108971, 105, 76.50299
108972, 106, 26.115793
108973, 112, 34.605736
108974, 106, 62.303246
108975, 117, 72.69439
108976, 112, 45.366257
108977, 113, 89.41002
108978, 106, 35.342834
108979, 107, 28.297842
108980, 116, 22.684988
108981, 105, 12.895739
108982, 116, 70.30751
108983, 109, 42.406727
108984, 113, 138.47633
108985, 101, 49.96189
108986, 112, 11.896875
108987, 102, 53.97333
108988, 100, 95.86378
108989, 103, 63.199783
108990, 101, 113.534355
108991, 109, 87.05083
108992, 111, 135.05934
108993, 103, 141.96385
108994, 118, 107.935844
108995, 100, 9.829375
108996, 109, 115.590385
108997, 100, 52.040916
108998, 107, 72.629395
108999, 115, 102.25006
109000, 114, 25.564358
109001, 114, 58.051525
109002, 104, 74.61508
109003, 119, 26.394966
109004, 110, 48.568626
109005, 106, 66.09695
109006, 101, 79.50918
109007, 108, 108.961006
109008, 111, 30.939514
109009, 100, 55.666763
109010, 106, 54.152985
109011, 112, 144.8622
109012, 118, 75.18999
109013, 102, 67.51518
109014, 108, 17.511337
109015, 119, 54.05344
109016, 114, 40.330444
109017, 111, 29.97693
109018, 118, 6.0741663
109019, 115, 56.4228
109020, 116, 128.32399
109021, 100, 2.1892726
109022, 108, 88.802505
109023, 116, 85.04943
109024, 103, 57.490288
109025, 102, 19.338476
109026, 105, 29.470352
109027, 108, 56.747997
109028, 109, 111.10163
109029, 102, 53.609196
109030, 115, 132.44199
109031, 117, 111.93958
109032, 103, 41.112015
109033, 116, 11.908534
109034, 117, 95.38513
109035, 114, 98.69838
109036, 103, 47.040894
109037, 107, 30.990993
109038, 103, 53.00005
109039, 103, 66.95922
109040, 112, 49.292244
109041, 109, 105.122635
109042, 107, 71.298065
109043, 100, 56.788937
109044, 116, 75.867516
109045, 111, 43.116867
109046, 101, 61.203556
109047, 100, 34.256306
109048, 110, 102.17544
109049, 109, 95.68838
109050, 108, 66.82073
109051, 110, 66.17875
109052, 108, 27.926714
109053, 116, 142.53537
109054, 112, 106.880936
109055, 113, 138.36674
109056, 119, 45.378353
109057, 102, 54.306255
109058, 111, 44.207703
109059, 105, 111.970024
109060, 118, 85.207306
109061, 117, 145.38467
109062, 112, 25.97158
109063, 100, 50.146374
109064, 100, 133.15874
109065, 116, 7.8798027
109066, 109, 89.96565
109067, 100, 106.42512
109068, 118, 50.003563
109069, 103, 124.29092
109070, 111, 50.555046
109071, 102, 17.81753
109072, 116, 25.097752
109073, 107, 129.88324
109074, 108, 123.98778
109075, 100, 68.13059
109076, 105, 42.227768
109077, 106, 18.30824
109078, 104, 16.924309
109079, 103, 141.9969
109080, 108, 9.438631
109081, 116, 124.53249
109082, 111, 69.19653
109083, 109, 92.80876
109084, 116, 113.888275
109085, 110, 2.5140076
109086, 104, 17.400555
109087, 109, 22.259975
109088, 104, 23.070208
109089, 114, 31.549063
109090, 111, 99.6212
109091, 102, 140.86066
109092, 116, 18.865147
109093, 110, 70.51364
109094, 105, 5.285132
109095, 110, 145.79932
109096, 106, 39.985065
109097, 113, 97.38438
109098, 113, 124.313774
109099, 104, 13.184497
109100, 107, 138.0359
109101, 117, 71.9261
109102, 104, 42.383774
109103, 109, 35.844265
109104, 108, 19.448858
109105, 119, 82.61907
109106, 115, 109.85382
109107, 116, 7.174328
109108, 104, 32.125774
109109, 110, 134.10034
109110, 109, 21.476948
109111, 113, 97.3755
109112, 113, 149.13895
109113, 112, 70.06187
109114, 110, 101.681015
109115, 104, 110.11489
109116, 111, 52.85046
109117, 112, 147.00662
109118, 110, 118.9017
109119, 118, 105.79063
109120, 110, 140.17683
109121, 115, 6.9149494
109122, 110, 144.8155
109123, 115, 93.378685
109124, 107, 145.54642
109125, 101, 31.466658
109126, 107, 133.90764
109127, 106, 136.7703
109128, 103, 14.04131
109129, 109, 111.64129
109130, 106, 97.61965
109131, 104, 42.3742
109132, 112, 136.89302
109133, 104, 98.82464
109134, 116, 9.857753
109135, 114, 18.90277
109136, 110, 34.489273
109137, 102, 83.87465
109138, 109, 23.8903
109139, 114, 78.307846
109140, 111, 86.66922
109141, 106, 80.53494
109142, 106, 81.17971
109143, 110, 2.3727179
109144, 109, 48.748325
109145, 105, 47.8212
109146, 103, 56.981964
109147, 101, 134.35556
109148, 108, 65.531586
109149, 110, 94.415695
109150, 114, 12.145964
109151, 111, 58.49887
109152, 116, 80.80927
109153, 112, 57.0572
109154, 110, 16.870667
109155, 106, 49.75023
109156, 111, 65.90315
109157, 107, 23.45337
109158, 114, 40.993004
109159, 104, 9.543774
109160, 105, 126.43677
109161, 111, 130.07382
109162, 105, 26.03328
109163, 114, 122.01096
109164, 111, 67.76838
109165, 106, 130.89478
109166, 102, 91.67874
109167, 101, 131.86662
109168, 109, 49.37853
109169, 111, 52.65569
109170, 112, 95.1084
109171, 102, 103.46061
109172, 109, 80.72174
109173, 107, 129.42963
109174, 113, 71.67947
109175, 115, 32.23462
109176, 102, 15.143037
109177, 109, 16.79771
109178, 101, 59.93058
109179, 104, 75.448746
109180, 112, 99.99932
109181, 115, 137.6524
109182, 109, 63.42389
109183, 118, 69.96413
109184, 109, 51.012997
109185, 103, 140.66821
109186, 106, 3.5977273
109187, 105, 142.01157
109188, 101, 82.14071
109189, 115, 45.59967
109190, 117, 134.3078
109191, 103, 24.678192
109192, 119, 74.70156
109193, 102, 100.6034
109194, 111, 42.779472
109195, 111, 52.719326
109196, 104, 129.54137
109197, 112, 125.3824
109198, 108, 144.37823
109199, 112, 61.073505
109200, 111, 82.2761
109201, 110, 58.463573
109202, 102, 134.59857
109203, 116, 44.016464
109204, 107, 136.90364
109205, 115, 5.107248
109206, 102, 100.17646
109207, 104, 85.03164
109208, 101, 9.757474
109209, 104, 76.121895
109210, 117, 41.510815
109211, 118, 148.68246
109212, 100, 106.38034
109213, 103, 109.64434
109214, 111, 138.33997
109215, 117, 143.52542
109216, 112, 9.401688
109217, 106, 47.94597
109218, 108, 141.89058
109219, 105, 130.98439
109220, 118, 86.33382
109221, 107, 144.7099
109222, 108, 99.13353
109223, 108, 14.139453
109224, 113, 7.3440404
109225, 119, 28.338299
109226, 103, 144.11137
109227, 112, 84.572716
109228, 109, 142.47516
109229, 111, 11.966881
109230, 101, 63.208134
109231, 114, 6.5010576
109232, 105, 73.69276
109233, 109, 120.576164
109234, 102, 40.668983
109235, 109, 97.29486
109236, 110, 64.5092
109237, 114, 9.505937
109238, 113, 100.54502
109239, 100, 23.228458
109240, 103, 65.48229
109241, 100, 3.3965886
109242, 105, 105.05656
109243, 108, 15.975139
109244, 115, 90.40724
109245, 102, 57.060474
109246, 112, 133.38647
109247, 107, 29.829016
109248, 101, 26.34953
109249, 107, 45.10316
109250, 119, 114.67217
109251, 119, 29.822372
109252, 101, 121.809814
109253, 108, 105.0927
109254, 114, 88.9334
109255, 104, 44.23375
109256, 119, 59.678265
109257, 119, 83.75726
109258, 103, 85.916626
109259, 104, 3.7368357
109260, 101, 147.27968
109261, 112, 53.5316
109262, 103, 126.02328
109263, 109, 38.45372
109264, 108, 99.00291
109265, 104, 18.731323
109266, 118, 96.5614
109267, 117, 40.079124
109268, 104, 58.398907
109269, 119, 44.336414
109270, 103, 133.03351
109271, 114, 45.87973
109272, 101, 61.567818
109273, 111, 88.04438
109274, 112, 47.042854
109275, 113, 8.680505
109276, 115, 17.485804
109277, 104, 27.866014
109278, 119, 148.2873
109279, 101, 93.2517
109280, 115, 46.191788
109281, 109, 114.0075
109282, 113, 141.62056
109283, 117, 94.99079
109284, 114, 75.69734
109285, 102, 8.452812
109286, 111, 82.27245
109287, 111, 118.00541
109288, 103, 84.38716
109289, 114, 115.288765
109290, 105, 31.19308
109291, 102, 9.933623
109292, 112, 97.90824
109293, 101, 49.32721
109294, 112, 39.958755
109295, 108, 10.922456
109296, 103, 88.521774
109297, 100, 132.10825
109298, 102, 31.750515
109299, 102, 47.104774
109300, 110, 60.1746
109301, 108, 116.35881
109302, 115, 130.52855
109303, 106, 121.309494
109304, 100, 27.40362
109305, 102, 75.485695
109306, 112, 139.11035
109307, 111, 37.440624
109308, 115, 92.73594
109309, 109, 80.2194
109310, 117, 29.173725
109311, 107, 54.625313
109312, 110, 146.03017
109313, 115, 147.33243
109314, 114, 131.8589
109315, 107, 23.646229
109316, 100, 0.029486418
109317, 100, 7.0946126
109318, 119, 44.44693
109319, 116, 93.78327
109320, 118, 3.7030845
109321, 102, 80.90319
109322, 107, 72.301025
109323, 105, 132.97844
109324, 118, 135.0862
109325, 107, 67.96359
109326, 112, 41.797443
109327, 119, 68.29763
109328, 117, 120.56378
109329, 110, 13.075956
109330, 104, 80.69506
109331, 112, 40.744625
109332, 105, 36.245987
109333, 109, 106.60593
109334, 111, 48.086983
109335, 100, 100.4042
109336, 117, 31.379065
109337, 117, 24.905268
109338, 100, 138.92401
109339, 109, 113.18461
109340, 108, 49.062725
109341, 116, 86.716156
109342, 108, 122.13999
109343, 115, 41.10232
109344, 108, 23.001328
109345, 110, 68.286964
109346, 119, 132.50533
109347, 111, 75.62689
109348, 101, 121.76141
109349, 110, 93.43534
109350, 115, 25.900787
109351, 102, 92.559616
109352, 108, 16.584358
109353, 110, 52.58789
109354, 100, 81.57379
109355, 114, 99.34652
109356, 111, 21.228764
109357, 114, 69.716644
109358, 114, 34.043858
109359, 105, 55.55807
109360, 116, 99.31082
109361, 104, 104.300934
109362, 110, 65.504074
109363, 115, 22.059479
109364, 110, 50.940166
109365, 116, 111.534935
109366, 118, 114.58575
109367, 116, 41.935436
109368, 109, 97.8861
109369, 102, 44.947887
109370, 107, 53.452045
109371, 104, 60.63863
109372, 119, 133.18341
109373, 112, 115.28908
109374, 113, 75.64023
109375, 113, 99.7638
109376, 107, 1.964575
109377, 114, 138.04951
109378, 111, 11.755407
109379, 109, 87.864845
109380, 113, 135.13026
109381, 117, 75.75013
109382, 113, 1.4199346
109383, 114, 116.70342
109384, 113, 72.702866
109385, 119, 102.4254
109386, 108, 114.67881
109387, 110, 119.78106
109388, 102, 39.81952
109389, 109, 112.30252
109390, 112, 40.8662
109391, 109, 90.0241
109392, 102, 55.729122
109393, 106, 106.10774
109394, 113, 11.3408985
109395, 117, 10.127682
109396, 105, 9.26857
109397, 109, 39.24877
109398, 100, 71.83302
109399, 102, 117.860054
109400, 107, 48.442028
109401, 112, 17.421324
109402, 118, 100.04336
109403, 113, 110.83348
109404, 112, 145.68022
109405, 114, 41.553204
109406, 101, 7.317066
109407, 104, 51.00766
109408, 106, 50.64837
109409, 113, 26.772781
109410, 116, 134.43358
109411, 110, 96.47464
109412, 100, 122.95846
109413, 111, 29.840157
109414, 116, 42.120132
109415, 102, 57.97549
109416, 102, 28.18584
109417, 108, 143.45111
109418, 110, 53.783745
109419, 117, 143.39406
109420, 109, 51.58767
109421, 119, 84.55898
109422, 118, 148.01355
109423, 100, 30.605024
109424, 116, 20.04944
109425, 104, 80.09226
109426, 105, 130.8371
109427, 102, 41.1671
109428, 115, 111.127266
109429, 113, 94.86981
109430, 101, 145.18492
109431, 103, 53.61465
109432, 106, 117.394325
109433, 113, 34.391113
109434, 100, 32.500988
109435, 118, 120.062035
109436, 102, 124.10331
109437, 102, 53.82253
109438, 117, 114.681335
109439, 105, 61.468105
109440, 118, 145.02065
109441, 117, 76.375984
109442, 110, 8.467618
109443, 108, 21.62776
109444, 107, 21.28113
109445, 119, 78.78056
109446, 106, 43.593246
109447, 102, 94.57115
109448, 114, 106.96882
109449, 101, 61.14048
109450, 101, 35.22343
109451, 103, 46.162785
109452, 110, 114.01434
109453, 113, 117.5961
109454, 117, 10.058695
109455, 101, 103.79085
109456, 103, 44.936676
109457, 119, 22.094206
109458, 113, 92.42786
109459, 116, 114.59584
109460, 119, 90.75575
109461, 118, 7.4952006
109462, 108, 85.86265
109463, 111, 108.86805
109464, 112, 147.48161
109465, 102, 134.31279
109466, 103, 141.06656
109467, 118, 132.58679
109468, 109, 53.209644
109469, 112, 9.61479
109470, 105, 3.5423307
109471, 113, 66.37254
109472, 117, 37.302788
109473, 106, 95.403366
109474, 118, 2.3375182
109475, 102, 69.32002
109476, 117, 120.24879
109477, 118, 10.875678
109478, 109, 71.9104
109479, 119, 7.9511313
109480, 116, 80.931465
109481, 116, 114.76422
109482, 102, 56.173824
109483, 113, 29.45493
109484, 111, 77.787895
109485, 112, 83.47892
109486, 109, 29.234495
109487, 102, 113.801025
109488, 111, 54.927383
109489, 118, 86.26951
109490, 112, 103.73892
109491, 112, 69.456795
109492, 109, 16.28447
109493, 118, 126.19602
109494, 116, 56.97248
109495, 101, 66.67485
109496, 115, 53.13667
109497, 107, 138.39914
109498, 106, 95.69352
109499, 119, 87.481064
109500, 104, 34.4326
109501, 101, 108.86053
109502, 110, 67.873
109503, 112, 114.6432
109504, 107, 113.448235
109505, 114, 136.96751
109506, 105, 39.763687
109507, 106, 120.40976
109508, 105, 22.64775
109509, 114, 96.60659
109510, 102, 138.9311
109511, 108, 39.387737
109512, 108, 9.151464
109513, 113, 19.976315
109514, 104, 45.645733
109515, 104, 130.03554
109516, 108, 144.81725
109517, 113, 139.29897
109518, 117, 37.482082
109519, 112, 86.171936
109520, 103, 94.72497
109521, 114, 7.8048615
109522, 114, 101.429695
109523, 119, 25.158083
109524, 105, 125.24814
109525, 109, 28.597319
109526, 107, 100.24893
109527, 105, 52.716682
109528, 104, 136.07307
109529, 106, 128.76344
109530, 102, 51.9476
109531, 104, 142.80815
109532, 107, 16.964882
109533, 118, 56.398952
109534, 102, 146.82433
109535, 108, 96.09108
109536, 105, 35.706326
109537, 106, 45.46515
109538, 110, 92.95254
109539, 103, 61.526237
109540, 106, 36.949932
109541, 104, 117.907135
109542, 113, 11.031085
109543, 118, 117.19598
109544, 119, 11.514267
109545, 117, 115.15717
109546, 116, 38.491684
109547, 109, 72.181625
109548, 113, 141.21513
109549, 111, 52.8091
109550, 118, 79.70874
109551, 106, 106.31761
109552, 112, 79.97148
109553, 108, 6.2226176
109554, 111, 117.00852
109555, 113, 44.110233
109556, 113, 57.89474
109557, 110, 119.41525
109558, 119, 73.882225
109559, 111, 99.00201
109560, 107, 133.47844
109561, 101, 128.79729
109562, 112, 130.06412
109563, 110, 45.14047
109564, 100, 120.3546
109565, 105, 4.342103
109566, 118, 70.69047
109567, 112, 145.93645
109568, 105, 110.33025
109569, 104, 70.70429
109570, 101, 82.55804
109571, 107, 8.2800865
109572, 100, 108.97791
109573, 115, 23.872456
109574, 101, 100.38353
109575, 103, 115.06281
109576, 111, 27.96066
109577, 100, 38.379826
109578, 100, 20.326693
109579, 110, 118.99056
109580, 105, 147.64084
109581, 106, 39.265224
109582, 117, 33.317417
109583, 111, 103.831245
109584, 109, 142.58568
109585, 100, 18.510273
109586, 111, 44.60913
109587, 103, 119.14242
109588, 109, 97.95018
109589, 119, 23.06284
109590, 112, 116.81222
109591, 108, 116.895676
109592, 108, 25.455765
109593, 103, 62.803112
109594, 111, 50.297695
109595, 117, 87.65301
109596, 105, 35.041023
109597, 118, 102.37314
109598, 107, 100.00576
109599, 103, 148.60957
109600, 108, 86.648094
109601, 103, 65.70704
109602, 105, 147.93517
109603, 113, 77.176445
109604, 109, 96.517494
109605, 106, 74.116295
109606, 108, 98.19942
109607, 108, 24.999708
109608, 111, 96.85193
109609, 110, 74.45323
109610, 111, 53.880768
109611, 113, 149.9675
109612, 101, 42.803513
109613, 105, 141.82722
109614, 103, 50.366966
109615, 105, 124.51046
109616, 112, 115.39358
109617, 104, 75.335846
109618, 109, 68.841324
109619, 105, 19.267935
109620, 114, 50.804157
109621, 114, 55.24031
109622, 109, 56.251896
109623, 109, 90.02135
109624, 109, 27.63666
109625, 112, 67.220245
109626, 116, 55.408833
109627, 111, 101.739235
109628, 108, 13.444823
109629, 113, 128.91144
109630, 113, 37.811977
109631, 105, 58.501625
109632, 117, 139.45045
109633, 116, 14.22396
109634, 106, 89.78641
109635, 111, 78.03755
109636, 113, 62.557564
109637, 104, 26.869083
109638, 110, 29.014393
109639, 113, 57.77329
109640, 106, 21.59384
109641, 108, 114.20568
109642, 106, 90.39728
109643, 109, 55.333473
109644, 106, 83.490204
109645, 101, 91.03795
109646, 117, 61.801903
109647, 117, 99.841446
109648, 119, 93.745094
109649, 106, 60.062572
109650, 108, 50.13417
109651, 112, 142.2234
109652, 112, 44.02111
109653, 105, 124.84259
109654, 114, 119.729774
109655, 111, 65.76219
109656, 100, 41.250523
109657, 111, 148.06807
109658, 115, 103.234825
109659, 112, 49.276356
109660, 113, 4.878232
109661, 100, 99.5751
109662, 103, 121.40635
109663, 117, 112.61565
109664, 107, 92.86074
109665, 102, 75.29481
109666, 111, 44.961754
109667, 117, 44.296314
109668, 110, 117.2018
109669, 118, 52.40221
109670, 108, 125.69298
109671, 105, 40.398483
109672, 109, 8.399632
109673, 101, 11.544407
109674, 101, 111.76652
109675, 111, 111.76722
109676, 108, 45.263878
109677, 109, 136.05826
109678, 115, 91.60926
109679, 105, 111.89975
109680, 116, 111.62644
109681, 110, 47.467392
109682, 113, 138.25809
109683, 109, 136.10986
109684, 113, 130.95847
109685, 107, 103.75808
109686, 106, 122.22705
109687, 119, 64.32005
109688, 114, 63.871014
109689, 108, 141.29451
109690, 116, 109.51698
109691, 118, 9.433079
109692, 103, 55.113415
109693, 104, 146.12292
109694, 103, 23.241985
109695, 119, 116.40414
109696, 110, 0.77050924
109697, 113, 122.26885
109698, 118, 50.83944
109699, 105, 41.207592
109700, 113, 56.91852
109701, 104, 17.987207
109702, 102, 30.442179
109703, 114, 137.53798
109704, 105, 46.387135
109705, 107, 13.745025
109706, 103, 67.44005
109707, 111, 94.687096
109708, 108, 136.96028
109709, 110, 102.54056
109710, 107, 19.070944
109711, 112, 72.405525
109712, 110, 74.424065
109713, 116, 1.9080609
109714, 100, 129.52153
109715, 113, 34.50509
109716, 101, 115.86944
109717, 117, 149.19617
109718, 115, 19.794783
109719, 107, 137.67062
109720, 103, 86.21751
109721, 111, 46.151894
109722, 118, 19.18592
109723, 102, 20.03746
109724, 114, 77.45038
109725, 103, 27.093119
109726, 118, 125.366905
109727, 100, 105.73414
109728, 115, 36.606815
109729, 108, 91.80243
109730, 116, 127.78996
109731, 114, 66.17163
109732, 107, 25.462086
109733, 111, 83.12038
109734, 113, 142.34471
109735, 115, 77.89527
109736, 103, 38.190804
109737, 102, 101.76235
109738, 111, 92.918236
109739, 109, 20.329554
109740, 102, 105.63473
109741, 102, 23.835835
109742, 105, 13.749737
109743, 117, 21.589502
109744, 112, 98.87992
109745, 100, 67.336136
109746, 102, 49.638767
109747, 119, 8.761748
109748, 118, 98.19914
109749, 110, 140.69121
109750, 115, 131.1473
109751, 111, 116.89527
109752, 105, 142.42288
109753, 109, 16.900099
109754, 116, 31.33421
109755, 112, 53.81326
109756, 101, 45.41522
109757, 105, 95.7131
109758, 107, 39.950607
109759, 117, 20.943789
109760, 106, 55.19397
109761, 108, 109.85005
109762, 104, 148.98375
109763, 106, 130.1451
109764, 103, 147.32367
109765, 103, 86.28076
109766, 108, 89.18816
109767, 108, 106.42178
109768, 109, 33.532513
109769, 110, 108.19884
109770, 112, 4.9915285
109771, 102, 46.520214
109772, 100, 113.69304
109773, 114, 128.82262
109774, 118, 61.58706
109775, 118, 52.087997
109776, 106, 3.2141805
109777, 110, 62.180973
109778, 111, 92.79179
109779, 101, 71.946915
109780, 114, 98.74328
109781, 116, 55.193977
109782, 115, 123.85892
109783, 119, 85.272
109784, 112, 88.19669
109785, 101, 71.272835
109786, 105, 149.14275
109787, 118, 34.602184
109788, 110, 17.202625
109789, 117, 90.97328
109790, 104, 115.43847
109791, 105, 44.064617
109792, 101, 97.66321
109793, 108, 32.039978
109794, 100, 90.58744
109795, 114, 92.327545
109796, 119, 78.88964
109797, 112, 99.4402
109798, 106, 29.858976
109799, 117, 65.912384
109800, 105, 112.27987
109801, 113, 25.593468
109802, 112, 90.81819
109803, 108, 128.03648
109804, 102, 55.692673
109805, 109, 143.54082
109806, 108, 52.08883
109807, 117, 66.94756
109808, 117, 112.525795
109809, 116, 10.031212
109810, 112, 54.59086
109811, 109, 61.074963
109812, 111, 107.20663
109813, 114, 102.00572
109814, 107, 145.80632
109815, 110, 36.29542
109816, 109, 131.04501
109817, 114, 85.16221
109818, 107, 88.36941
109819, 101, 8.778262
109820, 105, 29.156775
109821, 116, 81.29014
109822, 101, 23.274431
109823, 110, 85.45799
109824, 109, 97.05386
109825, 103, 46.20964
109826, 100, 60.176834
109827, 109, 23.199373
109828, 104, 27.155935
109829, 109, 99.05547
109830, 110, 88.252266
109831, 116, 4.700348
109832, 107, 145.8277
109833, 111, 86.42333
109834, 114, 49.906548
109835, 100, 115.01221
109836, 101, 23.576143
109837, 107, 22.997108
109838, 117, 140.86353
109839, 114, 51.70986
109840, 118, 61.59719
109841, 104, 112.79923
109842, 108, 139.9038
109843, 105, 111.70819
109844, 100, 3.2271266
109845, 118, 9.3338995
109846, 119, 128.0088
109847, 110, 68.73075
109848, 110, 96.32286
109849, 111, 8.566716
109850, 110, 27.703133
109851, 115, 53.330513
109852, 100, 3.030914
109853, 111, 67.752556
109854, 112, 98.2311
109855, 119, 88.77412
109856, 106, 138.8106
109857, 101, 121.16563
109858, 116, 16.981441
109859, 119, 1.6870022
109860, 112, 26.571331
109861, 108, 105.206024
109862, 108, 121.925354
109863, 108, 90.93199
109864, 103, 52.04419
109865, 105, 58.78466
109866, 115, 106.80254
109867, 103, 97.91894
109868, 105, 84.19285
109869, 112, 127.99524
109870, 110, 113.387
109871, 108, 107.29698
109872, 110, 113.06028
109873, 109, 37.9859
109874, 115, 25.699657
109875, 103, 115.9276
109876, 111, 84.29355
109877, 118, 28.779226
109878, 116, 88.246735
109879, 114, 70.444664
109880, 107, 10.210339
109881, 107, 43.9981
109882, 104, 127.271
109883, 113, 27.745405
109884, 106, 59.900585
109885, 114, 43.530704
109886, 119, 55.979195
109887, 115, 146.53212
109888, 117, 49.028618
109889, 101, 59.13813
109890, 104, 53.898964
109891, 115, 34.971428
109892, 115, 3.3805668
109893, 100, 5.7370844
109894, 107, 92.8652
109895, 117, 54.33458
109896, 106, 32.34195
109897, 113, 142.91022
109898, 105, 12.725097
109899, 116, 4.1636734
109900, 103, 123.63415
109901, 108, 66.86516
109902, 111, 9.371575
109903, 113, 60.932976
109904, 111, 85.53771
109905, 103, 59.92006
109906, 110, 81.119736
109907, 119, 89.91555
109908, 119, 37.92292
109909, 102, 73.290405
109910, 118, 138.50053
109911, 118, 73.921776
109912, 101, 36.82851
109913, 105, 135.97719
109914, 103, 148.98625
109915, 105, 94.398834
109916, 100, 76.2249
109917, 115, 80.7604
109918, 114, 42.59785
109919, 108, 82.93633
109920, 109, 117.42953
109921, 112, 122.38352
109922, 110, 145.21426
109923, 113, 45.509933
109924, 113, 62.83064
109925, 113, 117.70245
109926, 113, 86.43685
109927, 118, 86.97874
109928, 104, 61.98544
109929, 103, 32.784363
109930, 113, 39.568447
109931, 110, 73.85684
109932, 107, 128.52084
109933, 112, 43.44832
109934, 100, 140.90782
109935, 102, 8.887196
109936, 111, 61.521675
109937, 100, 34.81233
109938, 103, 26.664448
109939, 106, 98.27593
109940, 107, 139.20021
109941, 108, 8.391497
109942, 102, 120.04594
109943, 117, 34.13237
109944, 104, 56.965855
109945, 107, 85.02314
109946, 112, 78.371864
109947, 108, 33.945118
109948, 112, 92.50279
109949, 107, 120.10376
109950, 109, 135.25526
109951, 113, 52.049686
109952, 100, 14.992422
109953, 102, 50.448017
109954, 110, 77.52
109955, 118, 42.713955
109956, 111, 2.2661715
109957, 113, 38.686672
109958, 113, 84.67431
109959, 116, 130.51047
109960, 112, 27.963013
109961, 108, 70.69948
109962, 112, 71.56562
109963, 108, 57.49094
109964, 108, 62.920322
109965, 104, 132.84279
109966, 104, 113.956276
109967, 111, 138.95639
109968, 101, 59.147472
109969, 109, 39.2163
109970, 104, 19.48504
109971, 113, 102.7487
109972, 108, 70.22275
109973, 117, 89.77472
109974, 119, 111.053406
109975, 113, 137.16542
109976, 108, 1.3430268
109977, 117, 10.89238
109978, 114, 55.747345
109979, 116, 38.230206
109980, 103, 52.78767
109981, 108, 17.59556
109982, 113, 148.33505
109983, 117, 8.123642
109984, 106, 84.309814
109985, 108, 57.31667
109986, 105, 92.75674
109987, 116, 119.7887
109988, 118, 121.94549
109989, 101, 87.52887
109990, 111, 8.061102
109991, 109, 62.88311
109992, 119, 96.39253
109993, 102, 59.290436
109994, 116, 46.352978
109995, 113, 117.91378
109996, 106, 42.161125
109997, 116, 32.96307
109998, 117, 31.681332
109999, 100, 120.00796
110000, 106, 74.5901
110001, 109, 93.888374
110002, 107, 44.349575
110003, 100, 137.66647
110004, 115, 79.32221
110005, 104, 35.53107
110006, 113, 79.41435
110007, 106, 6.848198
110008, 116, 105.19766
110009, 111, 56.714005
110010, 115, 13.605648
110011, 100, 92.690315
110012, 105, 25.133371
110013, 113, 5.22784
110014, 118, 146.0603
110015, 101, 68.27914
110016, 100, 40.0035
110017, 113, 117.07595
110018, 101, 138.6251
110019, 102, 26.551777
110020, 105, 4.63053
110021, 103, 46.05302
110022, 106, 3.3768117
110023, 116, 39.10433
110024, 113, 22.699203
110025, 104, 85.54176
110026, 113, 80.76319
110027, 103, 67.03678
110028, 108, 45.80384
110029, 102, 46.688576
110030, 117, 103.70219
110031, 117, 55.38057
110032, 105, 148.06755
110033, 108, 54.202652
110034, 115, 142.08861
110035, 102, 149.16779
110036, 104, 7.251835
110037, 119, 115.107605
110038, 115, 135.39899
110039, 113, 77.89883
110040, 113, 149.6678
110041, 110, 78.17036
110042, 101, 16.564554
110043, 117, 81.31356
110044, 104, 44.580673
110045, 102, 59.117844
110046, 104, 138.07336
110047, 115, 79.386765
110048, 105, 29.576906
110049, 113, 68.89874
110050, 100, 95.585266
110051, 115, 127.46626
110052, 106, 32.710747
110053, 115, 106.92765
110054, 118, 42.951653
110055, 101, 35.718155
110056, 114, 32.5213
110057, 111, 67.320244
110058, 113, 19.768095
110059, 102, 60.791187
110060, 101, 32.23311
110061, 108, 2.3486853
110062, 107, 80.33314
110063, 102, 34.537025
110064, 110, 70.38934
110065, 104, 124.4298
110066, 110, 125.07509
110067, 111, 80.65634
110068, 115, 127.3724
110069, 111, 147.09117
110070, 119, 46.17936
110071, 110, 130.28386
110072, 103, 109.37135
110073, 110, 61.33632
110074, 112, 104.98486
110075, 104, 7.1574745
110076, 100, 82.755875
110077, 106, 72.122635
110078, 110, 124.923256
110079, 117, 84.129944
110080, 114, 10.802544
110081, 107, 105.756
110082, 116, 53.865902
110083, 101, 46.15742
110084, 111, 26.849573
110085, 113, 44.902744
110086, 109, 75.80701
110087, 102, 84.790306
110088, 101, 114.693665
110089, 113, 110.112366
110090, 107, 6.850326
110091, 103, 99.6297
110092, 118, 119.2638
110093, 107, 30.804295
110094, 112, 77.94854
110095, 110, 114.70131
110096, 113, 88.574036
110097, 113, 27.109104
110098, 107, 44.745193
110099, 100, 120.081406
110100, 109, 28.433865
110101, 104, 8.945238
110102, 115, 20.711973
110103, 109, 125.00282
110104, 111, 114.9448
110105, 101, 23.519398
110106, 104, 116.061676
110107, 114, 34.856934
110108, 103, 33.82592
110109, 117, 40.350483
110110, 116, 149.7515
110111, 111, 135.03264
110112, 118, 120.3454
110113, 102, 2.383554
110114, 113, 110.04047
110115, 112, 92.528564
110116, 107, 111.313866
110117, 111, 93.71213
110118, 108, 146.00482
110119, 107, 10.314006
110120, 116, 67.17053
110121, 107, 126.90355
110122, 105, 125.61073
110123, 115, 105.50089
110124, 101, 95.474625
110125, 103, 142.18597
110126, 107, 29.775963
110127, 101, 1.3169825
110128, 119, 7.551518
110129, 102, 108.713135
110130, 111, 14.4244995
110131, 107, 121.2473
110132, 104, 138.80505
110133, 115, 58.944065
110134, 111, 36.265163
110135, 109, 38.954723
110136, 119, 74.04724
110137, 109, 122.33689
110138, 116, 70.85991
110139, 108, 0.7457346
110140, 102, 94.73057
110141, 118, 110.579636
110142, 109, 123.426346
110143, 109, 3.6465168
110144, 117, 60.698776
110145, 101, 5.340001
110146, 102, 106.357666
110147, 116, 21.49423
110148, 108, 36.075542
110149, 116, 131.42278
110150, 100, 104.624596
110151, 103, 55.957897
110152, 104, 33.81037
110153, 115, 41.22879
110154, 100, 58.3423
110155, 111, 113.11257
110156, 112, 38.81784
110157, 101, 104.666115
110158, 110, 118.46416
110159, 118, 13.769916
110160, 101, 140.1502
110161, 110, 119.77339
110162, 100, 129.66016
110163, 101, 85.43026
110164, 114, 34.384686
110165, 119, 1.9481957
110166, 113, 3.7907033
110167, 110, 30.500204
110168, 114, 120.636696
110169, 112, 59.515144
110170, 119, 11.468071
110171, 108, 11.052606
110172, 119, 106.79917
110173, 108, 13.966566
110174, 110, 75.404305
110175, 117, 132.5104
110176, 111, 36.22156
110177, 110, 28.93974
110178, 105, 85.28028
110179, 108, 39.931324
110180, 113, 34.0797
110181, 100, 132.57812
110182, 104, 18.310404
110183, 108, 29.021395
110184, 107, 74.92297
110185, 111, 51.799187
110186, 111, 45.18834
110187, 107, 143.547
110188, 105, 113.27196
110189, 118, 54.17214
110190, 102, 136.02808
110191, 103, 144.43805
110192, 117, 133.3125
110193, 112, 142.05415
110194, 110, 118.99381
110195, 103, 88.31838
110196, 106, 78.225716
110197, 109, 88.875694
110198, 100, 10.761988
110199, 110, 133.68642
110200, 101, 129.43782
110201, 108, 23.064333
110202, 116, 127.51201
110203, 113, 141.52039
110204, 118, 118.04602
110205, 109, 0.72338283
110206, 106, 130.61871
110207, 111, 21.648243
110208, 108, 111.825775
110209, 104, 117.592735
110210, 118, 107.937386
110211, 101, 123.90468
110212, 110, 85.94671
110213, 102, 109.22938
110214, 118, 39.53222
110215, 110, 39.690792
110216, 103, 34.335056
110217, 109, 101.23261
110218, 108, 136.65613
110219, 103, 37.298656
110220, 111, 7.13574
110221, 102, 86.72228
110222, 103, 115.190475
110223, 100, 93.38535
110224, 116, 102.87094
110225, 104, 100.394325
110226, 119, 19.043585
110227, 119, 49.37312
110228, 114, 148.4862
110229, 109, 106.43079
110230, 113, 52.23587
110231, 115, 89.71248
110232, 109, 27.112421
110233, 115, 2.2820234
110234, 114, 86.802986
110235, 106, 134.99461
110236, 113, 33.223682
110237, 102, 60.623226
110238, 104, 20.105303
110239, 103, 103.01078
110240, 117, 140.91307
110241, 113, 92.468414
110242, 100, 111.76472
110243, 113, 18.22333
110244, 115, 105.72263
110245, 114, 104.47523
110246, 115, 67.87125
110247, 115, 9.03545
110248, 119, 105.73066
110249, 108, 125.98478
110250, 102, 78.65102
110251, 109, 78.31828
110252, 106, 112.08764
110253, 112, 0.37507117
110254, 100, 72.806526
110255, 112, 130.7192
110256, 119, 17.143312
110257, 115, 57.01376
110258, 112, 42.47023
110259, 110, 61.68851
110260, 106, 79.40681
110261, 119, 35.511295
110262, 114, 143.98282
110263, 117, 23.905403
110264, 114, 125.42782
110265, 101, 103.557755
110266, 117, 137.50214
110267, 106, 139.24872
110268, 111, 80.81296
110269, 117, 33.903416
110270, 114, 16.038475
110271, 114, 48.376278
110272, 101, 92.33858
110273, 115, 99.40732
110274, 105, 85.88119
110275, 111, 78.148186
110276, 116, 33.479485
110277, 117, 24.960941
110278, 119, 119.52619
110279, 116, 31.641207
110280, 105, 113.73496
110281, 111, 4.9477725
110282, 108, 71.84718
110283, 108, 62.733303
110284, 117, 85.03438
110285, 106, 7.4572473
110286, 117, 39.852013
110287, 108, 101.17478
110288, 113, 87.750206
110289, 102, 50.298134
110290, 112, 38.115166
110291, 102, 24.061203
110292, 111, 18.905792
110293, 118, 132.16075
110294, 103, 125.462845
110295, 101, 21.294594
110296, 116, 85.29188
110297, 106, 84.62194
110298, 108, 133.15443
110299, 112, 106.646774
110300, 104, 2.6703894
110301, 100, 147.2754
110302, 116, 95.89021
110303, 103, 117.730896
110304, 113, 110.08561
110305, 100, 136.5158
110306, 114, 43.17784
110307, 105, 99.86145
110308, 117, 90.89729
110309, 107, 28.401285
110310, 106, 55.8139
110311, 119, 29.841255
110312, 118, 30.930277
110313, 114, 100.9759
110314, 117, 138.94144
110315, 114, 106.76155
110316, 102, 64.42734
110317, 106, 9.007493
110318, 101, 0.26679933
110319, 106, 90.94878
110320, 111, 46.578705
110321, 110, 71.73571
110322, 118, 136.72433
110323, 119, 138.76923
110324, 108, 51.15563
110325, 114, 132.46063
110326, 102, 108.119865
110327, 112, 122.63243
110328, 100, 106.7878
110329, 104, 61.326
110330, 118, 14.11061
110331, 110, 21.525988
110332, 109, 10.2013
110333, 109, 7.896513
110334, 102, 58.46403
110335, 112, 129.34882
110336, 100, 73.8996
110337, 111, 56.073627
110338, 112, 50.343437
110339, 103, 36.167515
110340, 109, 37.82953
110341, 105, 39.554153
110342, 113, 106.88332
110343, 114, 36.160522
110344, 102, 0.9761989
110345, 103, 49.18294
110346, 105, 30.782747
110347, 103, 16.667015
110348, 108, 133.40765
110349, 117, 112.680466
110350, 111, 121.93798
110351, 116, 92.383286
110352, 101, 54.43046
110353, 109, 141.30746
110354, 103, 120.28948
110355, 116, 86.37304
110356, 118, 28.219736
110357, 119, 79.9863
110358, 108, 143.68953
110359, 115, 22.308836
110360, 108, 104.60512
110361, 112, 40.783257
110362, 102, 133.41672
110363, 100, 4.7929196
110364, 100, 112.565735
110365, 108, 30.730543
110366, 109, 58.113525
110367, 106, 18.921768
110368, 111, 118.578835
110369, 107, 37.20874
110370, 107, 110.63353
110371, 106, 114.71103
110372, 108, 66.86274
110373, 101, 76.71936
110374, 112, 52.835495
110375, 108, 60.66124
110376, 109, 8.311799
110377, 117, 35.805847
110378, 104, 145.0424
110379, 104, 1.8122971
110380, 115, 129.05579
110381, 102, 88.99389
110382, 108, 32.452385
110383, 100, 29.227173
110384, 102, 9.616444
110385, 119, 99.03006
110386, 108, 77.077515
110387, 107, 135.96701
110388, 118, 3.7853746
110389, 119, 50.57771
110390, 105, 51.88542
110391, 103, 58.487747
110392, 106, 19.715559
110393, 102, 96.59475
110394, 100, 125.85794
110395, 116, 128.15024
110396, 117, 123.0
110397, 112, 103.26332
110398, 101, 147.69292
110399, 102, 8.381716
110400, 102, 77.65217
110401, 112, 148.3863
110402, 117, 106.451164
110403, 115, 20.675362
110404, 113, 72.68243
110405, 109, 43.38965
110406, 104, 130.8321
110407, 112, 80.18514
110408, 109, 112.41467
110409, 119, 57.370583
110410, 104, 135.66994
110411, 109, 53.56949
110412, 107, 1.7885864
110413, 110, 119.98773
110414, 109, 44.826607
110415, 109, 138.4952
110416, 116, 113.93952
110417, 102, 61.896675
110418, 112, 26.76276
110419, 102, 143.43983
110420, 114, 139.56541
110421, 105, 80.46174
110422, 106, 11.618463
110423, 119, 75.18461
110424, 105, 123.25733
110425, 101, 20.729765
110426, 107, 86.0905
110427, 112, 13.113955
110428, 116, 12.082341
110429, 118, 24.057108
110430, 113, 16.730547
110431, 105, 73.34419
110432, 112, 38.05209
110433, 109, 68.73867
110434, 101, 59.561634
110435, 100, 117.59387
110436, 119, 75.13076
110437, 105, 25.920912
110438, 109, 66.823395
110439, 107, 4.9694004
110440, 101, 71.64104
110441, 106, 44.20387
110442, 114, 70.31339
110443, 108, 26.611053
110444, 116, 56.699146
110445, 119, 94.10787
110446, 105, 130.0461
110447, 100, 129.60797
110448, 103, 37.559475
110449, 114, 44.778503
110450, 110, 111.85853
110451, 105, 46.967743
110452, 117, 29.9025
110453, 112, 37.31694
110454, 115, 92.00269
110455, 100, 83.78694
110456, 102, 74.80119
110457, 111, 113.33158
110458, 106, 62.355335
110459, 108, 106.51167
110460, 104, 67.3711
110461, 103, 140.01955
110462, 105, 101.122086
110463, 106, 45.621048
110464, 100, 118.01006
110465, 106, 38.3782
110466, 119, 102.14951
110467, 109, 89.30194
110468, 103, 50.936867
110469, 119, 75.62751
110470, 102, 77.683586
110471, 108, 124.34304
110472, 119, 116.16358
110473, 118, 144.10246
110474, 116, 43.667786
110475, 108, 19.477228
110476, 116, 143.67845
110477, 102, 78.27347
110478, 115, 65.84849
110479, 114, 116.68432
110480, 114, 43.71118
110481, 119, 138.16368
110482, 105, 56.56356
110483, 112, 32.04429
110484, 107, 106.63561
110485, 115, 134.71501
110486, 112, 68.97698
110487, 105, 123.1083
110488, 118, 59.311035
110489, 109, 2.9287667
110490, 109, 93.58243
110491, 104, 58.991127
110492, 118, 75.22068
110493, 116, 12.991887
110494, 115, 144.53365
110495, 109, 92.35712
110496, 115, 66.1804
110497, 114, 112.715416
110498, 115, 20.548512
110499, 105, 125.102554
110500, 101, 132.2135
110501, 103, 1.9738734
110502, 112, 69.423035
110503, 109, 21.727709
110504, 106, 56.33549
110505, 113, 33.8898
110506, 105, 64.417915
110507, 107, 67.29455
110508, 106, 17.939436
110509, 115, 91.36199
110510, 102, 141.70499
110511, 113, 87.72573
110512, 109, 144.94911
110513, 115, 76.06415
110514, 106, 66.124275
110515, 104, 28.271261
110516, 119, 139.94095
110517, 112, 32.65189
110518, 102, 5.0608187
110519, 104, 138.37811
110520, 116, 94.70173
110521, 103, 17.009514
110522, 110, 49.268238
110523, 103, 57.49626
110524, 114, 86.579956
110525, 113, 97.52267
110526, 104, 37.481403
110527, 100, 149.08522
110528, 105, 53.508095
110529, 107, 143.51659
110530, 110, 37.395634
110531, 109, 99.25265
110532, 115, 1.3799876
110533, 117, 2.3852706
110534, 110, 18.105385
110535, 102, 76.10073
110536, 117, 116.73754
110537, 118, 124.02035
110538, 104, 60.311134
110539, 110, 3.2670827
110540, 118, 94.985504
110541, 106, 147.24721
110542, 109, 27.627754
110543, 119, 62.645576
110544, 100, 78.19887
110545, 112, 61.71874
110546, 107, 103.039856
110547, 104, 142.89043
110548, 111, 74.86884
110549, 107, 44.950764
110550, 111, 149.01991
110551, 103, 95.0887
110552, 108, 107.52851
110553, 112, 49.19099
110554, 108, 1.5355468
110555, 100, 75.757744
110556, 109, 45.14508
110557, 115, 70.114525
110558, 104, 53.60621
110559, 102, 7.026994
110560, 119, 63.692905
110561, 106, 59.41656
110562, 108, 31.45667
110563, 115, 108.02937
110564, 106, 19.098938
110565, 119, 106.93602
110566, 102, 140.68187
110567, 105, 13.656047
110568, 113, 135.25325
110569, 119, 87.37722
110570, 112, 11.427694
110571, 106, 27.426418
110572, 114, 80.834885
110573, 100, 13.648778
110574, 101, 94.714005
110575, 111, 96.697426
110576, 112, 140.89366
110577, 107, 35.449093
110578, 111, 44.12293
110579, 118, 4.522142
110580, 118, 1.2677908
110581, 103, 126.54028
110582, 105, 4.955202
110583, 102, 17.65514
110584, 115, 66.58674
110585, 119, 84.464066
110586, 109, 38.333775
110587, 102, 18.755615
110588, 106, 39.50724
110589, 111, 109.65223
110590, 118, 117.109314
110591, 107, 65.740395
110592, 117, 137.7945
110593, 118, 47.88022
110594, 105, 146.1095
110595, 103, 102.81488
110596, 100, 64.979866
110597, 111, 96.825066
110598, 109, 7.2813215
110599, 112, 33.664272
110600, 106, 102.00594
110601, 118, 50.5674
110602, 101, 68.66831
110603, 108, 42.639168
110604, 105, 2.4517536
110605, 110, 102.08545
110606, 113, 136.14426
110607, 119, 52.803226
110608, 119, 131.30469
110609, 103, 108.129135
110610, 104, 128.43465
110611, 109, 12.863758
110612, 106, 85.56086
110613, 105, 122.65254
110614, 106, 60.17533
110615, 118, 92.1136
110616, 119, 109.94038
110617, 115, 39.478012
110618, 117, 74.0159
110619, 115, 9.948126
110620, 115, 56.123928
110621, 114, 13.4351845
110622, 101, 117.86345
110623, 110, 26.37265
110624, 108, 38.181774
110625, 113, 39.368687
110626, 104, 114.94399
110627, 110, 54.97638
110628, 105, 23.997501
110629, 107, 1.8250108
110630, 107, 51.875496
110631, 110, 40.177086
110632, 107, 94.60814
110633, 112, 48.03225
110634, 112, 144.91869
110635, 103, 60.86869
110636, 104, 61.37646
110637, 118, 58.88813
110638, 117, 130.1826
110639, 115, 10.762686
110640, 111, 9.900266
110641, 119, 0.30168593
110642, 114, 28.027832
110643, 105, 74.71706
110644, 103, 27.46557
110645, 110, 118.49172
110646, 101, 113.84348
110647, 114, 10.44994
110648, 101, 86.139984
110649, 119, 119.48709
110650, 108, 148.46588
110651, 111, 49.82872
110652, 110, 20.840853
110653, 117, 88.93979
110654, 106, 50.911392
110655, 117, 81.96947
110656, 109, 14.693821
110657, 113, 142.98485
110658, 108, 35.600708
110659, 107, 25.71263
110660, 115, 49.610237
110661, 102, 29.583021
110662, 107, 57.364056
110663, 105, 81.57771
110664, 109, 31.131819
110665, 105, 135.74251
110666, 102, 54.654808
110667, 105, 54.556767
110668, 104, 126.4191
110669, 110, 16.654291
110670, 106, 123.22028
110671, 106, 113.65303
110672, 106, 134.12857
110673, 109, 46.778717
110674, 107, 100.693695
110675, 108, 130.63861
110676, 101, 75.61618
110677, 101, 65.136375
110678, 109, 95.99501
110679, 104, 145.02249
110680, 109, 0.7328242
110681, 116, 135.20947
110682, 108, 94.467865
110683, 114, 83.52588
110684, 119, 52.655785
110685, 107, 5.147329
110686, 108, 104.56604
110687, 110, 34.99198
110688, 115, 17.17346
110689, 102, 43.53294
110690, 103, 32.073757
110691, 119, 78.77697
110692, 118, 145.7714
110693, 104, 69.06783
110694, 105, 90.56907
110695, 105, 39.482777
110696, 112, 65.40458
110697, 117, 51.017136
110698, 103, 38.46505
110699, 109, 142.73601
110700, 106, 3.055483
110701, 108, 119.47049
110702, 116, 85.42972
110703, 109, 20.91464
110704, 102, 27.605572
110705, 118, 136.76285
110706, 114, 17.401617
110707, 103, 2.3168116
110708, 112, 23.67206
110709, 108, 51.30771
110710, 117, 141.60423
110711, 103, 147.387
110712, 114, 124.78816
110713, 110, 48.77512
110714, 101, 32.427486
110715, 112, 126.59721
110716, 104, 16.733587
110717, 101, 82.41047
110718, 106, 74.39827
110719, 101, 0.9631187
110720, 102, 147.30678
110721, 111, 106.42128
110722, 100, 90.6217
110723, 110, 114.10392
110724, 103, 137.0045
110725, 112, 32.73612
110726, 107, 96.53507
110727, 107, 41.669296
110728, 108, 133.85596
110729, 114, 79.85633
110730, 105, 122.93795
110731, 108, 145.39249
110732, 116, 111.755455
110733, 105, 31.973665
110734, 107, 68.04577
110735, 119, 83.866714
110736, 116, 133.29332
110737, 104, 125.62505
110738, 116, 30.405817
110739, 105, 132.45566
110740, 102, 34.87352
110741, 112, 26.980215
110742, 100, 65.44085
110743, 105, 131.36171
110744, 103, 87.32634
110745, 117, 71.48417
110746, 108, 68.50801
110747, 101, 6.026709
110748, 115, 146.49928
110749, 119, 1.1428893
110750, 103, 32.84139
110751, 113, 12.717014
110752, 108, 132.63248
110753, 105, 45.761097
110754, 108, 116.799324
110755, 104, 99.11753
110756, 117, 8.699218
110757, 107, 44.918007
110758, 107, 1.5353054
110759, 116, 39.309696
110760, 106, 86.05165
110761, 107, 120.002106
110762, 118, 114.83106
110763, 101, 114.00806
110764, 102, 67.36161
110765, 115, 114.408966
110766, 106, 7.163036
110767, 114, 23.710138
110768, 116, 47.11808
110769, 116, 78.079865
110770, 112, 120.033195
110771, 110, 140.52654
110772, 117, 61.892242
110773, 108, 127.37055
110774, 114, 137.93483
110775, 110, 85.61745
110776, 102, 3.9904475
110777, 114, 133.64568
110778, 108, 113.5801
110779, 104, 75.94344
110780, 118, 33.157173
110781, 116, 60.285072
110782, 112, 82.4064
110783, 116, 119.589584
110784, 109, 148.7366
110785, 118, 27.020226
110786, 111, 68.74623
110787, 112, 76.797325
110788, 117, 37.390907
110789, 105, 86.09355
110790, 105, 62.23307
110791, 112, 100.78454
110792, 113, 13.873055
110793, 110, 106.50853
