6197, 105, 110.858406
6198, 108, 102.77017
6199, 112, 32.262756
6200, 113, 39.468178
6201, 106, 130.68324
6202, 100, 72.118004
6203, 113, 80.58076
6204, 113, 35.962315
6205, 115, 82.302284
6206, 109, 102.01581
6207, 111, 122.953156
6208, 116, 134.17908
6209, 119, 144.65718
6210, 106, 128.29062
6211, 114, 146.21591
6212, 115, 115.00903
6213, 106, 29.349348
6214, 115, 4.7952356
6215, 107, 119.77227
6216, 102, 43.614372
6217, 116, 66.21794
6218, 113, 61.021008
6219, 107, 21.99457
6220, 107, 94.750946
6221, 101, 117.60441
6222, 116, 2.12515
6223, 116, 45.931793
6224, 112, 139.10872
6225, 105, 54.408913
6226, 103, 77.620544
6227, 107, 63.128857
6228, 119, 4.126015
6229, 118, 91.91717
6230, 113, 7.569462
6231, 116, 13.807556
6232, 102, 94.66655
6233, 104, 122.541534
6234, 111, 124.08603
6235, 102, 20.12963
6236, 117, 88.00578
6237, 111, 101.73524
6238, 109, 115.61636
6239, 107, 94.25884
6240, 110, 147.69489
6241, 100, 63.35097
6242, 101, 106.399315
6243, 101, 42.838203
6244, 114, 38.640404
6245, 110, 6.6391735
6246, 108, 42.289997
6247, 105, 43.132496
6248, 100, 104.334236
6249, 103, 18.243439
6250, 109, 97.87485
6251, 112, 149.83057
6252, 113, 5.847609
6253, 107, 121.98283
6254, 114, 56.666477
6255, 118, 66.57574
6256, 107, 89.723755
6257, 109, 94.096565
6258, 113, 107.752686
6259, 107, 69.23307
6260, 108, 81.91775
6261, 100, 107.33062
6262, 119, 140.73813
6263, 103, 37.205307
6264, 113, 76.36885
6265, 117, 0.8000761
6266, 111, 59.435616
6267, 103, 46.12275
6268, 119, 40.02697
6269, 113, 67.72448
6270, 110, 30.347595
6271, 106, 1.5937328
6272, 112, 52.70496
6273, 110, 92.47287
6274, 117, 26.814445
6275, 114, 32.029484
6276, 101, 146.47874
6277, 114, 141.80597
6278, 117, 16.97377
6279, 103, 130.76323
6280, 108, 107.251595
6281, 101, 103.29467
6282, 105, 62.131725
6283, 106, 66.821365
6284, 112, 144.05983
6285, 111, 24.853287
6286, 114, 56.65884
6287, 116, 130.65027
6288, 103, 1.507321
6289, 107, 136.58145
6290, 114, 17.637884
6291, 114, 70.53328
6292, 111, 35.73398
6293, 118, 144.57489
6294, 110, 27.162186
6295, 119, 20.258394
6296, 112, 97.13069
6297, 117, 41.209515
6298, 106, 85.15897
6299, 115, 113.72765
6300, 101, 14.721099
6301, 107, 14.828261
6302, 108, 81.34533
6303, 118, 7.514736
6304, 116, 80.12434
6305, 116, 142.29959
6306, 116, 101.190094
6307, 103, 82.717705
6308, 103, 3.4163742
6309, 109, 110.85359
6310, 113, 64.68272
6311, 107, 122.27455
6312, 112, 80.99843
6313, 115, 43.390846
6314, 103, 124.25294
6315, 112, 25.933323
6316, 113, 126.98506
6317, 119, 100.8472
6318, 105, 79.45981
6319, 113, 135.60103
6320, 107, 77.20352
6321, 117, 63.830048
6322, 113, 90.47896
6323, 118, 99.3218
6324, 101, 129.27388
6325, 107, 39.604256
6326, 100, 41.37829
6327, 100, 10.124481
6328, 111, 19.890198
6329, 100, 90.69925
6330, 112, 75.97754
6331, 112, 137.03453
6332, 119, 34.921932
6333, 105, 130.18657
6334, 105, 50.212418
6335, 114, 63.148857
6336, 119, 101.49115
6337, 117, 80.56423
6338, 119, 38.215202
6339, 109, 108.92419
6340, 110, 6.6259594
6341, 109, 53.47411
6342, 111, 4.799241
6343, 113, 91.81523
6344, 105, 111.7226
6345, 108, 25.44044
6346, 117, 35.523273
6347, 101, 142.25217
6348, 113, 116.46825
6349, 105, 45.592064
6350, 101, 93.51725
6351, 115, 94.724785
6352, 103, 118.42633
6353, 107, 96.46297
6354, 106, 99.16653
6355, 116, 105.29822
6356, 107, 9.854025
6357, 115, 66.44018
6358, 118, 121.437164
6359, 116, 90.815254
6360, 114, 45.9032
6361, 105, 26.146164
6362, 101, 32.400753
6363, 108, 86.82944
6364, 116, 115.09053
6365, 111, 7.195428
6366, 113, 135.64783
6367, 107, 59.213974
6368, 109, 89.41876
6369, 114, 104.683426
6370, 104, 123.55842
6371, 105, 146.56805
6372, 118, 129.5478
6373, 101, 145.88716
6374, 108, 30.769085
6375, 104, 36.498276
6376, 113, 97.6353
6377, 110, 60.215164
6378, 101, 144.2047
6379, 108, 57.00153
6380, 104, 59.91978
6381, 109, 139.12798
6382, 112, 34.207542
6383, 111, 13.462562
6384, 104, 123.0824
6385, 108, 124.95294
6386, 118, 27.970924
6387, 114, 55.520073
6388, 117, 103.95408
6389, 107, 103.97348
6390, 114, 56.41262
6391, 115, 134.47096
6392, 114, 52.153336
6393, 104, 13.173106
6394, 116, 23.3682
6395, 105, 85.58479
6396, 107, 33.879707
6397, 109, 43.117638
6398, 108, 36.80915
6399, 108, 146.1833
6400, 102, 121.01046
6401, 111, 120.68992
6402, 110, 135.74762
6403, 105, 36.451256
6404, 115, 16.241491
6405, 101, 86.13886
6406, 112, 40.69046
6407, 114, 108.52178
6408, 115, 104.16221
6409, 116, 124.570274
6410, 102, 65.548134
6411, 115, 53.422424
6412, 115, 63.501057
6413, 114, 80.62803
6414, 115, 45.929146
6415, 117, 82.734276
6416, 115, 103.53581
6417, 108, 118.93359
6418, 104, 2.7802615
6419, 110, 61.187767
6420, 100, 121.930664
6421, 100, 22.617764
6422, 105, 10.591775
6423, 112, 6.68073
6424, 118, 80.383766
6425, 109, 70.669785
6426, 110, 60.105408
6427, 116, 129.49992
6428, 113, 101.32446
6429, 103, 18.941599
6430, 111, 96.26317
6431, 107, 14.073703
6432, 101, 67.06955
6433, 102, 60.451485
6434, 112, 133.04134
6435, 105, 134.5232
6436, 113, 12.232545
6437, 114, 25.149992
6438, 118, 114.37084
6439, 119, 81.03081
6440, 104, 62.129887
6441, 102, 17.856825
6442, 110, 120.8163
6443, 114, 137.69128
6444, 112, 24.071243
6445, 103, 79.42362
6446, 106, 114.49658
6447, 103, 46.258457
6448, 119, 20.534456
6449, 113, 139.79471
6450, 115, 110.12195
6451, 100, 87.16849
6452, 102, 123.52217
6453, 112, 96.56034
6454, 114, 148.3702
6455, 116, 108.942955
6456, 100, 103.3056
6457, 102, 54.519295
6458, 103, 40.101
6459, 118, 99.98686
6460, 107, 35.62839
6461, 116, 43.359955
6462, 104, 43.140186
6463, 100, 35.18392
6464, 116, 58.678375
6465, 102, 4.6702533
6466, 102, 140.07385
6467, 105, 60.685364
6468, 115, 146.16216
6469, 100, 133.73067
6470, 117, 66.898224
6471, 111, 135.35985
6472, 104, 2.8245182
6473, 119, 62.477962
6474, 106, 62.85805
6475, 112, 140.43092
6476, 107, 43.135445
6477, 111, 31.678534
6478, 102, 9.479507
6479, 112, 83.998764
6480, 101, 143.11436
6481, 113, 123.19095
6482, 103, 107.76239
6483, 103, 55.460922
6484, 108, 140.2503
6485, 107, 97.57622
6486, 102, 120.66108
6487, 105, 1.9049406
6488, 100, 44.997337
6489, 119, 110.423195
6490, 100, 44.12873
6491, 100, 41.928864
6492, 105, 53.158264
6493, 118, 1.0529995
6494, 109, 15.513218
6495, 112, 45.050385
6496, 105, 129.03577
6497, 103, 73.60336
6498, 113, 70.22798
6499, 119, 19.197214
6500, 118, 149.06725
6501, 117, 140.74971
6502, 111, 21.779976
6503, 111, 107.20763
6504, 100, 105.66211
6505, 118, 146.4714
6506, 114, 52.636448
6507, 100, 106.42169
6508, 103, 53.905357
6509, 100, 149.98369
6510, 117, 126.280975
6511, 102, 32.869495
6512, 108, 23.551352
6513, 118, 123.53913
6514, 117, 141.44495
6515, 115, 8.930862
6516, 100, 73.41623
6517, 104, 43.234474
6518, 108, 53.74815
6519, 106, 31.923733
6520, 119, 3.1369865
6521, 114, 143.35225
6522, 102, 89.38271
6523, 116, 58.217533
6524, 119, 77.53278
6525, 117, 52.672623
6526, 117, 93.41376
6527, 108, 47.51198
6528, 117, 146.02504
6529, 110, 49.302517
6530, 106, 73.43516
6531, 117, 14.237246
6532, 107, 126.87274
6533, 106, 72.21912
6534, 109, 58.550175
6535, 102, 102.945114
6536, 111, 146.7523
6537, 107, 120.60698
6538, 113, 136.02202
6539, 107, 144.54488
6540, 118, 118.52896
6541, 114, 125.84009
6542, 111, 66.91974
6543, 107, 141.54794
6544, 116, 103.72337
6545, 119, 115.91677
6546, 100, 120.702194
6547, 119, 24.300394
6548, 110, 30.890348
6549, 119, 46.205513
6550, 106, 6.5117416
6551, 103, 3.7455082
6552, 111, 80.09784
6553, 113, 68.5441
6554, 100, 83.482635
6555, 111, 2.484119
6556, 111, 146.77223
6557, 115, 18.232424
6558, 114, 80.2285
6559, 119, 83.18882
6560, 100, 146.79076
6561, 114, 57.729374
6562, 118, 40.741478
6563, 102, 23.0934
6564, 103, 137.18852
6565, 108, 88.671936
6566, 105, 128.76447
6567, 104, 116.277504
6568, 113, 4.242423
6569, 107, 134.44255
6570, 104, 9.622389
6571, 110, 18.277779
6572, 102, 73.577484
6573, 110, 98.86937
6574, 104, 3.4587355
6575, 109, 115.54023
6576, 103, 93.79748
6577, 108, 27.82232
6578, 107, 9.728721
6579, 108, 7.6600313
6580, 112, 75.553185
6581, 109, 124.621414
6582, 101, 14.937758
6583, 105, 16.417847
6584, 117, 67.630684
6585, 102, 32.347763
6586, 103, 42.52019
6587, 104, 125.037315
6588, 102, 64.54157
6589, 107, 37.045742
6590, 105, 26.115597
6591, 114, 90.81912
6592, 104, 100.85943
6593, 106, 98.240395
6594, 101, 18.007814
6595, 117, 32.65871
6596, 106, 54.59978
6597, 101, 14.457393
6598, 102, 113.88302
6599, 104, 61.25027
6600, 109, 142.82164
6601, 118, 107.26944
6602, 103, 26.880785
6603, 115, 25.538456
6604, 101, 107.51719
6605, 111, 142.99982
6606, 119, 103.34035
6607, 100, 124.58185
6608, 102, 10.21201
6609, 109, 100.47128
6610, 118, 135.11682
6611, 105, 71.78459
6612, 109, 91.97709
6613, 101, 46.95254
6614, 100, 90.541145
6615, 116, 3.0515404
6616, 116, 125.02178
6617, 102, 96.7137
6618, 117, 65.26366
6619, 101, 132.83739
6620, 116, 92.07406
6621, 112, 29.346264
6622, 105, 124.33766
6623, 107, 130.1477
6624, 115, 138.00934
6625, 104, 84.12901
6626, 107, 139.92238
6627, 110, 7.521227
6628, 108, 146.90948
6629, 115, 130.01138
6630, 114, 140.5269
6631, 108, 49.435856
6632, 112, 39.037594
6633, 117, 80.71642
6634, 116, 17.85577
6635, 113, 77.988716
6636, 102, 64.37029
6637, 112, 144.68489
6638, 115, 140.9673
6639, 117, 118.36879
6640, 118, 62.582687
6641, 117, 48.329212
6642, 102, 35.4854
6643, 102, 146.25943
6644, 101, 94.81185
6645, 102, 7.3076158
6646, 104, 17.796833
6647, 117, 38.04784
6648, 118, 110.58453
6649, 107, 149.46835
6650, 104, 15.184173
6651, 108, 25.32759
6652, 103, 31.05197
6653, 101, 99.54582
6654, 107, 23.864338
6655, 109, 97.78997
6656, 118, 46.343224
6657, 118, 72.23379
6658, 115, 130.3182
6659, 108, 44.141006
6660, 113, 11.559266
6661, 102, 107.22478
6662, 114, 132.24757
6663, 116, 3.4154356
6664, 101, 89.202065
6665, 101, 76.00931
6666, 115, 136.74358
6667, 111, 33.325893
6668, 108, 127.18486
6669, 116, 52.923428
6670, 119, 54.2252
6671, 113, 103.94031
6672, 116, 61.65137
6673, 106, 130.7471
6674, 113, 77.9788
6675, 117, 115.95222
6676, 119, 67.005226
6677, 116, 8.844209
6678, 109, 108.67694
6679, 108, 1.1322498
6680, 116, 4.597905
6681, 114, 35.087925
6682, 117, 96.74187
6683, 119, 42.951633
6684, 101, 147.88628
6685, 108, 76.35129
6686, 104, 10.638115
6687, 106, 139.15555
6688, 114, 63.786846
6689, 107, 20.11368
6690, 107, 3.527114
6691, 116, 137.33418
6692, 100, 55.892147
6693, 113, 75.717926
6694, 115, 135.07086
6695, 114, 119.43278
6696, 110, 140.87134
6697, 111, 98.90998
6698, 103, 131.64876
6699, 106, 104.15633
6700, 112, 135.17769
6701, 100, 130.12904
6702, 104, 128.98549
6703, 102, 146.78085
6704, 102, 140.38127
6705, 107, 76.39492
6706, 102, 64.39687
6707, 111, 46.46236
6708, 102, 83.63014
6709, 104, 107.52149
6710, 113, 77.53591
6711, 116, 44.78022
6712, 109, 51.951427
6713, 112, 62.489918
6714, 110, 107.116455
6715, 119, 1.0881901
6716, 102, 77.99961
6717, 113, 136.41841
6718, 103, 72.73225
6719, 119, 74.455315
6720, 108, 106.5609
6721, 110, 31.014141
6722, 104, 61.483482
6723, 117, 26.085789
6724, 101, 26.855484
6725, 101, 124.38811
6726, 108, 18.89374
6727, 112, 85.916794
6728, 113, 142.61955
6729, 101, 113.430084
6730, 106, 54.74781
6731, 116, 58.483574
6732, 107, 34.327145
6733, 113, 52.484688
6734, 104, 20.96419
6735, 112, 121.39893
6736, 105, 105.1767
6737, 102, 30.97585
6738, 101, 132.50548
6739, 107, 30.911037
6740, 102, 112.013405
6741, 103, 73.5121
6742, 105, 18.671635
6743, 113, 71.92176
6744, 110, 126.01287
6745, 108, 43.407394
6746, 103, 148.22472
6747, 110, 63.58036
6748, 100, 80.181404
6749, 104, 122.28775
6750, 104, 9.07841
6751, 111, 46.9827
6752, 108, 86.28836
6753, 108, 16.581764
6754, 114, 4.2824507
6755, 105, 85.40245
6756, 105, 87.0741
6757, 117, 19.353569
6758, 107, 27.387875
6759, 109, 75.28371
6760, 118, 109.40015
6761, 116, 136.02824
6762, 110, 130.95325
6763, 111, 0.7647157
6764, 114, 70.25739
6765, 117, 7.9173803
6766, 100, 97.17683
6767, 100, 65.45931
6768, 107, 76.24345
6769, 118, 127.484695
6770, 116, 127.428696
6771, 110, 54.67573
6772, 101, 80.25699
6773, 101, 9.104883
6774, 119, 101.38439
6775, 106, 125.06471
6776, 105, 145.65842
6777, 101, 82.662895
6778, 114, 59.891975
6779, 112, 39.495663
6780, 113, 113.43767
6781, 106, 118.075775
6782, 102, 62.05896
6783, 110, 6.557241
6784, 112, 146.13777
6785, 109, 130.98058
6786, 104, 36.747177
6787, 109, 84.633316
6788, 110, 1.077801
6789, 106, 54.442738
6790, 107, 32.139774
6791, 108, 10.810724
6792, 116, 70.0178
6793, 113, 74.99639
6794, 113, 3.211257
6795, 116, 65.50379
6796, 103, 51.055965
6797, 111, 11.21909
6798, 110, 143.60641
6799, 108, 58.900326
6800, 101, 61.56882
6801, 107, 120.409805
6802, 114, 22.695423
6803, 100, 9.955967
6804, 115, 20.028261
6805, 110, 83.15726
6806, 109, 42.27719
6807, 107, 16.434994
6808, 116, 131.9563
6809, 106, 27.817368
6810, 119, 101.60486
6811, 107, 129.09167
6812, 114, 140.30338
6813, 117, 118.58462
6814, 101, 71.10817
6815, 115, 71.23822
6816, 119, 108.78662
6817, 100, 48.137657
6818, 115, 44.74977
6819, 107, 116.335266
6820, 107, 85.29902
6821, 107, 26.348152
6822, 109, 59.08946
6823, 102, 147.78517
6824, 118, 27.807972
6825, 109, 41.848595
6826, 110, 81.51138
6827, 101, 56.17938
6828, 104, 23.264793
6829, 119, 87.15451
6830, 110, 71.478065
6831, 102, 42.8255
6832, 116, 39.798447
6833, 100, 117.87148
6834, 105, 18.906631
6835, 102, 30.543467
6836, 118, 149.48352
6837, 103, 140.9016
6838, 107, 16.959572
6839, 103, 127.65953
6840, 103, 106.93951
6841, 101, 45.04433
6842, 100, 145.53358
6843, 104, 89.65618
6844, 118, 90.84535
6845, 101, 22.092836
6846, 117, 4.405117
6847, 112, 36.5131
6848, 109, 18.713871
6849, 102, 75.2544
6850, 111, 36.825558
6851, 109, 40.143585
6852, 106, 62.83612
6853, 110, 74.614365
6854, 100, 122.6957
6855, 114, 123.5006
6856, 106, 136.2529
6857, 108, 52.679604
6858, 118, 112.355576
6859, 106, 139.9002
6860, 107, 125.90366
6861, 111, 95.52644
6862, 108, 20.690935
6863, 111, 55.45956
6864, 117, 22.12235
6865, 115, 43.35014
6866, 110, 83.530594
6867, 109, 77.60051
6868, 100, 144.34349
6869, 102, 38.5069
6870, 110, 39.740654
6871, 102, 122.07308
6872, 112, 75.04741
6873, 113, 57.9253
6874, 103, 56.30697
6875, 110, 98.658714
6876, 100, 88.070435
6877, 111, 47.09731
6878, 108, 118.08582
6879, 113, 32.448444
6880, 110, 93.071335
6881, 113, 71.587944
6882, 101, 105.95451
6883, 106, 122.41645
6884, 110, 56.83584
6885, 105, 49.213886
6886, 106, 64.73848
6887, 117, 57.518784
6888, 117, 9.836322
6889, 100, 147.55734
6890, 108, 58.415607
6891, 118, 31.341219
6892, 106, 137.86057
6893, 103, 100.9163
6894, 105, 46.39762
6895, 112, 122.06236
6896, 101, 126.743904
6897, 114, 99.284775
6898, 106, 57.85449
6899, 112, 115.93277
6900, 105, 56.590836
6901, 119, 84.21348
6902, 102, 115.3212
6903, 110, 32.49396
6904, 111, 79.986015
6905, 100, 142.10648
6906, 113, 144.9237
6907, 112, 80.474106
6908, 114, 129.41779
6909, 119, 135.19496
6910, 111, 128.09773
6911, 119, 52.53776
6912, 110, 74.87912
6913, 101, 2.9205232
6914, 105, 66.29366
6915, 113, 64.22025
6916, 108, 55.648632
6917, 104, 101.1945
6918, 113, 87.60385
6919, 104, 19.822035
6920, 105, 65.26524
6921, 103, 117.24078
6922, 103, 127.272095
6923, 118, 136.50027
6924, 116, 124.18615
6925, 100, 120.75709
6926, 103, 113.36054
6927, 115, 145.46991
6928, 104, 140.95862
6929, 113, 77.55093
6930, 110, 43.659023
6931, 116, 6.0374203
6932, 107, 0.36842823
6933, 115, 71.67113
6934, 113, 98.54846
6935, 112, 149.20407
6936, 111, 83.12446
6937, 108, 99.00455
6938, 116, 117.32912
6939, 106, 104.9281
6940, 106, 26.011562
6941, 107, 41.12514
6942, 104, 149.05998
6943, 118, 86.96432
6944, 118, 115.950294
6945, 119, 26.362413
6946, 119, 111.66657
6947, 112, 146.38911
6948, 101, 119.11425
6949, 119, 71.960724
6950, 115, 87.33777
6951, 115, 40.32832
6952, 109, 23.23611
6953, 111, 3.4233034
6954, 119, 20.95197
6955, 100, 67.97612
6956, 108, 117.69219
6957, 118, 43.78833
6958, 108, 11.898968
6959, 112, 149.02802
6960, 114, 80.55344
6961, 119, 104.87848
6962, 104, 149.53543
6963, 111, 22.078068
6964, 119, 8.2544
6965, 109, 123.19058
6966, 111, 44.198826
6967, 104, 35.63436
6968, 111, 24.31494
6969, 117, 8.124036
6970, 100, 37.44246
6971, 104, 83.65565
6972, 114, 98.08683
6973, 116, 92.708725
6974, 100, 49.767334
6975, 108, 99.93895
6976, 103, 145.92317
6977, 107, 48.090103
6978, 116, 24.60192
6979, 109, 142.92484
6980, 109, 97.607475
6981, 111, 109.00733
6982, 105, 78.88188
6983, 104, 71.92338
6984, 118, 101.79724
6985, 104, 55.42091
6986, 107, 73.110634
6987, 101, 71.85567
6988, 106, 13.661125
6989, 109, 24.873554
6990, 116, 71.43067
6991, 101, 34.266857
6992, 116, 72.58357
6993, 103, 103.16653
6994, 107, 49.758938
6995, 114, 84.31414
6996, 112, 135.94472
6997, 104, 18.04524
6998, 104, 26.087505
6999, 116, 67.08776
7000, 114, 147.91586
7001, 108, 125.11316
7002, 106, 22.299688
7003, 109, 81.01843
7004, 117, 62.771587
7005, 108, 45.105145
7006, 113, 125.77409
7007, 100, 35.860653
7008, 100, 148.20772
7009, 109, 119.90962
7010, 115, 145.70483
7011, 110, 86.32657
7012, 101, 115.9969
7013, 111, 88.256294
7014, 116, 51.072514
7015, 115, 62.831078
7016, 103, 36.039753
7017, 108, 40.16971
7018, 101, 9.547225
7019, 112, 24.234715
7020, 103, 148.80278
7021, 106, 136.27913
7022, 110, 97.951996
7023, 118, 8.293578
7024, 111, 24.32051
7025, 117, 86.42273
7026, 110, 102.27323
7027, 118, 118.91873
7028, 111, 81.16048
7029, 102, 133.84894
7030, 108, 13.708189
7031, 108, 120.41094
7032, 116, 4.57508
7033, 117, 67.37448
7034, 117, 12.2721615
7035, 106, 108.343025
7036, 107, 20.134958
7037, 101, 134.58191
7038, 100, 29.03275
7039, 112, 13.705391
7040, 105, 59.27395
7041, 116, 128.82613
7042, 118, 95.975716
7043, 106, 12.462026
7044, 113, 106.630005
7045, 109, 53.140865
7046, 102, 99.85324
7047, 109, 91.95136
7048, 104, 24.720982
7049, 109, 143.5297
7050, 116, 6.1580477
7051, 107, 138.07219
7052, 103, 54.829716
7053, 107, 18.910128
7054, 113, 14.594543
7055, 111, 100.58245
7056, 104, 72.05023
7057, 106, 101.693054
7058, 106, 15.531126
7059, 119, 13.221672
7060, 105, 70.09967
7061, 116, 130.91594
7062, 105, 87.30111
7063, 104, 104.38464
7064, 112, 31.68354
7065, 115, 132.80815
7066, 111, 145.52908
7067, 113, 74.91592
7068, 113, 81.91833
7069, 107, 72.590416
7070, 101, 97.97527
7071, 114, 84.8035
7072, 118, 83.78057
7073, 116, 147.95184
7074, 107, 22.088627
7075, 108, 140.76501
7076, 101, 143.94691
7077, 115, 8.583498
7078, 117, 147.5678
7079, 119, 143.4245
7080, 118, 37.23894
7081, 113, 39.776016
7082, 118, 38.7911
7083, 108, 56.33734
7084, 104, 25.616652
7085, 100, 142.33388
7086, 104, 37.827873
7087, 111, 78.865326
7088, 103, 100.08872
7089, 109, 116.063515
7090, 107, 149.87602
7091, 103, 47.256653
7092, 104, 16.54829
7093, 110, 86.527115
7094, 117, 58.315487
7095, 113, 43.188107
7096, 107, 13.476652
7097, 105, 103.67246
7098, 105, 84.55783
7099, 100, 43.937634
7100, 106, 9.138814
7101, 107, 22.081984
7102, 111, 109.4185
7103, 112, 120.11499
7104, 113, 106.363945
7105, 108, 72.841805
7106, 104, 63.52491
7107, 115, 5.9586077
7108, 119, 13.564727
7109, 117, 25.29771
7110, 112, 67.18539
7111, 117, 14.060747
7112, 103, 78.58813
7113, 117, 10.788345
7114, 119, 98.48567
7115, 119, 22.637388
7116, 108, 135.65445
7117, 109, 126.282684
7118, 114, 106.40364
7119, 106, 87.07483
7120, 118, 131.30336
7121, 116, 56.49356
7122, 114, 102.596695
7123, 108, 114.20065
7124, 118, 14.071423
7125, 119, 14.193007
7126, 101, 92.31082
7127, 104, 61.53564
7128, 108, 34.63439
7129, 110, 50.143818
7130, 115, 51.96019
7131, 113, 115.59483
7132, 113, 15.403112
7133, 102, 38.01265
7134, 119, 3.720233
7135, 112, 82.04204
7136, 110, 12.02124
7137, 119, 78.26645
7138, 116, 99.818924
7139, 119, 148.03188
7140, 111, 148.22719
7141, 109, 121.16361
7142, 111, 18.41198
7143, 117, 21.161655
7144, 106, 70.17106
7145, 113, 113.28158
7146, 102, 120.10711
7147, 116, 29.096478
7148, 109, 58.619793
7149, 117, 17.038303
7150, 114, 7.356763
7151, 107, 126.43891
7152, 112, 75.33453
7153, 107, 64.49988
7154, 114, 116.16519
7155, 112, 31.347584
7156, 109, 104.857
7157, 103, 1.0270804
7158, 108, 57.395428
7159, 105, 92.81508
7160, 108, 35.92331
7161, 102, 83.79024
7162, 101, 25.203592
7163, 118, 96.33919
7164, 107, 129.22533
7165, 102, 54.915012
7166, 118, 75.01056
7167, 104, 72.22308
7168, 102, 90.72073
7169, 118, 132.04134
7170, 116, 105.58422
7171, 115, 8.785423
7172, 114, 115.47322
7173, 109, 95.64152
7174, 113, 31.444565
7175, 107, 84.65996
7176, 114, 87.7653
7177, 114, 64.04795
7178, 104, 94.14777
7179, 113, 82.06308
7180, 115, 143.92796
7181, 108, 115.349525
7182, 113, 11.653098
7183, 116, 118.11815
7184, 119, 125.03226
7185, 113, 69.29198
7186, 102, 121.21339
7187, 111, 124.189575
7188, 110, 111.66323
7189, 102, 65.64134
7190, 107, 3.4689636
7191, 101, 92.440186
7192, 118, 113.01971
7193, 103, 70.443596
7194, 108, 8.136249
7195, 105, 45.75095
7196, 106, 19.806067
7197, 113, 53.189297
7198, 109, 43.15949
7199, 108, 28.04574
7200, 117, 10.656175
7201, 113, 73.86359
7202, 116, 75.13254
7203, 117, 38.98233
7204, 111, 135.88332
7205, 115, 126.239746
7206, 111, 19.199314
7207, 102, 22.250765
7208, 119, 109.84972
7209, 117, 107.56839
7210, 111, 78.864685
7211, 112, 118.0057
7212, 105, 46.15242
7213, 103, 38.21288
7214, 109, 76.149826
7215, 118, 111.79933
7216, 110, 30.96724
7217, 115, 131.96883
7218, 111, 107.28042
7219, 107, 30.381239
7220, 106, 140.10881
7221, 114, 89.80661
7222, 100, 68.01084
7223, 102, 136.82845
7224, 119, 116.086754
7225, 112, 98.449196
7226, 105, 126.28817
7227, 109, 121.630936
7228, 109, 92.42072
7229, 107, 136.06415
7230, 111, 119.00096
7231, 117, 80.05089
7232, 115, 52.239113
7233, 111, 40.117783
7234, 108, 53.25096
7235, 116, 10.923868
7236, 117, 84.11391
7237, 118, 38.87956
7238, 119, 42.259758
7239, 111, 45.18281
7240, 113, 13.620445
7241, 108, 30.804535
7242, 108, 54.276386
7243, 101, 4.09745
7244, 110, 144.87433
7245, 116, 26.377192
7246, 116, 102.22728
7247, 116, 52.109474
7248, 102, 23.056116
7249, 115, 67.274475
7250, 114, 107.29398
7251, 112, 1.6525358
7252, 109, 136.2193
7253, 107, 145.06403
7254, 104, 13.629368
7255, 103, 93.982925
7256, 106, 70.410614
7257, 115, 89.84833
7258, 100, 33.48939
7259, 103, 119.72886
7260, 112, 69.15375
7261, 110, 25.272417
7262, 108, 27.334965
7263, 108, 36.72206
7264, 114, 58.5957
7265, 116, 34.357773
7266, 113, 41.951405
7267, 110, 106.34977
7268, 109, 1.9829929
7269, 101, 61.933163
7270, 100, 92.64384
7271, 111, 16.354734
7272, 112, 42.08167
7273, 107, 109.92471
7274, 109, 48.532112
7275, 107, 118.2182
7276, 112, 134.7129
7277, 115, 65.79303
7278, 119, 73.29874
7279, 102, 137.37427
7280, 111, 142.90907
7281, 118, 109.193954
7282, 114, 30.219036
7283, 111, 24.976068
7284, 108, 109.13755
7285, 104, 118.0918
7286, 106, 76.13379
7287, 101, 38.41906
7288, 103, 18.362206
7289, 109, 32.40053
7290, 104, 52.911533
7291, 117, 11.7388935
7292, 118, 9.4060955
7293, 104, 102.95515
7294, 108, 38.544773
7295, 102, 139.22348
7296, 115, 1.419434
7297, 117, 114.37002
7298, 102, 36.783707
7299, 117, 116.908
7300, 119, 3.0848265
7301, 100, 52.287056
7302, 119, 76.80806
7303, 106, 66.90383
7304, 114, 122.93587
7305, 106, 55.56592
7306, 117, 22.446281
7307, 109, 135.8274
7308, 103, 70.32015
7309, 107, 27.36293
7310, 105, 76.3778
7311, 104, 3.6788912
7312, 112, 9.956065
7313, 109, 112.67771
7314, 115, 72.24682
7315, 115, 19.98809
7316, 102, 70.08487
7317, 108, 4.4337897
7318, 103, 19.466427
7319, 119, 23.13482
7320, 109, 65.48875
7321, 103, 81.77673
7322, 102, 18.011633
7323, 102, 131.90894
7324, 106, 101.24881
7325, 101, 95.22831
7326, 114, 9.34555
7327, 105, 11.837411
7328, 106, 92.82246
7329, 110, 92.9298
7330, 105, 129.9994
7331, 109, 98.91972
7332, 116, 38.95104
7333, 115, 143.29877
7334, 115, 62.423775
7335, 104, 76.419365
7336, 119, 49.039722
7337, 109, 126.40758
7338, 102, 64.017456
7339, 104, 30.706886
7340, 109, 60.269512
7341, 108, 46.094997
7342, 109, 82.50719
7343, 100, 97.21286
7344, 100, 48.24052
7345, 114, 37.586662
7346, 108, 5.8734207
7347, 115, 141.89343
7348, 108, 135.09903
7349, 105, 24.34887
7350, 108, 20.359253
7351, 110, 127.86647
7352, 115, 127.31972
7353, 118, 37.00648
7354, 107, 80.97467
7355, 119, 27.415403
7356, 110, 4.4431505
7357, 104, 45.69703
7358, 112, 74.267685
7359, 113, 114.895515
7360, 103, 8.143536
7361, 114, 79.66341
7362, 113, 113.40154
7363, 115, 105.40358
7364, 116, 129.07457
7365, 109, 63.364006
7366, 100, 43.574284
7367, 115, 108.56286
7368, 100, 56.89566
7369, 108, 140.85898
7370, 108, 13.795951
7371, 117, 32.666927
7372, 117, 27.75667
7373, 117, 109.609856
7374, 117, 91.80414
7375, 105, 79.11654
7376, 117, 91.703064
7377, 111, 11.15106
7378, 116, 105.8837
7379, 112, 43.032806
7380, 103, 134.31552
7381, 110, 135.26137
7382, 103, 61.165085
7383, 103, 25.631699
7384, 117, 129.19817
7385, 113, 90.3681
7386, 106, 1.4020622
7387, 110, 26.238316
7388, 103, 123.798164
7389, 109, 45.384235
7390, 113, 36.420284
7391, 116, 127.014946
7392, 101, 7.9594193
7393, 118, 73.754036
7394, 101, 143.07114
7395, 115, 109.42767
7396, 119, 67.6479
7397, 107, 58.015026
7398, 100, 57.62793
7399, 115, 136.14682
7400, 108, 29.922052
7401, 100, 8.173013
7402, 105, 128.8017
7403, 118, 60.051163
7404, 104, 85.69419
7405, 104, 60.38676
7406, 114, 96.49964
7407, 115, 19.52092
7408, 110, 4.255226
7409, 104, 137.80006
7410, 102, 15.629008
7411, 102, 19.941303
7412, 115, 10.322991
7413, 104, 37.59058
7414, 102, 86.901596
7415, 111, 52.119614
7416, 114, 64.07069
7417, 109, 7.713416
7418, 111, 22.863256
7419, 102, 78.07999
7420, 118, 14.591226
7421, 100, 44.085045
7422, 113, 19.326147
7423, 100, 120.44281
7424, 119, 111.79188
7425, 110, 83.99003
7426, 119, 116.99999
7427, 117, 105.77741
7428, 118, 73.47428
7429, 110, 69.840546
7430, 114, 145.95065
7431, 101, 80.08982
7432, 101, 89.981155
7433, 102, 55.82132
7434, 103, 33.586235
7435, 104, 33.29383
7436, 112, 41.681564
7437, 106, 73.38791
7438, 114, 108.607254
7439, 111, 89.47125
7440, 119, 107.232765
7441, 102, 88.89676
7442, 115, 18.767416
7443, 102, 96.22218
7444, 102, 50.331
7445, 107, 79.167595
7446, 119, 3.0417771
7447, 104, 147.80945
7448, 116, 38.459076
7449, 112, 57.319443
7450, 102, 9.28815
7451, 110, 141.93121
7452, 116, 65.18848
7453, 118, 144.0287
7454, 115, 56.410797
7455, 101, 55.096123
7456, 100, 123.15223
7457, 101, 138.89038
7458, 114, 121.67307
7459, 108, 95.334885
7460, 114, 15.478322
7461, 100, 98.00972
7462, 110, 23.000559
7463, 104, 141.99768
7464, 116, 36.877243
7465, 102, 121.36801
7466, 101, 136.44136
7467, 112, 54.000244
7468, 109, 48.31665
7469, 116, 54.920982
7470, 109, 43.58976
7471, 101, 76.13326
7472, 111, 16.539537
7473, 119, 94.98409
7474, 109, 132.11946
7475, 104, 100.017006
7476, 103, 65.22742
7477, 114, 145.487
7478, 116, 122.47528
7479, 119, 95.43999
7480, 117, 28.788418
7481, 101, 7.0377054
7482, 109, 9.536907
7483, 111, 30.652178
7484, 106, 120.541534
7485, 111, 100.43864
7486, 115, 105.411354
7487, 106, 11.654091
7488, 112, 34.3476
7489, 102, 102.59747
7490, 103, 32.312527
7491, 101, 12.645981
7492, 113, 0.6996989
7493, 103, 83.08747
7494, 119, 128.55957
7495, 113, 46.43107
7496, 106, 39.691357
7497, 110, 105.562935
7498, 115, 33.897175
7499, 107, 121.11807
7500, 100, 56.40232
7501, 111, 146.36368
7502, 116, 9.302178
7503, 110, 141.21239
7504, 119, 16.540173
7505, 118, 30.865967
7506, 118, 136.2275
7507, 110, 55.827686
7508, 105, 89.760376
7509, 106, 79.33119
7510, 109, 41.773136
7511, 113, 67.32964
7512, 103, 86.07737
7513, 107, 5.016768
7514, 113, 109.61032
7515, 114, 46.936886
7516, 104, 142.6908
7517, 103, 47.481804
7518, 105, 62.22081
7519, 116, 147.31139
7520, 102, 82.88612
7521, 109, 32.398643
7522, 113, 99.96922
7523, 116, 62.513863
7524, 103, 69.05603
7525, 102, 105.45287
7526, 106, 56.570755
7527, 104, 119.36238
7528, 111, 8.239594
7529, 117, 18.6288
7530, 103, 132.11937
7531, 111, 115.42245
7532, 118, 98.341934
7533, 119, 144.87906
7534, 115, 101.47402
7535, 110, 60.55747
7536, 103, 109.394424
7537, 113, 86.18051
7538, 112, 1.663211
7539, 103, 21.058603
7540, 109, 76.119064
7541, 103, 115.5488
7542, 108, 115.343735
7543, 110, 34.7722
7544, 107, 39.564003
7545, 119, 67.10711
7546, 107, 53.03363
7547, 110, 59.169003
7548, 101, 93.16385
7549, 115, 42.29452
7550, 114, 44.01741
7551, 106, 62.18705
7552, 114, 141.67348
7553, 115, 63.016945
7554, 111, 2.6218235
7555, 115, 136.67828
7556, 115, 44.36981
7557, 118, 60.22473
7558, 114, 127.96821
7559, 105, 86.78003
7560, 101, 83.926994
7561, 112, 115.93946
7562, 105, 101.933395
7563, 103, 146.57585
7564, 113, 18.537981
7565, 108, 14.66563
7566, 117, 87.90276
7567, 117, 26.897612
7568, 119, 52.79704
7569, 106, 148.01064
7570, 112, 48.493195
7571, 107, 111.82843
7572, 115, 98.35198
7573, 103, 61.033424
7574, 110, 133.36627
7575, 108, 128.05489
7576, 109, 24.41732
7577, 114, 91.637054
7578, 110, 33.521633
7579, 100, 19.59756
7580, 100, 6.23112
7581, 104, 115.98321
7582, 117, 60.619255
7583, 104, 143.87196
7584, 115, 39.908077
7585, 115, 74.41972
7586, 107, 137.35898
7587, 116, 67.38664
7588, 118, 144.21243
7589, 108, 105.54095
7590, 112, 36.232315
7591, 100, 14.518538
7592, 107, 134.08961
7593, 118, 90.82366
7594, 115, 72.25668
7595, 103, 135.06581
7596, 102, 109.250175
7597, 110, 40.22457
7598, 113, 56.593224
7599, 100, 132.13077
7600, 100, 25.789244
7601, 113, 126.95466
7602, 119, 120.88448
7603, 101, 129.07121
7604, 118, 88.85942
7605, 106, 68.722626
7606, 111, 22.887665
7607, 117, 143.16814
7608, 116, 5.439287
7609, 102, 129.0154
7610, 109, 75.711525
7611, 101, 145.3385
7612, 106, 26.055925
7613, 103, 146.3994
7614, 116, 47.6379
7615, 112, 8.534744
7616, 119, 79.709015
7617, 103, 131.08449
7618, 104, 79.77827
7619, 108, 48.928867
7620, 112, 149.79346
7621, 112, 51.450554
7622, 113, 18.249767
7623, 117, 58.097782
7624, 118, 124.32688
7625, 115, 81.43109
7626, 101, 34.527477
7627, 105, 144.63814
7628, 106, 40.426426
7629, 118, 51.817356
7630, 107, 7.4138937
7631, 100, 45.00221
7632, 103, 128.98721
7633, 108, 73.83162
7634, 102, 91.0566
7635, 104, 118.502716
7636, 111, 44.41039
7637, 102, 64.471504
7638, 105, 129.04477
7639, 105, 137.9622
7640, 113, 51.4613
7641, 114, 19.501152
7642, 114, 0.7939249
7643, 105, 134.40802
7644, 104, 86.73614
7645, 100, 43.981567
7646, 118, 42.214127
7647, 105, 99.27047
7648, 117, 17.218271
7649, 110, 116.992676
7650, 114, 107.189896
7651, 118, 83.358315
7652, 108, 85.70693
7653, 107, 36.96844
7654, 101, 101.66844
7655, 103, 96.96427
7656, 114, 28.570398
7657, 100, 24.045681
7658, 103, 139.30688
7659, 113, 84.471115
7660, 101, 5.9424253
7661, 108, 132.30576
7662, 106, 142.54076
7663, 108, 99.696976
7664, 116, 139.6856
7665, 112, 51.540165
7666, 105, 138.6361
7667, 109, 55.321133
7668, 110, 100.781296
7669, 117, 73.837296
7670, 108, 143.00279
7671, 101, 38.116417
7672, 106, 23.370293
7673, 107, 49.794586
7674, 109, 144.05827
7675, 107, 61.70589
7676, 117, 145.38129
7677, 118, 22.022358
7678, 111, 20.748621
7679, 103, 32.825848
7680, 107, 54.5866
7681, 106, 69.40743
7682, 103, 52.730164
7683, 117, 130.19676
7684, 115, 73.520386
7685, 114, 59.76963
7686, 118, 2.0661056
7687, 113, 80.242805
7688, 114, 38.758404
7689, 110, 88.36014
7690, 106, 77.55475
7691, 108, 15.447298
7692, 107, 43.691452
7693, 102, 47.587807
7694, 101, 70.21735
7695, 104, 117.20612
7696, 101, 59.474586
7697, 117, 21.892172
7698, 111, 100.24761
7699, 113, 68.44162
7700, 106, 70.74858
7701, 104, 63.520344
7702, 112, 6.3709526
7703, 109, 54.394806
7704, 117, 118.85814
7705, 105, 79.44561
7706, 107, 37.216286
7707, 110, 148.95026
7708, 105, 87.18568
7709, 106, 7.7277036
7710, 113, 89.80895
7711, 108, 113.61158
7712, 119, 21.034384
7713, 107, 70.39145
7714, 116, 41.60496
7715, 108, 94.800255
7716, 115, 145.24681
7717, 109, 41.165077
7718, 108, 82.39747
7719, 116, 16.766203
7720, 112, 132.19084
7721, 100, 24.1929
7722, 115, 67.793655
7723, 106, 48.464684
7724, 109, 56.579037
7725, 102, 140.655
7726, 106, 5.1190944
7727, 102, 43.447548
7728, 103, 131.20757
7729, 109, 110.36505
7730, 113, 120.75546
7731, 106, 10.855902
7732, 103, 96.6243
7733, 101, 53.66375
7734, 116, 65.11002
7735, 108, 62.77501
7736, 109, 27.735428
7737, 114, 10.693797
7738, 116, 51.294796
7739, 108, 37.00701
7740, 103, 83.24813
7741, 119, 102.30871
7742, 114, 124.25006
7743, 106, 51.836987
7744, 115, 114.911255
7745, 103, 75.59126
7746, 101, 78.7976
7747, 115, 80.4596
7748, 101, 117.90029
7749, 107, 52.822342
7750, 106, 89.17273
7751, 119, 117.1837
7752, 110, 33.436142
7753, 114, 3.955847
7754, 106, 72.33436
7755, 117, 27.784065
7756, 104, 30.704123
7757, 109, 123.89491
7758, 112, 84.72629
7759, 104, 51.713795
7760, 113, 72.29135
7761, 111, 131.46785
7762, 108, 96.94551
7763, 108, 37.508236
7764, 107, 85.49854
7765, 108, 34.037376
7766, 100, 107.9218
7767, 118, 6.674686
7768, 112, 85.98088
7769, 101, 86.3833
7770, 118, 104.256836
7771, 116, 50.551342
7772, 106, 136.49995
7773, 106, 82.90344
7774, 108, 145.86758
7775, 117, 90.36724
7776, 109, 141.64973
7777, 109, 65.203476
7778, 102, 12.447953
7779, 106, 88.568954
7780, 119, 76.55468
7781, 116, 21.659248
7782, 110, 10.832083
7783, 104, 27.28502
7784, 115, 39.193886
7785, 117, 103.115616
7786, 119, 84.74703
7787, 114, 70.07378
7788, 108, 138.6699
7789, 110, 63.762974
7790, 103, 90.409935
7791, 109, 95.21624
7792, 116, 110.96504
7793, 116, 51.528023
7794, 103, 44.090046
7795, 116, 7.5205564
7796, 114, 2.451396
7797, 114, 57.9826
7798, 100, 51.708538
7799, 112, 145.6599
7800, 116, 91.23002
7801, 111, 108.184296
7802, 104, 54.69415
7803, 115, 28.935661
7804, 114, 50.508347
7805, 104, 67.63703
7806, 115, 41.218124
7807, 112, 16.169786
7808, 102, 60.138283
7809, 106, 71.27082
7810, 103, 50.10665
7811, 104, 94.08067
7812, 104, 98.68712
7813, 113, 52.154266
7814, 115, 135.54268
7815, 116, 46.313873
7816, 104, 127.46289
7817, 110, 130.48605
7818, 101, 142.85237
7819, 109, 94.81731
7820, 114, 48.77227
7821, 109, 34.576534
7822, 118, 107.87769
7823, 111, 5.6733637
7824, 119, 9.967768
7825, 108, 127.652306
7826, 111, 20.631569
7827, 100, 2.4719687
7828, 110, 115.3327
7829, 104, 92.15759
7830, 105, 33.71104
7831, 119, 50.426075
7832, 107, 32.1172
7833, 102, 9.600994
7834, 117, 10.692867
7835, 107, 93.87878
7836, 100, 9.455458
7837, 118, 100.64338
7838, 119, 129.74771
7839, 105, 96.21801
7840, 110, 119.67124
7841, 113, 30.036243
7842, 112, 74.188286
7843, 106, 117.68717
7844, 107, 18.102774
7845, 119, 122.11633
7846, 109, 27.925257
7847, 110, 107.62506
7848, 110, 120.4065
7849, 119, 122.14775
7850, 116, 126.0171
7851, 117, 3.860888
7852, 102, 131.13824
7853, 101, 114.60302
7854, 113, 38.190132
7855, 119, 32.007427
7856, 119, 2.8582244
7857, 115, 99.03514
7858, 115, 4.443741
7859, 117, 45.46321
7860, 112, 2.9221416
7861, 102, 148.98265
7862, 116, 66.983116
7863, 101, 23.217344
7864, 111, 120.35149
7865, 117, 98.4773
7866, 105, 61.101803
7867, 103, 142.96208
7868, 114, 106.33805
7869, 104, 73.74022
7870, 110, 46.08573
7871, 109, 54.757835
7872, 113, 5.1995873
7873, 112, 36.348026
7874, 106, 10.828757
7875, 116, 135.84909
7876, 107, 135.24562
7877, 116, 44.54793
7878, 111, 123.43092
7879, 105, 84.01923
7880, 115, 43.144505
7881, 105, 128.73595
7882, 104, 135.07265
7883, 119, 35.196957
7884, 107, 34.60378
7885, 114, 124.835075
7886, 100, 30.197865
7887, 102, 128.29787
7888, 108, 23.46123
7889, 105, 133.18689
7890, 104, 118.77813
7891, 102, 12.214342
7892, 104, 130.71458
7893, 107, 85.37908
7894, 100, 4.7427893
7895, 100, 43.04437
7896, 113, 72.10813
7897, 108, 77.578445
7898, 106, 16.984016
7899, 119, 89.836845
7900, 107, 62.761314
7901, 102, 105.88436
7902, 110, 121.21751
7903, 103, 6.5303745
7904, 111, 68.64813
7905, 115, 12.197524
7906, 117, 115.79076
7907, 110, 55.502586
7908, 101, 20.847273
7909, 108, 46.763046
7910, 109, 69.46912
7911, 105, 17.395395
7912, 113, 90.378456
7913, 110, 125.79821
7914, 119, 137.40724
7915, 110, 89.21385
7916, 112, 16.470346
7917, 110, 130.0997
7918, 101, 13.440585
7919, 109, 89.05058
7920, 102, 145.4216
7921, 115, 149.88663
7922, 103, 64.86538
7923, 114, 52.813
7924, 102, 90.24286
7925, 100, 148.8023
7926, 108, 0.61714053
7927, 106, 57.030327
7928, 119, 128.16074
7929, 114, 0.22844374
7930, 102, 27.789984
7931, 110, 28.022013
7932, 108, 114.65694
7933, 107, 48.137962
7934, 107, 48.647797
7935, 107, 6.3081446
7936, 108, 127.07244
7937, 105, 146.05861
7938, 107, 94.17412
7939, 103, 41.839725
7940, 114, 6.2326937
7941, 107, 106.83878
7942, 116, 49.761055
7943, 110, 50.029358
7944, 114, 35.234936
7945, 115, 82.45971
7946, 110, 108.57446
7947, 114, 122.07458
7948, 103, 97.363464
7949, 114, 111.58659
7950, 101, 70.25394
7951, 109, 3.3920555
7952, 111, 129.98222
7953, 107, 25.599173
7954, 119, 124.388466
7955, 112, 140.17177
7956, 108, 107.99347
7957, 109, 11.601117
7958, 113, 114.40678
7959, 100, 75.20565
7960, 108, 132.19977
7961, 107, 28.262499
7962, 115, 103.10402
7963, 118, 16.3979
7964, 108, 65.72887
7965, 103, 23.880869
7966, 100, 97.1182
7967, 118, 40.85811
7968, 113, 37.213486
7969, 114, 9.915
7970, 103, 149.21716
7971, 119, 89.67289
7972, 108, 104.4944
7973, 112, 40.710068
7974, 108, 101.08675
7975, 103, 64.833275
7976, 101, 77.12863
7977, 113, 1.7032564
7978, 118, 73.678406
7979, 115, 17.981503
7980, 105, 53.299965
7981, 119, 96.5373
7982, 108, 120.60637
7983, 113, 146.98001
7984, 111, 63.366257
7985, 113, 39.950726
7986, 112, 88.16722
7987, 105, 92.72216
7988, 110, 110.41602
7989, 118, 81.49296
7990, 105, 117.63703
7991, 107, 90.88448
7992, 119, 62.726624
7993, 112, 89.743576
7994, 102, 148.31818
7995, 110, 88.82923
7996, 108, 91.11152
7997, 115, 79.65467
7998, 112, 87.80069
7999, 109, 9.171054
8000, 117, 78.90949
8001, 100, 141.06303
8002, 111, 82.36806
8003, 104, 4.8326073
8004, 100, 92.36875
8005, 112, 12.467345
8006, 118, 67.53122
8007, 118, 77.02206
8008, 105, 82.526146
8009, 114, 83.87817
8010, 117, 133.3922
8011, 107, 21.214512
8012, 100, 85.36603
8013, 118, 69.769104
8014, 111, 135.9862
8015, 100, 71.13821
8016, 117, 92.40471
8017, 100, 148.2458
8018, 115, 94.04489
8019, 110, 118.62375
8020, 109, 44.98095
8021, 116, 53.777756
8022, 107, 3.4487576
8023, 109, 40.868195
8024, 114, 20.802032
8025, 109, 113.97666
8026, 117, 58.776863
8027, 114, 76.56732
8028, 104, 51.166348
8029, 117, 90.24601
8030, 101, 146.01689
8031, 115, 57.118374
8032, 106, 141.36661
8033, 114, 122.2311
8034, 101, 24.56324
8035, 104, 64.05109
8036, 100, 148.68027
8037, 119, 122.53533
8038, 101, 26.854643
8039, 104, 86.65216
8040, 107, 27.401384
8041, 114, 21.151838
