89013, 108, 138.75589
89014, 100, 80.6639
89015, 116, 113.22926
89016, 102, 97.96279
89017, 101, 141.94977
89018, 112, 29.058954
89019, 104, 26.029041
89020, 113, 32.757282
89021, 101, 115.700455
89022, 114, 148.55133
89023, 107, 135.35315
89024, 110, 89.57103
89025, 101, 97.20642
89026, 111, 37.928528
89027, 119, 39.691944
89028, 112, 70.788635
89029, 115, 20.875633
89030, 115, 51.118023
89031, 102, 147.78506
89032, 119, 93.11528
89033, 119, 27.927546
89034, 107, 74.493904
89035, 110, 120.35394
89036, 106, 29.716497
89037, 112, 85.46114
89038, 104, 37.926533
89039, 101, 93.56535
89040, 112, 72.25365
89041, 102, 97.26351
89042, 115, 119.04977
89043, 105, 136.84685
89044, 117, 6.2149286
89045, 102, 117.61479
89046, 110, 34.9011
89047, 101, 137.33365
89048, 100, 102.84723
89049, 104, 106.285194
89050, 109, 31.054697
89051, 116, 122.35091
89052, 104, 23.300117
89053, 111, 63.97256
89054, 114, 73.17258
89055, 101, 47.774952
89056, 115, 55.667816
89057, 116, 92.32498
89058, 116, 8.183035
89059, 108, 115.081985
89060, 117, 64.379745
89061, 112, 47.616165
89062, 100, 110.84497
89063, 107, 140.81516
89064, 117, 60.78618
89065, 114, 110.61932
89066, 119, 118.18313
89067, 113, 115.45698
89068, 111, 62.962246
89069, 109, 9.345282
89070, 117, 88.08583
89071, 106, 144.43237
89072, 117, 66.97687
89073, 113, 124.78171
89074, 101, 108.6567
89075, 117, 51.16564
89076, 111, 85.73993
89077, 109, 148.42397
89078, 105, 141.4234
89079, 111, 122.795395
89080, 103, 33.58781
89081, 100, 112.2547
89082, 105, 126.797005
89083, 107, 101.17819
89084, 116, 125.93231
89085, 110, 138.90385
89086, 117, 5.700901
89087, 110, 25.962254
89088, 104, 22.791239
89089, 113, 64.95446
89090, 102, 122.20613
89091, 107, 149.23761
89092, 112, 133.5848
89093, 115, 45.922306
89094, 112, 124.84459
89095, 105, 38.87642
89096, 100, 9.206155
89097, 106, 45.675426
89098, 110, 136.11475
89099, 115, 25.732336
89100, 112, 117.04268
89101, 103, 70.49262
89102, 117, 133.7218
89103, 102, 81.99296
89104, 111, 54.407494
89105, 114, 148.96039
89106, 106, 32.135735
89107, 109, 136.76497
89108, 104, 107.93942
89109, 114, 91.08078
89110, 106, 23.956194
89111, 118, 116.551605
89112, 119, 66.67005
89113, 109, 16.158163
89114, 101, 116.9584
89115, 109, 107.534004
89116, 118, 95.90281
89117, 116, 52.36829
89118, 117, 144.51631
89119, 101, 58.861687
89120, 117, 84.20642
89121, 102, 98.8366
89122, 104, 87.40625
89123, 118, 9.67901
89124, 105, 107.13022
89125, 119, 130.89941
89126, 110, 86.975845
89127, 107, 137.06026
89128, 107, 70.75118
89129, 119, 121.573204
89130, 116, 60.259743
89131, 114, 119.49623
89132, 108, 40.462723
89133, 118, 27.368992
89134, 104, 47.89202
89135, 106, 67.17814
89136, 109, 131.22554
89137, 116, 79.47264
89138, 110, 3.6765666
89139, 102, 79.59952
89140, 112, 149.17767
89141, 104, 146.60408
89142, 115, 105.3788
89143, 118, 38.1353
89144, 100, 109.92196
89145, 100, 77.208145
89146, 115, 43.368538
89147, 107, 89.36114
89148, 114, 62.29592
89149, 118, 138.92531
89150, 117, 101.39758
89151, 119, 115.46183
89152, 119, 37.636192
89153, 114, 147.1878
89154, 118, 111.77584
89155, 105, 53.325928
89156, 106, 26.916897
89157, 107, 142.03218
89158, 100, 35.998714
89159, 108, 127.58307
89160, 117, 22.554213
89161, 118, 28.356644
89162, 100, 75.04876
89163, 100, 74.43534
89164, 117, 78.62553
89165, 108, 15.4494705
89166, 109, 38.69496
89167, 119, 88.45481
89168, 109, 80.95004
89169, 100, 5.7399807
89170, 104, 105.31522
89171, 110, 41.362774
89172, 107, 119.57254
89173, 102, 101.34473
89174, 108, 122.66034
89175, 109, 102.53242
89176, 114, 122.877625
89177, 113, 0.84634423
89178, 119, 108.83312
89179, 110, 47.930466
89180, 110, 0.1987338
89181, 118, 104.69374
89182, 113, 74.3621
89183, 106, 135.97188
89184, 119, 142.49498
89185, 111, 97.7854
89186, 111, 119.21528
89187, 107, 75.98001
89188, 119, 106.98922
89189, 103, 120.46711
89190, 109, 132.65578
89191, 119, 114.18227
89192, 112, 28.632446
89193, 105, 52.550323
89194, 111, 41.80584
89195, 114, 26.98068
89196, 113, 30.392181
89197, 116, 105.52877
89198, 118, 51.124504
89199, 119, 133.48007
89200, 110, 21.300459
89201, 106, 80.91613
89202, 109, 4.045567
89203, 113, 93.477066
89204, 106, 63.498928
89205, 112, 96.167114
89206, 103, 21.834425
89207, 106, 18.868553
89208, 105, 139.87878
89209, 105, 137.74629
89210, 115, 142.5294
89211, 106, 58.738663
89212, 118, 7.217985
89213, 112, 84.15132
89214, 118, 0.7722974
89215, 111, 143.56645
89216, 102, 54.218227
89217, 111, 115.55205
89218, 112, 70.08434
89219, 109, 100.38081
89220, 112, 69.75819
89221, 117, 10.630882
89222, 118, 123.74867
89223, 113, 127.93867
89224, 103, 41.265087
89225, 101, 88.40603
89226, 101, 132.23318
89227, 112, 73.43865
89228, 105, 91.79041
89229, 103, 59.222183
89230, 111, 51.458298
89231, 100, 122.952774
89232, 109, 67.34673
89233, 111, 29.265207
89234, 108, 141.72618
89235, 103, 49.561768
89236, 115, 5.993691
89237, 105, 109.26927
89238, 110, 136.9456
89239, 107, 144.31287
89240, 104, 118.72338
89241, 106, 70.49465
89242, 119, 41.30353
89243, 114, 124.43398
89244, 101, 18.758656
89245, 101, 97.11378
89246, 105, 131.77327
89247, 114, 84.38841
89248, 102, 52.112934
89249, 110, 48.966766
89250, 106, 132.70744
89251, 105, 142.56454
89252, 114, 33.956875
89253, 105, 129.47792
89254, 104, 116.812965
89255, 107, 32.638443
89256, 115, 65.41631
89257, 100, 63.10257
89258, 119, 46.16298
89259, 101, 123.936134
89260, 115, 99.75586
89261, 102, 8.405659
89262, 110, 127.18932
89263, 106, 11.015323
89264, 110, 51.68141
89265, 107, 35.25373
89266, 107, 76.21538
89267, 110, 133.06331
89268, 117, 104.764305
89269, 107, 113.931496
89270, 105, 33.52572
89271, 105, 27.494474
89272, 108, 36.3123
89273, 117, 90.7164
89274, 105, 45.349815
89275, 115, 70.53526
89276, 117, 116.63338
89277, 117, 96.69229
89278, 109, 27.915457
89279, 117, 30.58496
89280, 111, 45.342464
89281, 114, 13.206249
89282, 103, 54.147774
89283, 117, 37.30022
89284, 118, 61.700123
89285, 112, 130.79407
89286, 103, 38.66844
89287, 110, 10.439936
89288, 116, 109.70177
89289, 111, 95.124016
89290, 105, 94.03641
89291, 100, 124.9766
89292, 117, 82.53369
89293, 105, 116.82608
89294, 114, 132.08531
89295, 107, 7.387653
89296, 119, 59.477493
89297, 115, 12.023002
89298, 100, 42.775852
89299, 110, 54.394413
89300, 116, 84.30997
89301, 113, 128.68094
89302, 110, 87.86424
89303, 107, 90.75241
89304, 110, 7.846579
89305, 111, 23.577332
89306, 114, 26.227613
89307, 104, 148.31792
89308, 107, 3.26297
89309, 111, 87.4787
89310, 109, 57.771706
89311, 118, 27.438828
89312, 116, 76.88267
89313, 107, 133.88643
89314, 100, 87.873604
89315, 111, 26.7463
89316, 119, 64.57481
89317, 115, 95.946075
89318, 119, 135.29297
89319, 110, 85.35223
89320, 112, 29.373058
89321, 116, 90.06
89322, 110, 1.0089755
89323, 112, 122.01579
89324, 112, 53.85755
89325, 114, 26.07632
89326, 113, 63.489677
89327, 100, 122.274796
89328, 109, 114.12433
89329, 112, 139.73862
89330, 103, 133.64255
89331, 103, 143.02512
89332, 118, 14.387146
89333, 101, 113.58544
89334, 116, 91.524994
89335, 112, 7.2765737
89336, 106, 52.762333
89337, 113, 4.197076
89338, 114, 125.20422
89339, 108, 91.4219
89340, 100, 147.03157
89341, 111, 9.672591
89342, 113, 22.038559
89343, 118, 12.878859
89344, 110, 126.75729
89345, 105, 102.190155
89346, 115, 123.48002
89347, 109, 58.603664
89348, 114, 74.96235
89349, 116, 111.93913
89350, 116, 100.38098
89351, 102, 48.33937
89352, 103, 79.71263
89353, 103, 59.21742
89354, 114, 62.21264
89355, 114, 149.34763
89356, 109, 1.5957177
89357, 105, 26.960733
89358, 108, 28.86333
89359, 108, 43.857193
89360, 103, 68.17403
89361, 102, 56.364613
89362, 102, 108.22784
89363, 119, 36.942432
89364, 114, 115.12512
89365, 118, 148.15778
89366, 114, 111.77334
89367, 110, 113.363266
89368, 101, 128.81174
89369, 106, 1.9311368
89370, 109, 7.5857787
89371, 101, 69.52187
89372, 117, 21.209835
89373, 115, 60.10739
89374, 102, 22.34315
89375, 106, 93.34192
89376, 109, 133.83769
89377, 112, 59.407158
89378, 105, 37.139503
89379, 108, 123.8529
89380, 102, 27.752272
89381, 104, 48.88875
89382, 100, 69.25445
89383, 105, 137.40674
89384, 110, 66.87442
89385, 115, 126.66591
89386, 105, 131.36592
89387, 112, 125.164825
89388, 105, 145.90935
89389, 117, 1.3671845
89390, 116, 53.113182
89391, 113, 104.92439
89392, 111, 6.066808
89393, 118, 121.09391
89394, 112, 59.6329
89395, 114, 109.25057
89396, 115, 99.9195
89397, 116, 113.663635
89398, 118, 131.49788
89399, 105, 53.69288
89400, 119, 16.661427
89401, 115, 20.433327
89402, 111, 55.268555
89403, 111, 41.92863
89404, 108, 112.53892
89405, 104, 31.944386
89406, 114, 129.99706
89407, 116, 106.29948
89408, 106, 47.95743
89409, 102, 6.592083
89410, 119, 107.243225
89411, 110, 127.28786
89412, 107, 63.89959
89413, 108, 81.36189
89414, 108, 102.99368
89415, 105, 103.415375
89416, 112, 126.486885
89417, 105, 86.1812
89418, 106, 70.826904
89419, 116, 37.46556
89420, 112, 39.265438
89421, 109, 24.237013
89422, 118, 75.59994
89423, 103, 2.6332498
89424, 103, 77.10845
89425, 112, 129.56744
89426, 119, 43.083946
89427, 119, 1.7944425
89428, 111, 52.64005
89429, 118, 14.428353
89430, 118, 2.4932294
89431, 100, 83.660904
89432, 105, 108.79931
89433, 113, 103.757965
89434, 111, 33.402588
89435, 106, 85.09936
89436, 116, 43.742825
89437, 118, 59.855347
89438, 116, 6.8633437
89439, 111, 0.20351708
89440, 102, 11.2786
89441, 115, 87.04161
89442, 112, 50.488293
89443, 106, 71.137344
89444, 103, 142.26312
89445, 119, 22.622868
89446, 116, 111.453445
89447, 115, 55.72595
89448, 106, 116.22204
89449, 109, 23.702135
89450, 105, 96.44586
89451, 100, 108.78052
89452, 115, 51.66126
89453, 110, 13.360333
89454, 112, 147.66011
89455, 105, 67.94497
89456, 102, 98.15724
89457, 111, 12.143156
89458, 106, 148.57857
89459, 109, 123.76983
89460, 102, 93.50207
89461, 110, 39.634914
89462, 101, 116.297554
89463, 105, 68.85152
89464, 101, 41.414963
89465, 113, 144.90182
89466, 107, 82.69575
89467, 109, 76.488785
89468, 100, 42.196835
89469, 105, 107.72356
89470, 109, 105.66016
89471, 100, 135.41194
89472, 102, 87.20627
89473, 109, 87.405426
89474, 106, 64.96478
89475, 116, 18.942493
89476, 100, 107.457596
89477, 100, 60.40248
89478, 105, 139.582
89479, 110, 22.323185
89480, 102, 59.031193
89481, 108, 143.68318
89482, 114, 80.54314
89483, 115, 41.935738
89484, 101, 133.3701
89485, 106, 80.54054
89486, 104, 17.804708
89487, 115, 131.25694
89488, 100, 47.605392
89489, 106, 137.02222
89490, 117, 103.182014
89491, 104, 84.80733
89492, 113, 68.516304
89493, 105, 79.90675
89494, 113, 117.678406
89495, 102, 121.43747
89496, 108, 29.887453
89497, 104, 56.662766
89498, 108, 66.66222
89499, 118, 92.747536
89500, 116, 92.67978
89501, 116, 55.37229
89502, 103, 130.34744
89503, 117, 68.84691
89504, 104, 19.702568
89505, 109, 38.852943
89506, 104, 68.982635
89507, 113, 13.475525
89508, 107, 92.38845
89509, 100, 107.01917
89510, 107, 101.218605
89511, 115, 129.11783
89512, 108, 133.79
89513, 111, 132.96935
89514, 108, 100.71919
89515, 118, 145.78362
89516, 105, 101.0288
89517, 104, 134.88705
89518, 110, 117.59418
89519, 115, 101.57681
89520, 112, 121.10669
89521, 107, 43.9818
89522, 111, 120.89475
89523, 113, 65.387566
89524, 117, 127.23338
89525, 106, 11.278688
89526, 116, 85.292786
89527, 115, 128.3592
89528, 117, 82.97218
89529, 113, 18.160763
89530, 113, 64.920586
89531, 100, 36.244923
89532, 107, 111.766785
89533, 110, 1.6244888
89534, 109, 1.2953907
89535, 113, 3.0914247
89536, 104, 132.27415
89537, 110, 116.43374
89538, 114, 70.22837
89539, 110, 54.738495
89540, 108, 22.214592
89541, 109, 136.02734
89542, 109, 101.02848
89543, 103, 84.73247
89544, 107, 25.54417
89545, 110, 54.958874
89546, 114, 90.08326
89547, 117, 128.88098
89548, 115, 7.683644
89549, 103, 28.554949
89550, 105, 118.07209
89551, 108, 54.7452
89552, 104, 121.863396
89553, 112, 99.26396
89554, 106, 14.900628
89555, 116, 93.711
89556, 102, 84.231255
89557, 101, 56.448483
89558, 110, 21.098766
89559, 103, 7.9123554
89560, 102, 76.27972
89561, 118, 64.56609
89562, 101, 12.584665
89563, 119, 1.9252181
89564, 118, 81.373184
89565, 115, 104.56085
89566, 107, 95.28521
89567, 111, 12.473496
89568, 110, 12.53821
89569, 110, 119.86753
89570, 100, 79.1417
89571, 111, 110.73313
89572, 105, 149.86124
89573, 100, 36.238827
89574, 112, 78.86658
89575, 115, 86.75369
89576, 107, 72.50622
89577, 107, 66.85165
89578, 115, 111.68341
89579, 106, 127.31729
89580, 106, 92.66191
89581, 113, 80.42634
89582, 107, 101.083786
89583, 110, 105.774704
89584, 109, 95.93402
89585, 118, 14.673561
89586, 106, 148.98648
89587, 111, 68.10513
89588, 118, 131.25945
89589, 111, 140.77777
89590, 116, 121.76099
89591, 116, 120.52409
89592, 115, 123.67037
89593, 104, 66.50783
89594, 112, 27.694399
89595, 109, 67.541306
89596, 110, 59.400227
89597, 101, 41.155888
89598, 114, 87.608925
89599, 103, 120.66208
89600, 114, 62.990456
89601, 106, 140.9126
89602, 109, 78.20597
89603, 105, 22.674885
89604, 109, 67.659515
89605, 114, 2.6174068
89606, 110, 42.474487
89607, 103, 141.31926
89608, 100, 138.51595
89609, 107, 12.239528
89610, 118, 13.8418255
89611, 100, 39.227093
89612, 104, 11.161959
89613, 100, 34.9153
89614, 100, 23.436588
89615, 117, 2.32763
89616, 111, 45.933365
89617, 114, 5.971241
89618, 116, 126.28595
89619, 108, 58.72263
89620, 117, 31.010155
89621, 104, 11.497646
89622, 107, 80.23152
89623, 103, 124.346725
89624, 118, 23.651066
89625, 104, 122.70847
89626, 118, 98.239426
89627, 114, 25.168312
89628, 104, 85.767586
89629, 104, 50.127705
89630, 102, 117.258224
89631, 108, 33.59686
89632, 106, 98.33065
89633, 101, 4.74616
89634, 116, 0.07887483
89635, 103, 75.7404
89636, 119, 62.846695
89637, 106, 10.221916
89638, 119, 120.43181
89639, 116, 20.022324
89640, 108, 61.181473
89641, 100, 2.1003664
89642, 116, 136.85382
89643, 113, 75.47061
89644, 103, 85.53857
89645, 112, 66.57236
89646, 106, 24.868467
89647, 105, 133.49278
89648, 102, 50.440594
89649, 103, 17.37493
89650, 117, 67.52447
89651, 114, 32.484333
89652, 114, 113.13987
89653, 110, 77.89522
89654, 117, 47.38655
89655, 105, 113.5697
89656, 105, 137.90883
89657, 107, 96.67942
89658, 105, 135.61925
89659, 102, 149.41559
89660, 109, 10.5015545
89661, 100, 46.804913
89662, 117, 124.38299
89663, 106, 66.146866
89664, 107, 44.67985
89665, 112, 22.279957
89666, 108, 4.2533755
89667, 104, 114.74533
89668, 115, 3.1089215
89669, 117, 7.050839
89670, 108, 130.89075
89671, 102, 84.8257
89672, 102, 132.89258
89673, 117, 10.944557
89674, 103, 141.67934
89675, 111, 55.477352
89676, 114, 54.067646
89677, 107, 119.42981
89678, 119, 36.9605
89679, 106, 109.538635
89680, 103, 121.95059
89681, 118, 118.78743
89682, 106, 49.363018
89683, 107, 5.4838033
89684, 112, 30.958057
89685, 115, 45.070614
89686, 105, 24.474005
89687, 114, 129.71906
89688, 115, 88.87563
89689, 104, 73.46196
89690, 104, 95.0717
89691, 111, 44.004482
89692, 115, 94.91814
89693, 113, 6.4475207
89694, 104, 20.949045
89695, 117, 38.607388
89696, 101, 19.42277
89697, 103, 3.9870949
89698, 117, 22.696772
89699, 101, 90.88716
89700, 103, 87.55785
89701, 117, 74.14015
89702, 104, 127.25796
89703, 107, 96.757614
89704, 115, 27.53547
89705, 108, 145.2954
89706, 108, 14.099336
89707, 113, 43.21452
89708, 100, 92.67216
89709, 111, 91.1014
89710, 107, 101.72992
89711, 115, 62.775673
89712, 111, 55.665627
89713, 116, 51.75494
89714, 117, 54.04964
89715, 103, 19.607073
89716, 115, 64.162125
89717, 116, 79.695366
89718, 104, 139.4761
89719, 107, 65.228424
89720, 103, 43.023106
89721, 101, 149.3817
89722, 103, 6.375995
89723, 115, 73.825806
89724, 100, 146.25237
89725, 113, 114.32035
89726, 108, 87.93469
89727, 111, 123.820564
89728, 113, 86.93634
89729, 109, 89.94618
89730, 118, 86.696846
89731, 117, 97.248566
89732, 119, 79.436455
89733, 103, 86.81328
89734, 116, 7.4404387
89735, 102, 37.834015
89736, 119, 67.202065
89737, 102, 133.43694
89738, 118, 112.886284
89739, 107, 126.71773
89740, 111, 92.206856
89741, 105, 6.5963745
89742, 110, 124.498474
89743, 118, 38.4524
89744, 117, 81.38225
89745, 119, 102.983894
89746, 100, 143.60495
89747, 113, 109.96695
89748, 102, 62.1576
89749, 107, 92.89924
89750, 112, 127.532875
89751, 119, 149.44435
89752, 106, 33.548374
89753, 104, 45.62643
89754, 109, 3.661126
89755, 109, 137.69452
89756, 113, 37.188362
89757, 109, 42.55912
89758, 106, 140.44806
89759, 107, 1.4424384
89760, 106, 98.55798
89761, 106, 137.4093
89762, 112, 10.922447
89763, 113, 121.35949
89764, 105, 60.565887
89765, 104, 147.58641
89766, 107, 118.06224
89767, 113, 142.13608
89768, 104, 93.72835
89769, 106, 24.3671
89770, 116, 120.306206
89771, 118, 123.992424
89772, 106, 134.27875
89773, 103, 127.21824
89774, 107, 85.18498
89775, 111, 6.190583
89776, 101, 94.532196
89777, 111, 18.355814
89778, 114, 29.77083
89779, 101, 125.57294
89780, 118, 101.49836
89781, 119, 133.83215
89782, 100, 144.74026
89783, 112, 87.24106
89784, 117, 141.42299
89785, 113, 67.550766
89786, 110, 19.785305
89787, 111, 67.96514
89788, 118, 58.037067
89789, 111, 6.049928
89790, 116, 86.900055
89791, 116, 133.36963
89792, 102, 5.151236
89793, 112, 44.109196
89794, 118, 138.40051
89795, 118, 28.492086
89796, 117, 115.80729
89797, 117, 39.128727
89798, 101, 124.268745
89799, 115, 41.43601
89800, 117, 73.71221
89801, 102, 67.666
89802, 106, 139.42445
89803, 114, 136.16411
89804, 102, 55.91839
89805, 110, 13.64277
89806, 116, 139.60945
89807, 106, 1.665169
89808, 110, 1.4176279
89809, 109, 108.16345
89810, 110, 99.653435
89811, 116, 119.1459
89812, 112, 91.19702
89813, 115, 74.90023
89814, 113, 52.291275
89815, 101, 108.75352
89816, 110, 140.16571
89817, 115, 20.92511
89818, 102, 85.33227
89819, 100, 44.625896
89820, 111, 148.39131
89821, 108, 57.54758
89822, 112, 80.964485
89823, 110, 82.27197
89824, 101, 127.91416
89825, 117, 55.313534
89826, 100, 33.904766
89827, 106, 105.36948
89828, 101, 4.2466345
89829, 114, 6.0027304
89830, 119, 122.47383
89831, 108, 23.723103
89832, 106, 15.405768
89833, 103, 34.306213
89834, 109, 140.90329
89835, 117, 127.559944
89836, 101, 72.387215
89837, 114, 9.869188
89838, 105, 62.739597
89839, 101, 119.90576
89840, 100, 53.35746
89841, 110, 8.383835
89842, 109, 2.364108
89843, 101, 73.78546
89844, 101, 126.22886
89845, 102, 108.462296
89846, 102, 108.619995
89847, 112, 26.934752
89848, 105, 78.31661
89849, 119, 13.841334
89850, 106, 133.2758
89851, 105, 64.998276
89852, 109, 126.827385
89853, 103, 101.710945
89854, 102, 4.2739034
89855, 116, 23.602654
89856, 103, 55.679592
89857, 103, 113.19766
89858, 105, 39.40749
89859, 104, 47.735016
89860, 100, 25.682062
89861, 109, 20.412647
89862, 117, 41.690567
89863, 112, 2.50445
89864, 100, 49.4896
89865, 118, 50.341408
89866, 115, 88.91801
89867, 106, 131.08133
89868, 116, 91.66541
89869, 111, 141.7507
89870, 104, 129.93713
89871, 114, 59.33546
89872, 110, 89.90173
89873, 115, 78.30102
89874, 112, 31.28678
89875, 110, 15.335933
89876, 104, 50.28152
89877, 116, 3.9678721
89878, 105, 77.64998
89879, 105, 144.8942
89880, 113, 148.02344
89881, 115, 7.085413
89882, 111, 33.369095
89883, 104, 35.142963
89884, 101, 82.98231
89885, 106, 28.023014
89886, 107, 17.066101
89887, 108, 61.95717
89888, 100, 145.87416
89889, 102, 138.15111
89890, 101, 8.849663
89891, 101, 143.1907
89892, 117, 129.69847
89893, 110, 94.06938
89894, 112, 21.91498
89895, 114, 146.03694
89896, 113, 147.81021
89897, 100, 21.555832
89898, 100, 101.97581
89899, 108, 114.22856
89900, 116, 24.103474
89901, 118, 119.97891
89902, 105, 111.05816
89903, 106, 29.480526
89904, 119, 30.16956
89905, 108, 36.734283
89906, 114, 139.9663
89907, 114, 59.11677
89908, 118, 15.074184
89909, 107, 147.09842
89910, 108, 53.38784
89911, 109, 1.733458
89912, 114, 77.836006
89913, 102, 142.95264
89914, 116, 110.697205
89915, 100, 64.37417
89916, 113, 0.23007989
89917, 116, 109.341805
89918, 109, 1.2499094
89919, 115, 37.025337
89920, 118, 98.88299
89921, 100, 22.83428
89922, 119, 71.22668
89923, 105, 149.0049
89924, 105, 134.5801
89925, 115, 90.967354
89926, 100, 73.05674
89927, 115, 101.27621
89928, 108, 107.92835
89929, 116, 122.18528
89930, 114, 19.504353
89931, 113, 85.16301
89932, 107, 91.006645
89933, 105, 81.86963
89934, 116, 49.55264
89935, 103, 67.975975
89936, 112, 127.38769
89937, 103, 86.85067
89938, 103, 100.766235
89939, 106, 116.13392
89940, 115, 15.360653
89941, 118, 93.38712
89942, 114, 3.825572
89943, 107, 133.96214
89944, 119, 19.473267
89945, 102, 85.36148
89946, 119, 114.97822
89947, 115, 83.918365
89948, 110, 85.088425
89949, 103, 66.51083
89950, 106, 54.39112
89951, 115, 33.813293
89952, 115, 96.727554
89953, 118, 90.91848
89954, 115, 54.995083
89955, 116, 5.5992723
89956, 104, 87.346596
89957, 114, 126.71164
89958, 113, 69.83714
89959, 100, 49.33963
89960, 102, 31.207306
89961, 118, 73.72847
89962, 119, 73.29025
89963, 103, 146.58669
89964, 115, 128.02309
89965, 106, 24.822458
89966, 103, 37.55058
89967, 114, 93.6077
89968, 102, 147.48967
89969, 118, 112.22795
89970, 101, 24.178076
89971, 112, 5.8015733
89972, 108, 38.451817
89973, 101, 53.567104
89974, 101, 15.350318
89975, 108, 12.616128
89976, 111, 119.8664
89977, 112, 10.029137
89978, 103, 110.04442
89979, 100, 68.07074
89980, 119, 43.597786
89981, 119, 89.544
89982, 117, 103.56512
89983, 119, 30.988008
89984, 107, 44.581844
89985, 102, 15.941199
89986, 119, 139.42581
89987, 112, 0.99797845
89988, 119, 37.205894
89989, 112, 12.687126
89990, 109, 134.53719
89991, 100, 120.92898
89992, 104, 0.4388094
89993, 100, 95.135086
89994, 113, 135.64066
89995, 116, 24.429193
89996, 102, 130.43617
89997, 110, 54.052048
89998, 114, 104.019196
89999, 108, 95.669174
90000, 107, 56.230743
90001, 109, 19.365513
90002, 109, 56.222507
90003, 113, 51.704926
90004, 109, 85.73431
90005, 110, 134.32245
90006, 111, 62.724594
90007, 106, 129.92804
90008, 104, 114.34248
90009, 119, 8.543748
90010, 117, 4.9922347
90011, 102, 12.620822
90012, 107, 87.504425
90013, 116, 78.237305
90014, 107, 0.6747544
90015, 106, 119.48807
90016, 112, 117.95783
90017, 111, 133.08559
90018, 111, 144.23734
90019, 107, 49.257446
90020, 111, 86.24221
90021, 116, 134.9021
90022, 117, 14.624655
90023, 101, 108.02697
90024, 111, 62.368263
90025, 102, 122.54978
90026, 108, 78.5367
90027, 102, 120.86109
90028, 115, 148.59846
90029, 113, 77.49788
90030, 118, 42.052048
90031, 118, 137.81511
90032, 117, 13.969472
90033, 108, 54.540386
90034, 103, 118.236824
90035, 107, 100.51895
90036, 113, 138.55872
90037, 111, 119.75728
90038, 111, 71.95905
90039, 100, 57.477825
90040, 119, 0.8066118
90041, 115, 37.7559
90042, 116, 20.994347
90043, 116, 120.11688
90044, 113, 67.37241
90045, 104, 69.42378
90046, 119, 4.921335
90047, 105, 127.42342
90048, 114, 106.70774
90049, 118, 27.83752
90050, 100, 42.08751
90051, 100, 5.3890495
90052, 118, 59.55761
90053, 113, 47.490074
90054, 107, 100.77298
90055, 102, 72.18056
90056, 103, 80.343254
90057, 113, 14.857158
90058, 118, 55.263332
90059, 108, 74.58191
90060, 109, 15.487996
90061, 118, 3.5286517
90062, 111, 79.12556
90063, 116, 25.886177
90064, 100, 6.8474917
90065, 107, 37.22509
90066, 108, 67.40752
90067, 100, 76.87299
90068, 118, 4.211444
90069, 103, 88.95638
90070, 109, 9.371307
90071, 119, 131.10526
90072, 100, 116.84334
90073, 107, 32.883453
90074, 119, 51.829693
90075, 113, 18.593082
90076, 119, 68.9956
90077, 105, 58.285618
90078, 108, 32.95042
90079, 107, 133.37338
90080, 111, 56.176186
90081, 105, 45.255707
90082, 111, 65.89389
90083, 119, 15.158165
90084, 111, 35.91866
90085, 108, 64.41973
90086, 109, 60.720573
90087, 114, 80.701866
90088, 103, 57.960472
90089, 110, 138.21269
90090, 113, 72.17663
90091, 118, 23.802244
90092, 107, 120.67789
90093, 116, 145.31781
90094, 106, 46.626877
90095, 100, 93.25019
90096, 113, 102.5867
90097, 114, 64.12042
90098, 116, 123.18473
90099, 111, 147.81146
90100, 105, 120.682175
90101, 102, 89.01904
90102, 118, 26.219765
90103, 118, 144.85413
90104, 115, 134.84511
90105, 100, 68.90972
90106, 118, 108.75725
90107, 100, 38.018436
90108, 101, 53.465446
90109, 108, 39.022358
90110, 118, 98.00916
90111, 102, 54.713924
90112, 118, 78.57066
90113, 115, 57.680172
90114, 108, 30.59316
90115, 113, 90.15313
90116, 113, 60.714252
90117, 105, 36.750904
90118, 116, 39.573257
90119, 106, 75.1995
90120, 117, 99.80802
90121, 100, 21.386253
90122, 110, 45.29323
90123, 119, 132.95284
90124, 114, 40.99311
90125, 113, 7.7504396
90126, 113, 3.2603145
90127, 112, 144.43127
90128, 114, 97.57484
90129, 114, 67.85619
90130, 106, 9.801748
90131, 106, 126.617256
90132, 110, 87.30592
90133, 116, 12.401345
90134, 115, 90.76825
90135, 109, 6.073013
90136, 107, 141.8961
90137, 118, 116.442245
90138, 115, 95.154976
90139, 118, 33.811356
90140, 109, 56.08177
90141, 111, 66.255844
90142, 103, 94.89752
90143, 102, 101.72387
90144, 113, 111.229126
90145, 110, 105.256035
90146, 113, 18.880999
90147, 103, 21.679874
90148, 106, 121.25735
90149, 106, 58.433407
90150, 112, 101.17399
90151, 113, 47.7543
90152, 111, 95.1234
90153, 111, 88.26072
90154, 117, 28.1153
90155, 106, 129.70538
90156, 102, 127.31021
90157, 117, 94.29996
90158, 102, 117.69677
90159, 115, 37.950798
90160, 115, 11.354676
90161, 115, 64.09231
90162, 117, 58.730793
90163, 107, 99.92228
90164, 101, 37.95942
90165, 107, 117.474075
90166, 105, 62.336628
90167, 100, 38.740227
90168, 115, 11.308765
90169, 103, 74.26987
90170, 119, 76.58838
90171, 101, 76.000725
90172, 119, 64.51841
90173, 116, 23.483599
90174, 113, 116.80642
90175, 105, 32.630352
90176, 112, 32.856255
90177, 113, 38.54676
90178, 102, 82.04256
90179, 113, 99.68953
90180, 108, 57.16634
90181, 100, 18.07065
90182, 107, 10.305012
90183, 114, 142.86455
90184, 100, 74.78163
90185, 119, 100.63086
90186, 111, 144.34378
90187, 113, 101.81984
90188, 113, 78.973915
90189, 116, 26.4541
90190, 118, 80.77028
90191, 110, 32.533077
90192, 108, 70.71161
90193, 101, 98.18227
90194, 100, 34.120407
90195, 108, 141.99577
90196, 103, 120.656975
90197, 100, 56.26477
90198, 116, 58.41397
90199, 104, 143.81627
90200, 102, 21.026802
90201, 118, 90.20177
90202, 115, 18.92065
90203, 113, 107.519356
90204, 105, 86.88686
90205, 108, 6.1933994
90206, 103, 149.93605
90207, 116, 18.60433
90208, 115, 20.986748
90209, 116, 138.32094
90210, 109, 143.56873
90211, 118, 131.68321
90212, 118, 10.277107
90213, 113, 124.327065
90214, 113, 96.6182
90215, 107, 62.070404
90216, 110, 72.451355
90217, 114, 129.75552
90218, 113, 129.88863
90219, 107, 16.572618
90220, 107, 83.35825
90221, 101, 35.332714
90222, 115, 117.655716
90223, 102, 78.28459
90224, 112, 106.46135
90225, 106, 64.95833
90226, 114, 12.530261
90227, 113, 4.659927
90228, 119, 56.933712
90229, 104, 103.844055
90230, 108, 48.323948
90231, 112, 32.659203
90232, 102, 12.060365
90233, 118, 15.415049
90234, 115, 111.60881
90235, 111, 49.78052
90236, 107, 46.546303
90237, 117, 40.125866
90238, 108, 70.01301
90239, 103, 44.08974
90240, 116, 68.95592
90241, 114, 30.486864
90242, 100, 58.88991
90243, 116, 17.049747
90244, 109, 141.47272
90245, 100, 10.931459
90246, 114, 57.380043
90247, 101, 62.064888
90248, 109, 8.933624
90249, 110, 141.92368
90250, 106, 41.369865
90251, 116, 77.12708
90252, 113, 35.97015
90253, 111, 121.24054
90254, 112, 85.70086
90255, 110, 107.5708
90256, 102, 40.544594
90257, 116, 94.13276
90258, 100, 62.000656
90259, 101, 18.646591
90260, 116, 43.883533
90261, 101, 111.18942
90262, 116, 17.652931
90263, 101, 74.37499
90264, 107, 144.00925
90265, 118, 148.63751
90266, 106, 107.68668
90267, 114, 147.02504
90268, 109, 103.23997
90269, 101, 52.815773
90270, 107, 124.65913
90271, 116, 131.08269
90272, 114, 86.1669
90273, 106, 79.487114
90274, 116, 41.57025
90275, 113, 81.7328
90276, 116, 49.790695
90277, 115, 72.842804
90278, 111, 12.600472
90279, 109, 63.869423
90280, 118, 96.62164
90281, 102, 145.84991
90282, 106, 143.9761
90283, 103, 8.823055
90284, 109, 10.204223
90285, 108, 119.57468
90286, 105, 88.71817
90287, 110, 50.926174
90288, 113, 123.09266
90289, 111, 55.913197
90290, 101, 88.11887
90291, 102, 100.75389
90292, 104, 134.02423
90293, 106, 7.503721
90294, 109, 132.93336
90295, 111, 147.96194
90296, 115, 51.746597
90297, 116, 28.967518
90298, 102, 0.8605242
90299, 105, 9.411085
90300, 110, 92.54758
90301, 102, 23.031744
90302, 114, 103.60251
90303, 114, 128.47427
90304, 107, 144.31168
90305, 117, 140.17511
90306, 110, 14.871552
90307, 116, 18.337906
90308, 101, 34.187447
90309, 116, 24.85646
90310, 108, 3.4946501
90311, 118, 21.118221
90312, 105, 51.82839
90313, 109, 86.033035
90314, 101, 54.547005
90315, 118, 85.94314
90316, 105, 12.086114
90317, 108, 30.561886
90318, 117, 31.568903
90319, 107, 66.7388
90320, 101, 109.89912
90321, 101, 43.411957
90322, 112, 41.58639
90323, 109, 103.481995
90324, 105, 57.76264
90325, 106, 91.62021
90326, 106, 140.38788
90327, 106, 142.64067
90328, 106, 116.3888
90329, 109, 55.62611
90330, 119, 113.39415
90331, 109, 69.87451
90332, 106, 11.547947
90333, 116, 110.85231
90334, 100, 4.5281944
90335, 111, 135.42953
90336, 108, 40.721325
90337, 108, 1.0147065
90338, 108, 6.9951386
90339, 118, 124.0757
90340, 104, 114.84266
90341, 111, 40.75776
90342, 110, 34.003597
90343, 119, 139.83441
90344, 108, 109.05189
90345, 103, 101.23435
90346, 118, 86.10094
90347, 108, 109.10034
90348, 102, 8.308733
90349, 113, 19.58617
90350, 108, 84.31048
90351, 113, 78.84624
90352, 102, 39.41853
90353, 102, 18.575836
90354, 111, 79.93289
90355, 101, 53.621803
90356, 115, 141.38895
90357, 115, 62.10461
90358, 110, 93.960686
90359, 115, 14.635715
90360, 110, 131.96352
90361, 103, 86.82624
90362, 109, 143.77458
90363, 117, 124.80316
90364, 102, 3.96038
90365, 105, 103.389145
90366, 110, 62.787212
90367, 112, 58.699
90368, 106, 124.41694
90369, 103, 117.11203
90370, 111, 144.99905
90371, 109, 25.587496
90372, 117, 109.71983
90373, 105, 131.72595
90374, 118, 95.93769
90375, 104, 91.693954
90376, 109, 60.326984
90377, 117, 70.92815
90378, 111, 36.6402
90379, 113, 21.458763
90380, 110, 131.30655
90381, 117, 88.33414
90382, 106, 107.82228
90383, 115, 21.217499
90384, 104, 46.2297
90385, 115, 92.709526
90386, 100, 1.3048857
90387, 100, 5.2772284
90388, 108, 53.169636
90389, 113, 143.30171
90390, 102, 38.57522
90391, 105, 47.663624
90392, 116, 1.5260339
90393, 101, 76.2682
90394, 119, 124.059456
90395, 104, 134.62956
90396, 114, 0.07958114
90397, 100, 19.68906
90398, 118, 98.08293
90399, 114, 32.100792
90400, 118, 20.344654
90401, 108, 23.78733
90402, 109, 108.77746
90403, 108, 101.93958
90404, 108, 134.04013
90405, 118, 70.73948
90406, 106, 15.111476
90407, 101, 63.071026
90408, 102, 119.69432
90409, 103, 110.67238
90410, 119, 15.596715
90411, 117, 140.78763
90412, 114, 149.37292
90413, 102, 138.08675
90414, 100, 115.57768
90415, 104, 75.23642
90416, 108, 147.94281
90417, 113, 73.91049
90418, 104, 26.674738
90419, 106, 5.2874207
90420, 102, 111.815346
90421, 109, 132.92589
90422, 116, 130.3531
90423, 119, 71.10162
90424, 115, 124.155876
90425, 103, 105.57144
90426, 112, 40.773384
90427, 118, 66.3674
90428, 119, 149.55528
90429, 118, 27.417326
90430, 107, 60.245518
90431, 109, 95.76467
90432, 111, 81.847275
90433, 117, 98.8821
90434, 111, 4.124746
90435, 108, 28.325521
90436, 117, 19.057318
90437, 106, 149.23592
90438, 111, 40.8191
90439, 105, 98.94235
90440, 101, 91.23177
90441, 112, 81.5408
90442, 113, 117.7645
90443, 117, 145.19196
90444, 102, 147.64244
90445, 105, 137.18936
90446, 105, 39.20365
90447, 101, 118.97939
90448, 103, 113.92295
90449, 100, 64.0632
90450, 107, 144.59839
90451, 107, 94.9717
90452, 103, 40.944244
90453, 106, 65.94417
90454, 101, 92.28908
90455, 112, 145.36797
90456, 118, 112.27424
90457, 116, 115.54146
90458, 104, 80.28845
90459, 102, 75.8226
90460, 100, 2.762988
90461, 116, 57.067654
90462, 116, 101.006195
90463, 106, 87.656944
90464, 113, 51.257156
90465, 103, 28.315857
90466, 109, 131.2967
90467, 100, 144.01466
90468, 119, 51.74277
90469, 114, 145.93718
90470, 101, 25.980305
90471, 113, 76.74521
90472, 112, 88.77527
90473, 111, 2.5255144
90474, 102, 34.069668
90475, 107, 71.74183
90476, 103, 128.68256
90477, 107, 44.631786
90478, 111, 67.48783
90479, 100, 120.76654
90480, 104, 9.50489
90481, 116, 139.61072
90482, 110, 107.67198
90483, 110, 47.94109
90484, 114, 76.7886
90485, 119, 133.5354
90486, 102, 82.68607
90487, 114, 62.678032
90488, 106, 125.06441
90489, 105, 147.13551
90490, 109, 15.380653
90491, 106, 63.021244
90492, 104, 56.972416
90493, 119, 94.07238
90494, 106, 124.83652
90495, 117, 139.22385
90496, 106, 79.659615
90497, 107, 103.98485
90498, 115, 0.90500414
90499, 101, 103.25906
90500, 109, 10.829168
90501, 103, 40.22042
90502, 106, 89.61062
90503, 115, 42.261
90504, 111, 105.26054
90505, 111, 15.219712
90506, 119, 49.939575
90507, 115, 70.899574
90508, 105, 73.06588
90509, 112, 14.962784
90510, 105, 44.477455
90511, 105, 65.988235
90512, 104, 21.647491
90513, 112, 107.81593
90514, 117, 39.191116
90515, 108, 126.408104
90516, 102, 12.260673
90517, 118, 18.779512
90518, 102, 144.25331
90519, 114, 61.464573
90520, 114, 13.19916
90521, 106, 15.174347
90522, 118, 14.984027
90523, 100, 86.98783
90524, 105, 146.48793
90525, 117, 84.915276
90526, 100, 108.35086
90527, 108, 80.25863
90528, 115, 82.543755
90529, 100, 124.012726
90530, 105, 7.4204116
90531, 110, 67.50962
90532, 119, 90.37997
90533, 107, 135.64496
90534, 101, 131.13803
90535, 118, 7.9354944
90536, 110, 108.860504
90537, 102, 117.867546
90538, 107, 24.58191
90539, 105, 101.0145
90540, 112, 45.8441
90541, 107, 80.91627
90542, 100, 132.74124
90543, 110, 48.726547
90544, 110, 105.6544
90545, 101, 114.05052
90546, 102, 27.093046
90547, 119, 48.522724
90548, 110, 118.41184
90549, 109, 67.788765
90550, 119, 56.225815
90551, 101, 58.68314
90552, 117, 21.098497
90553, 113, 7.58543
90554, 110, 132.96281
90555, 114, 0.48606992
90556, 107, 86.17934
90557, 110, 25.168974
90558, 107, 139.85384
90559, 108, 113.21296
90560, 116, 5.7006865
90561, 118, 145.21771
90562, 116, 34.567326
90563, 109, 138.33496
90564, 107, 14.44011
90565, 116, 113.87262
90566, 110, 71.055916
90567, 106, 131.30551
90568, 105, 142.89746
90569, 101, 126.77776
90570, 119, 118.881134
90571, 107, 37.635292
90572, 104, 9.928599
90573, 106, 84.11157
90574, 106, 62.636707
90575, 101, 14.194929
90576, 105, 71.07774
90577, 115, 71.9677
90578, 100, 120.44042
90579, 115, 101.9832
90580, 101, 61.574078
90581, 102, 8.841777
90582, 118, 75.04174
90583, 113, 86.34395
90584, 104, 137.14458
90585, 108, 81.12812
90586, 117, 141.66661
90587, 102, 109.384026
90588, 119, 49.318295
90589, 115, 31.656092
90590, 114, 1.1654466
90591, 117, 146.57503
90592, 113, 126.25319
90593, 110, 25.194016
90594, 112, 34.58324
90595, 106, 92.205925
90596, 104, 50.07946
90597, 114, 55.831818
90598, 107, 83.54333
90599, 111, 51.06341
90600, 114, 145.9586
90601, 111, 110.2089
90602, 113, 64.76199
90603, 106, 110.92772
90604, 119, 110.62353
90605, 115, 68.29191
90606, 116, 113.65929
90607, 105, 52.68623
90608, 114, 41.95236
90609, 118, 14.854762
90610, 108, 125.02364
90611, 119, 71.676956
90612, 118, 30.466282
90613, 117, 82.75718
90614, 117, 59.90382
90615, 112, 65.04343
90616, 114, 120.65339
90617, 110, 91.7798
90618, 119, 75.95081
90619, 103, 135.48868
90620, 104, 116.7259
90621, 118, 67.9039
90622, 118, 85.42087
90623, 110, 53.070107
90624, 119, 111.133354
90625, 105, 22.855515
90626, 111, 72.070465
90627, 106, 76.44498
90628, 114, 111.02203
90629, 110, 84.341805
90630, 113, 148.02637
90631, 113, 32.71154
90632, 116, 98.15326
90633, 109, 146.84764
90634, 109, 35.530384
90635, 100, 52.99303
90636, 106, 67.967
90637, 113, 19.637043
90638, 116, 33.593292
90639, 102, 55.74316
90640, 100, 127.864265
90641, 101, 65.8229
90642, 116, 80.64562
90643, 115, 38.185753
90644, 105, 59.8196
90645, 118, 38.55908
90646, 108, 62.16156
90647, 116, 131.9682
90648, 107, 144.95302
90649, 108, 14.950678
90650, 119, 89.83163
90651, 113, 144.42783
90652, 103, 114.06957
90653, 117, 98.77473
90654, 117, 110.31644
90655, 103, 140.04048
90656, 115, 79.25242
90657, 112, 95.73596
90658, 108, 48.99828
90659, 110, 94.65011
90660, 101, 44.479145
90661, 110, 97.77484
90662, 118, 114.65999
90663, 110, 39.246048
90664, 110, 57.60103
90665, 103, 45.060898
90666, 107, 108.111664
90667, 109, 136.43335
90668, 117, 31.811464
90669, 101, 103.90324
90670, 119, 135.3556
90671, 112, 13.466674
90672, 109, 149.85382
90673, 112, 127.55986
90674, 100, 43.1685
90675, 118, 55.12824
90676, 115, 46.01106
90677, 114, 139.13182
90678, 100, 96.65439
90679, 115, 105.55007
90680, 109, 35.228535
90681, 112, 52.969505
90682, 104, 76.28044
90683, 116, 56.34909
90684, 117, 111.45486
90685, 103, 125.618065
90686, 116, 104.858406
90687, 116, 78.90752
90688, 111, 92.48352
90689, 111, 112.89811
90690, 116, 11.174557
90691, 115, 23.684004
90692, 106, 15.974987
90693, 112, 3.9582431
90694, 102, 104.15303
90695, 105, 143.15974
90696, 105, 29.524586
90697, 108, 70.68159
90698, 100, 135.95172
90699, 106, 109.500885
90700, 114, 97.28634
90701, 107, 96.49127
90702, 111, 30.030155
90703, 111, 10.132393
90704, 112, 19.989458
90705, 117, 35.599422
90706, 114, 0.51799715
90707, 117, 146.1578
90708, 118, 88.18038
90709, 100, 137.6709
90710, 107, 25.322645
90711, 118, 105.19846
90712, 114, 67.6884
90713, 100, 59.954597
90714, 118, 18.396065
90715, 104, 90.41473
90716, 101, 146.9316
90717, 104, 51.791695
90718, 108, 129.1313
90719, 112, 138.28214
90720, 118, 18.405972
90721, 102, 147.78345
90722, 119, 89.62697
90723, 116, 105.87689
90724, 112, 90.41857
90725, 113, 126.03569
90726, 111, 117.245926
90727, 107, 111.59016
90728, 109, 108.674866
90729, 111, 97.12947
90730, 104, 4.4089346
90731, 102, 37.167057
90732, 116, 53.466118
90733, 108, 49.414085
90734, 112, 1.2571156
90735, 106, 94.2565
90736, 102, 64.789894
90737, 111, 41.684765
90738, 101, 62.15137
90739, 112, 11.7364435
90740, 109, 113.0622
90741, 113, 73.96338
90742, 105, 13.757792
90743, 110, 119.23956
90744, 105, 69.828705
90745, 114, 36.560925
90746, 100, 143.28111
90747, 100, 125.11933
90748, 111, 58.780502
90749, 115, 4.976633
90750, 107, 147.99034
90751, 103, 47.216694
90752, 107, 130.39694
90753, 105, 11.309346
90754, 112, 70.21128
90755, 109, 42.183136
90756, 108, 2.562815
90757, 104, 89.50311
90758, 108, 16.770288
90759, 116, 17.416637
90760, 113, 71.84254
90761, 104, 10.572016
90762, 101, 88.55986
90763, 111, 47.41127
90764, 114, 54.91763
90765, 113, 136.99983
90766, 114, 113.31951
90767, 114, 63.32861
90768, 101, 146.62679
90769, 107, 56.45131
