11240, 115, 80.72981
11241, 105, 84.420044
11242, 105, 35.448467
11243, 108, 53.685207
11244, 105, 27.103338
11245, 117, 85.61923
11246, 111, 102.43576
11247, 107, 148.53667
11248, 102, 96.664154
11249, 107, 90.515396
11250, 109, 133.25795
11251, 107, 7.7197104
11252, 111, 139.75917
11253, 105, 89.63129
11254, 117, 139.02942
11255, 112, 85.66453
11256, 106, 132.04228
11257, 118, 61.309166
11258, 111, 103.66218
11259, 112, 98.52015
11260, 107, 41.83789
11261, 114, 120.28238
11262, 109, 119.02483
11263, 113, 71.0679
11264, 115, 34.058502
11265, 103, 42.51457
11266, 107, 81.16609
11267, 106, 84.520294
11268, 119, 92.02617
11269, 108, 3.7456422
11270, 117, 54.691566
11271, 114, 80.36088
11272, 107, 147.39659
11273, 112, 12.546381
11274, 113, 26.58188
11275, 106, 42.85652
11276, 116, 21.949142
11277, 113, 83.23735
11278, 103, 127.3892
11279, 118, 78.21371
11280, 114, 115.7919
11281, 106, 52.818863
11282, 114, 39.33816
11283, 103, 121.265175
11284, 106, 19.644445
11285, 111, 42.849434
11286, 102, 18.068521
11287, 111, 88.526886
11288, 104, 62.89118
11289, 101, 91.88216
11290, 111, 42.023697
11291, 118, 108.43141
11292, 105, 57.710686
11293, 107, 96.23842
11294, 111, 12.862292
11295, 116, 3.5297155
11296, 104, 53.222313
11297, 109, 32.359486
11298, 103, 107.879486
11299, 104, 120.550606
11300, 109, 23.478306
11301, 119, 82.69357
11302, 103, 36.499794
11303, 103, 89.385155
11304, 110, 101.69146
11305, 116, 143.56618
11306, 111, 73.678894
11307, 112, 109.99452
11308, 115, 77.914276
11309, 119, 10.635138
11310, 114, 83.64121
11311, 118, 110.75828
11312, 119, 69.04174
11313, 119, 22.8791
11314, 108, 138.54077
11315, 110, 130.36188
11316, 118, 118.6412
11317, 109, 14.744693
11318, 107, 102.13862
11319, 112, 85.03144
11320, 114, 119.25622
11321, 111, 27.187809
11322, 115, 61.08908
11323, 107, 99.375
11324, 111, 34.528496
11325, 116, 35.545956
11326, 118, 47.695827
11327, 117, 63.37402
11328, 116, 92.1304
11329, 113, 121.58631
11330, 115, 107.999886
11331, 108, 76.57782
11332, 106, 117.326515
11333, 108, 49.79836
11334, 109, 4.230228
11335, 107, 124.81376
11336, 113, 79.892075
11337, 116, 3.2084494
11338, 100, 138.8719
11339, 107, 145.68523
11340, 119, 18.997416
11341, 109, 0.96280575
11342, 114, 93.67093
11343, 114, 92.78162
11344, 115, 16.624779
11345, 104, 146.20589
11346, 110, 100.3739
11347, 115, 85.12575
11348, 112, 69.74681
11349, 104, 94.697556
11350, 106, 73.23487
11351, 114, 19.330824
11352, 119, 50.452297
11353, 113, 47.487213
11354, 109, 44.059242
11355, 113, 22.317482
11356, 117, 11.142442
11357, 113, 75.591194
11358, 112, 110.36051
11359, 104, 128.06288
11360, 112, 98.965675
11361, 110, 72.167625
11362, 105, 84.56816
11363, 100, 119.83347
11364, 112, 70.808395
11365, 106, 133.32568
11366, 118, 78.059685
11367, 105, 45.69826
11368, 111, 120.0365
11369, 101, 13.283237
11370, 100, 66.91143
11371, 119, 56.152966
11372, 100, 57.46699
11373, 104, 134.96698
11374, 117, 95.650826
11375, 105, 104.50438
11376, 107, 148.7706
11377, 110, 26.920572
11378, 102, 138.50163
11379, 101, 4.4285955
11380, 104, 53.05785
11381, 110, 44.370274
11382, 105, 1.3383865
11383, 112, 10.813138
11384, 100, 48.937717
11385, 109, 48.75261
11386, 104, 17.003103
11387, 105, 117.85364
11388, 102, 41.29969
11389, 118, 135.81717
11390, 103, 61.793858
11391, 100, 47.543182
11392, 115, 47.1595
11393, 112, 146.96983
11394, 106, 16.705147
11395, 102, 64.65578
11396, 116, 96.175476
11397, 115, 59.8855
11398, 104, 82.290215
11399, 102, 90.38587
11400, 106, 91.06666
11401, 104, 79.57721
11402, 108, 102.08103
11403, 100, 145.45183
11404, 105, 8.106476
11405, 116, 124.67619
11406, 117, 116.64091
11407, 117, 111.2736
11408, 119, 5.2368073
11409, 119, 130.03487
11410, 100, 148.08528
11411, 105, 98.639206
11412, 119, 32.925125
11413, 105, 91.8889
11414, 117, 17.650366
11415, 108, 73.57417
11416, 106, 35.792168
11417, 109, 4.198962
11418, 116, 81.50789
11419, 107, 6.1035814
11420, 116, 141.06445
11421, 100, 65.49897
11422, 112, 85.181854
11423, 112, 34.544815
11424, 114, 137.92145
11425, 101, 88.67709
11426, 111, 60.88666
11427, 106, 140.9292
11428, 113, 19.825386
11429, 116, 108.72245
11430, 105, 24.967924
11431, 113, 15.368485
11432, 118, 42.969105
11433, 117, 145.36867
11434, 102, 138.62178
11435, 104, 36.76038
11436, 103, 66.75619
11437, 114, 62.45355
11438, 107, 61.114212
11439, 117, 109.00442
11440, 118, 44.335136
11441, 105, 82.07701
11442, 117, 33.012306
11443, 108, 14.300439
11444, 112, 93.31609
11445, 101, 15.232971
11446, 114, 125.44411
11447, 108, 17.033413
11448, 111, 147.2198
11449, 118, 112.92879
11450, 110, 35.681767
11451, 105, 85.51918
11452, 116, 51.833958
11453, 101, 131.92473
11454, 105, 89.2931
11455, 110, 123.92271
11456, 113, 14.349497
11457, 105, 61.837505
11458, 112, 27.562872
11459, 114, 148.38194
11460, 109, 36.05462
11461, 112, 27.662525
11462, 115, 63.342297
11463, 107, 121.956474
11464, 101, 123.521126
11465, 113, 64.99788
11466, 119, 10.498542
11467, 114, 27.68696
11468, 112, 116.51601
11469, 100, 69.59834
11470, 114, 140.60321
11471, 105, 59.216194
11472, 104, 4.9993424
11473, 102, 30.097935
11474, 115, 118.24391
11475, 111, 28.637848
11476, 104, 28.29541
11477, 104, 39.895348
11478, 103, 6.1691256
11479, 107, 78.00406
11480, 118, 136.78902
11481, 101, 51.491608
11482, 106, 21.324688
11483, 116, 108.63612
11484, 119, 128.95108
11485, 117, 31.099579
11486, 106, 92.98708
11487, 109, 39.335293
11488, 110, 65.04499
11489, 107, 7.8127294
11490, 112, 55.241318
11491, 115, 117.353836
11492, 105, 94.04265
11493, 102, 104.92637
11494, 111, 75.483665
11495, 105, 102.36292
11496, 101, 115.27642
11497, 105, 33.35377
11498, 111, 124.60407
11499, 103, 144.87001
11500, 105, 79.36881
11501, 103, 6.409934
11502, 117, 44.199738
11503, 113, 99.531624
11504, 108, 149.2587
11505, 117, 37.188747
11506, 114, 47.9507
11507, 103, 19.164598
11508, 107, 131.81561
11509, 113, 16.52122
11510, 112, 34.649456
11511, 109, 34.970768
11512, 116, 25.817898
11513, 119, 74.81346
11514, 113, 111.70963
11515, 101, 67.70449
11516, 100, 129.88329
11517, 111, 48.066376
11518, 102, 52.386715
11519, 103, 28.554367
11520, 102, 98.72235
11521, 110, 130.93304
11522, 103, 70.376526
11523, 111, 88.794876
11524, 101, 13.178068
11525, 116, 62.460037
11526, 104, 105.58963
11527, 115, 106.17094
11528, 106, 133.39215
11529, 103, 35.26698
11530, 100, 60.94864
11531, 106, 91.59207
11532, 118, 114.324295
11533, 113, 48.78983
11534, 118, 4.5405684
11535, 117, 15.043455
11536, 116, 132.01146
11537, 110, 87.40189
11538, 108, 25.754606
11539, 112, 71.38432
11540, 110, 64.96832
11541, 105, 21.658123
11542, 115, 140.946
11543, 101, 43.818863
11544, 104, 87.05429
11545, 116, 45.265846
11546, 112, 84.63004
11547, 118, 75.51744
11548, 111, 131.72157
11549, 111, 0.4117906
11550, 116, 118.884254
11551, 115, 41.64312
11552, 102, 107.73748
11553, 104, 123.80265
11554, 117, 52.97599
11555, 105, 31.411001
11556, 113, 1.2892574
11557, 112, 50.356052
11558, 109, 108.87841
11559, 112, 42.409927
11560, 104, 8.807007
11561, 106, 93.384895
11562, 115, 41.215244
11563, 113, 110.088684
11564, 109, 53.44844
11565, 104, 28.803688
11566, 106, 147.00337
11567, 102, 59.55408
11568, 118, 58.36966
11569, 100, 25.011965
11570, 101, 36.857906
11571, 112, 115.46102
11572, 115, 142.70435
11573, 115, 28.679832
11574, 112, 107.36876
11575, 100, 103.0003
11576, 108, 128.15672
11577, 116, 22.513603
11578, 115, 57.501385
11579, 115, 46.448563
11580, 119, 147.72638
11581, 107, 80.60315
11582, 113, 125.34291
11583, 118, 48.038998
11584, 112, 16.479858
11585, 114, 110.198906
11586, 114, 135.34055
11587, 115, 48.92749
11588, 107, 105.98831
11589, 116, 31.980032
11590, 106, 88.70686
11591, 106, 103.87444
11592, 118, 143.72533
11593, 114, 146.42413
11594, 102, 58.154278
11595, 110, 40.85604
11596, 109, 115.5256
11597, 118, 138.8757
11598, 100, 35.86052
11599, 105, 149.84627
11600, 107, 27.65226
11601, 100, 130.77844
11602, 119, 32.366066
11603, 101, 111.59066
11604, 110, 60.324894
11605, 101, 58.661243
11606, 101, 106.07518
11607, 108, 91.38628
11608, 102, 77.20735
11609, 103, 107.62548
11610, 108, 23.132229
11611, 104, 103.18244
11612, 106, 56.70916
11613, 112, 44.55934
11614, 100, 141.88492
11615, 119, 12.252733
11616, 115, 138.18025
11617, 118, 141.02608
11618, 105, 50.269817
11619, 113, 95.469795
11620, 116, 94.44457
11621, 111, 37.974518
11622, 111, 107.22257
11623, 119, 83.59973
11624, 105, 112.24969
11625, 111, 117.53008
11626, 108, 129.09427
11627, 107, 4.2448463
11628, 109, 99.40452
11629, 104, 95.15053
11630, 103, 97.52716
11631, 112, 35.21424
11632, 106, 68.41939
11633, 103, 32.690914
11634, 105, 128.03368
11635, 112, 65.88661
11636, 103, 3.8531542
11637, 112, 39.049763
11638, 101, 95.21481
11639, 100, 93.45859
11640, 107, 89.398
11641, 108, 147.72495
11642, 107, 55.728577
11643, 114, 99.11528
11644, 108, 8.073216
11645, 108, 56.291145
11646, 100, 85.603264
11647, 115, 27.498882
11648, 110, 123.59109
11649, 117, 116.00576
11650, 101, 122.25992
11651, 112, 112.68444
11652, 119, 145.2422
11653, 101, 73.33082
11654, 106, 47.23227
11655, 100, 149.30354
11656, 111, 39.339493
11657, 113, 29.704142
11658, 101, 63.255714
11659, 116, 117.62123
11660, 114, 16.26732
11661, 112, 126.0048
11662, 117, 119.468895
11663, 103, 94.95788
11664, 118, 36.091034
11665, 105, 118.75471
11666, 111, 70.502945
11667, 115, 106.401566
11668, 100, 29.78307
11669, 110, 123.50983
11670, 112, 112.203354
11671, 103, 149.26826
11672, 102, 138.28294
11673, 117, 53.406914
11674, 111, 119.20355
11675, 118, 48.889454
11676, 115, 38.384663
11677, 100, 18.782366
11678, 106, 6.134203
11679, 119, 19.078865
11680, 108, 123.35992
11681, 116, 20.811707
11682, 107, 69.102196
11683, 100, 86.02708
11684, 116, 25.250996
11685, 109, 110.75502
11686, 110, 34.380047
11687, 100, 4.743871
11688, 113, 136.94046
11689, 109, 69.23463
11690, 111, 48.58339
11691, 102, 20.270374
11692, 116, 112.673645
11693, 111, 60.480648
11694, 111, 7.5589747
11695, 107, 125.0768
11696, 102, 75.14249
11697, 102, 82.00293
11698, 113, 142.24855
11699, 112, 116.786125
11700, 104, 4.1604815
11701, 109, 119.0349
11702, 107, 144.09639
11703, 104, 23.76818
11704, 116, 49.144615
11705, 106, 23.305248
11706, 106, 29.909939
11707, 112, 139.01483
11708, 118, 76.454765
11709, 113, 51.09459
11710, 102, 34.79375
11711, 113, 84.05951
11712, 102, 107.62205
11713, 116, 116.61983
11714, 119, 141.9643
11715, 108, 88.72479
11716, 118, 115.49861
11717, 118, 141.93237
11718, 112, 128.81189
11719, 102, 51.653767
11720, 113, 18.23126
11721, 116, 54.425312
11722, 119, 75.51885
11723, 108, 75.84563
11724, 106, 91.05512
11725, 117, 46.592842
11726, 110, 15.986797
11727, 115, 77.94004
11728, 110, 41.704647
11729, 105, 29.798225
11730, 104, 109.19857
11731, 113, 38.524647
11732, 112, 143.57639
11733, 114, 58.68125
11734, 112, 149.68748
11735, 103, 147.901
11736, 112, 49.722218
11737, 106, 129.19936
11738, 111, 30.94967
11739, 115, 43.37402
11740, 112, 118.14287
11741, 116, 100.24722
11742, 114, 124.20377
11743, 104, 27.819979
11744, 112, 16.535255
11745, 104, 84.60882
11746, 101, 69.67908
11747, 102, 145.57803
11748, 102, 149.25647
11749, 108, 32.670055
11750, 112, 24.704218
11751, 107, 130.20203
11752, 117, 147.32837
11753, 108, 47.91602
11754, 109, 133.18628
11755, 103, 51.900368
11756, 119, 54.644028
11757, 109, 88.102844
11758, 114, 118.72793
11759, 111, 74.58214
11760, 105, 40.515644
11761, 108, 139.3258
11762, 114, 144.1728
11763, 118, 118.4486
11764, 110, 38.7639
11765, 109, 74.36964
11766, 109, 139.1288
11767, 117, 145.82468
11768, 109, 114.156265
11769, 110, 1.5409738
11770, 105, 98.28653
11771, 109, 85.84217
11772, 103, 67.2817
11773, 105, 79.434525
11774, 101, 22.02638
11775, 111, 124.86619
11776, 109, 136.96205
11777, 118, 134.09169
11778, 107, 135.77951
11779, 100, 128.2489
11780, 104, 31.007328
11781, 119, 129.21393
11782, 114, 6.8193464
11783, 110, 23.69586
11784, 107, 31.341059
11785, 117, 14.921227
11786, 115, 29.823277
11787, 118, 126.015976
11788, 108, 33.394985
11789, 102, 3.1315594
11790, 118, 94.114525
11791, 108, 56.033154
11792, 105, 121.528404
11793, 106, 117.335014
11794, 118, 55.96137
11795, 112, 91.281075
11796, 111, 115.65065
11797, 119, 120.56843
11798, 119, 109.59071
11799, 117, 40.133278
11800, 116, 6.6182346
11801, 118, 38.55796
11802, 111, 139.12088
11803, 117, 144.22835
11804, 110, 140.24997
11805, 117, 16.408781
11806, 115, 67.90654
11807, 113, 124.608246
11808, 118, 43.099987
11809, 103, 145.76506
11810, 102, 76.96645
11811, 102, 55.904926
11812, 115, 133.11807
11813, 115, 29.401052
11814, 101, 37.122936
11815, 102, 71.81141
11816, 115, 80.77876
11817, 118, 47.709435
11818, 118, 11.503395
11819, 105, 147.49117
11820, 118, 131.02814
11821, 105, 62.90261
11822, 119, 128.44644
11823, 118, 43.34759
11824, 106, 118.34153
11825, 109, 34.124546
11826, 109, 119.839806
11827, 109, 146.50688
11828, 112, 22.35682
11829, 115, 63.732174
11830, 116, 82.01768
11831, 107, 122.624054
11832, 105, 7.422182
11833, 113, 3.748414
11834, 105, 68.23631
11835, 106, 59.417744
11836, 109, 33.564835
11837, 104, 29.158195
11838, 112, 47.23449
11839, 111, 88.12245
11840, 113, 129.91562
11841, 113, 90.59377
11842, 116, 67.90749
11843, 104, 127.3889
11844, 101, 128.03043
11845, 107, 57.848354
11846, 103, 126.56754
11847, 112, 57.687305
11848, 107, 52.663708
11849, 111, 45.086514
11850, 102, 46.311386
11851, 119, 78.807915
11852, 111, 57.74905
11853, 115, 144.7228
11854, 107, 41.251507
11855, 104, 134.02574
11856, 104, 93.330505
11857, 101, 94.74995
11858, 107, 68.7687
11859, 112, 76.60421
11860, 105, 36.452965
11861, 101, 95.01111
11862, 112, 35.607986
11863, 112, 97.07831
11864, 103, 35.484516
11865, 110, 88.74572
11866, 118, 135.31374
11867, 118, 82.30767
11868, 104, 0.59574544
11869, 118, 82.242096
11870, 101, 129.75127
11871, 111, 91.887405
11872, 109, 145.14616
11873, 112, 7.0698204
11874, 105, 140.91609
11875, 100, 33.609608
11876, 110, 80.2507
11877, 116, 85.19221
11878, 113, 111.51356
11879, 111, 126.346985
11880, 104, 51.732758
11881, 104, 110.69198
11882, 104, 0.8117527
11883, 114, 103.98545
11884, 113, 149.05542
11885, 107, 51.07221
11886, 103, 100.198364
11887, 113, 18.82461
11888, 112, 111.43277
11889, 112, 77.50394
11890, 107, 8.775035
11891, 101, 86.42213
11892, 104, 30.773342
11893, 119, 138.00848
11894, 113, 140.53435
11895, 103, 13.227877
11896, 117, 44.28396
11897, 109, 144.06223
11898, 109, 124.33547
11899, 111, 144.65715
11900, 118, 71.7027
11901, 107, 8.306972
11902, 101, 74.02392
11903, 100, 56.738316
11904, 104, 102.584785
11905, 109, 77.24633
11906, 108, 93.121506
11907, 114, 37.92083
11908, 116, 121.68939
11909, 107, 1.0251492
11910, 106, 45.08289
11911, 101, 46.19407
11912, 119, 39.914417
11913, 106, 44.389683
11914, 115, 133.67673
11915, 103, 27.876404
11916, 113, 61.81225
11917, 109, 129.85222
11918, 102, 112.09455
11919, 110, 44.323986
11920, 109, 26.04485
11921, 106, 15.81982
11922, 106, 22.862291
11923, 118, 83.455574
11924, 102, 103.36055
11925, 100, 124.67992
11926, 109, 13.346627
11927, 103, 76.68784
11928, 103, 48.75394
11929, 114, 99.36095
11930, 109, 61.487576
11931, 110, 2.304885
11932, 111, 30.731123
11933, 112, 20.385118
11934, 102, 133.61974
11935, 114, 102.94658
11936, 109, 144.86726
11937, 105, 21.707207
11938, 101, 132.66058
11939, 102, 29.85236
11940, 107, 98.946075
11941, 117, 87.1091
11942, 119, 11.687324
11943, 109, 148.95398
11944, 108, 39.854794
11945, 101, 141.02449
11946, 110, 9.9239235
11947, 113, 3.7338853
11948, 108, 110.731476
11949, 101, 146.29977
11950, 103, 24.75586
11951, 115, 143.2905
11952, 109, 41.975204
11953, 104, 63.861553
11954, 101, 62.767185
11955, 101, 33.66176
11956, 104, 66.613976
11957, 100, 90.76706
11958, 102, 78.593414
11959, 110, 79.63978
11960, 104, 79.149284
11961, 116, 97.91697
11962, 109, 44.070564
11963, 106, 40.70404
11964, 106, 71.3332
11965, 105, 126.94265
11966, 105, 25.74277
11967, 109, 126.849846
11968, 114, 77.703545
11969, 103, 26.742088
11970, 114, 135.65182
11971, 103, 127.854195
11972, 104, 78.13564
11973, 108, 30.712036
11974, 100, 93.95011
11975, 109, 74.56035
11976, 110, 99.691185
11977, 103, 88.24899
11978, 115, 59.25758
11979, 105, 73.05756
11980, 105, 81.55461
11981, 113, 79.78244
11982, 114, 122.71632
11983, 114, 4.4389486
11984, 108, 17.332247
11985, 109, 82.54339
11986, 105, 53.601692
11987, 100, 39.28679
11988, 118, 89.28717
11989, 109, 2.1826744
11990, 116, 32.591476
11991, 116, 39.93177
11992, 113, 45.335323
11993, 108, 15.310576
11994, 106, 82.85643
11995, 112, 66.52897
11996, 102, 56.8113
11997, 101, 90.12428
11998, 113, 115.04758
11999, 114, 78.530846
12000, 109, 60.00209
12001, 101, 100.53063
12002, 107, 16.359266
12003, 110, 5.06089
12004, 112, 1.2466639
12005, 100, 93.445206
12006, 112, 25.735456
12007, 114, 127.82801
12008, 115, 124.09764
12009, 100, 137.1593
12010, 114, 128.27174
12011, 104, 21.94225
12012, 118, 45.70307
12013, 111, 47.930824
12014, 104, 127.158325
12015, 105, 55.08913
12016, 119, 133.1164
12017, 111, 104.28258
12018, 117, 52.73367
12019, 102, 130.85205
12020, 119, 50.309185
12021, 113, 128.70064
12022, 116, 136.66765
12023, 103, 23.484976
12024, 115, 42.853046
12025, 103, 122.11383
12026, 110, 23.118996
12027, 104, 121.042435
12028, 113, 39.919907
12029, 116, 69.56113
12030, 113, 64.90936
12031, 117, 125.96105
12032, 114, 0.9506643
12033, 119, 129.6622
12034, 111, 89.262146
12035, 111, 84.520096
12036, 105, 12.402498
12037, 105, 146.0335
12038, 107, 81.99149
12039, 102, 127.19895
12040, 108, 4.7673674
12041, 105, 33.245884
12042, 104, 65.82694
12043, 116, 101.98419
12044, 102, 13.565657
12045, 119, 17.942297
12046, 115, 12.247458
12047, 115, 62.24347
12048, 116, 28.762096
12049, 104, 80.06155
12050, 107, 30.891127
12051, 116, 89.273705
12052, 101, 22.294441
12053, 114, 147.42258
12054, 111, 40.875927
12055, 114, 120.97228
12056, 112, 98.62705
12057, 111, 89.47224
12058, 105, 31.745821
12059, 115, 27.341
12060, 105, 148.10889
12061, 110, 26.948761
12062, 112, 93.84608
12063, 112, 121.36897
12064, 112, 45.570248
12065, 106, 106.116
12066, 104, 72.74407
12067, 103, 90.78725
12068, 115, 132.52876
12069, 105, 91.82921
12070, 102, 46.29159
12071, 117, 135.73975
12072, 117, 84.27197
12073, 116, 132.68451
12074, 100, 70.00261
12075, 118, 88.4526
12076, 118, 111.94049
12077, 108, 37.504704
12078, 102, 105.05487
12079, 107, 16.147318
12080, 105, 26.34228
12081, 113, 29.825691
12082, 114, 57.530807
12083, 100, 97.27336
12084, 117, 22.505083
12085, 113, 75.10871
12086, 116, 13.68235
12087, 104, 57.107414
12088, 102, 75.81005
12089, 101, 108.66654
12090, 112, 67.21623
12091, 109, 74.30292
12092, 106, 93.06782
12093, 101, 131.10434
12094, 109, 25.810781
12095, 114, 109.27939
12096, 118, 26.067451
12097, 118, 27.623463
12098, 103, 103.36394
12099, 103, 43.019047
12100, 100, 112.775314
12101, 112, 97.26022
12102, 108, 126.93653
12103, 106, 50.29715
12104, 104, 61.103745
12105, 116, 8.431694
12106, 117, 18.051758
12107, 105, 95.00707
12108, 101, 84.684044
12109, 106, 129.41634
12110, 115, 91.201614
12111, 101, 10.295794
12112, 108, 106.921
12113, 110, 115.85809
12114, 109, 113.4859
12115, 107, 49.622234
12116, 109, 24.823559
12117, 104, 53.86398
12118, 109, 47.04372
12119, 111, 106.551476
12120, 118, 25.68183
12121, 101, 3.207037
12122, 117, 94.221344
12123, 103, 40.064888
12124, 103, 78.644104
12125, 107, 123.363045
12126, 109, 48.27279
12127, 106, 47.987537
12128, 111, 13.784409
12129, 105, 118.67892
12130, 112, 105.95586
12131, 103, 27.989075
12132, 106, 95.44934
12133, 114, 13.738561
12134, 113, 122.03
12135, 102, 99.34946
12136, 118, 144.15825
12137, 109, 76.14006
12138, 109, 52.06695
12139, 109, 31.885698
12140, 114, 105.47922
12141, 108, 93.16425
12142, 117, 80.488625
12143, 110, 93.52672
12144, 117, 84.22057
12145, 112, 148.95764
12146, 114, 101.31609
12147, 102, 86.326164
12148, 104, 69.4093
12149, 103, 126.072014
12150, 117, 141.87753
12151, 115, 100.8753
12152, 105, 117.561935
12153, 102, 66.438774
12154, 105, 34.014057
12155, 118, 122.515045
12156, 108, 6.3929024
12157, 105, 92.49833
12158, 118, 36.51376
12159, 107, 21.563656
12160, 116, 5.151236
12161, 111, 56.933052
12162, 115, 120.32
12163, 109, 1.3997376
12164, 102, 32.45867
12165, 107, 71.43399
12166, 119, 113.97773
12167, 115, 120.57095
12168, 101, 7.128668
12169, 104, 85.4949
12170, 108, 110.61672
12171, 109, 109.42626
12172, 113, 121.218056
12173, 104, 110.377556
12174, 114, 18.943075
12175, 100, 0.4709065
12176, 112, 2.2896588
12177, 117, 46.691975
12178, 104, 76.60482
12179, 115, 13.630369
12180, 119, 58.466156
12181, 114, 5.1926136
12182, 109, 144.30191
12183, 104, 70.52808
12184, 113, 61.24184
12185, 114, 124.72859
12186, 102, 91.514595
12187, 117, 63.08579
12188, 110, 33.23959
12189, 115, 40.915775
12190, 119, 5.4781256
12191, 110, 46.2969
12192, 118, 96.91083
12193, 116, 83.36128
12194, 102, 8.137518
12195, 111, 144.67587
12196, 101, 133.96167
12197, 100, 39.748165
12198, 112, 97.593376
12199, 116, 46.337093
12200, 112, 98.81743
12201, 114, 101.806885
12202, 100, 114.56871
12203, 112, 103.02173
12204, 116, 36.614834
12205, 101, 131.84932
12206, 110, 42.423622
12207, 105, 79.05794
12208, 103, 86.80014
12209, 105, 115.68692
12210, 108, 66.434456
12211, 105, 34.18487
12212, 110, 19.721817
12213, 115, 62.258793
12214, 112, 103.15696
12215, 102, 111.96244
12216, 100, 13.603377
12217, 104, 16.207972
12218, 115, 107.574974
12219, 103, 90.93595
12220, 104, 133.0206
12221, 119, 2.5168328
12222, 110, 2.7372837
12223, 106, 77.91086
12224, 101, 0.24408996
12225, 107, 81.05371
12226, 105, 44.779533
12227, 105, 67.917404
12228, 101, 31.334845
12229, 111, 97.183426
12230, 106, 116.9993
12231, 119, 68.448395
12232, 111, 112.581
12233, 114, 14.845079
12234, 102, 21.711945
12235, 111, 142.17188
12236, 110, 145.55458
12237, 102, 80.83714
12238, 110, 101.64945
12239, 110, 40.861862
12240, 118, 148.30898
12241, 112, 141.46075
12242, 119, 21.365234
12243, 112, 71.11749
12244, 116, 100.72699
12245, 101, 39.262104
12246, 111, 53.448414
12247, 103, 142.12476
12248, 105, 2.773717
12249, 104, 34.50491
12250, 105, 98.62585
12251, 107, 147.07835
12252, 119, 79.176765
12253, 117, 46.41693
12254, 103, 130.96893
12255, 119, 149.69968
12256, 115, 115.76859
12257, 105, 9.022602
12258, 105, 99.124756
12259, 116, 96.965904
12260, 118, 37.035637
12261, 108, 88.127815
12262, 106, 127.74344
12263, 107, 106.17687
12264, 116, 127.18095
12265, 111, 123.09043
12266, 109, 30.445566
12267, 103, 129.91374
12268, 107, 105.24053
12269, 114, 122.42302
12270, 111, 133.57053
12271, 106, 108.33163
12272, 111, 38.92459
12273, 113, 50.50995
12274, 107, 56.301006
12275, 105, 15.918276
12276, 119, 1.6840696
12277, 109, 40.152687
12278, 107, 29.65191
12279, 103, 15.024054
12280, 115, 76.48565
12281, 117, 149.27614
12282, 107, 32.24293
12283, 103, 77.910484
12284, 116, 26.886213
12285, 106, 77.64915
12286, 116, 118.98591
12287, 116, 64.57729
12288, 113, 133.86017
12289, 116, 18.399998
12290, 115, 126.096535
12291, 107, 124.79126
12292, 110, 13.949052
12293, 104, 99.682014
12294, 112, 108.27422
12295, 113, 92.45839
12296, 106, 69.059456
12297, 118, 147.44513
12298, 109, 72.35113
12299, 118, 75.883064
12300, 115, 129.98804
12301, 108, 21.608465
12302, 117, 45.550426
12303, 104, 68.73018
12304, 114, 146.57066
12305, 107, 31.782907
12306, 109, 82.46133
12307, 119, 96.47521
12308, 109, 138.86484
12309, 103, 112.735405
12310, 107, 76.11471
12311, 112, 12.997135
12312, 108, 120.502754
12313, 110, 79.60682
12314, 116, 57.088047
12315, 103, 139.64966
12316, 102, 16.45166
12317, 115, 60.366512
12318, 102, 20.067322
12319, 119, 77.78819
12320, 105, 126.28244
12321, 104, 31.255255
12322, 101, 118.74147
12323, 102, 57.48362
12324, 112, 67.2854
12325, 118, 53.975872
12326, 111, 123.00854
12327, 116, 90.14381
12328, 105, 34.081024
12329, 111, 13.177148
12330, 112, 62.753124
12331, 102, 68.82041
12332, 114, 16.523096
12333, 113, 138.39171
12334, 100, 29.14043
12335, 103, 68.319084
12336, 114, 63.091736
12337, 116, 57.61564
12338, 113, 90.912735
12339, 104, 41.26954
12340, 118, 42.346115
12341, 104, 98.843796
12342, 104, 127.158356
12343, 114, 112.89663
12344, 104, 20.38866
12345, 107, 135.32053
12346, 101, 58.120804
12347, 112, 26.177225
12348, 103, 63.75455
12349, 100, 77.71861
12350, 105, 15.139139
12351, 111, 87.05271
12352, 106, 83.59814
12353, 113, 19.456816
12354, 100, 121.22482
12355, 102, 27.72148
12356, 116, 136.89226
12357, 110, 4.012781
12358, 107, 112.704994
12359, 100, 2.786574
12360, 101, 136.66106
12361, 119, 35.856728
12362, 110, 69.936195
12363, 101, 106.248314
12364, 119, 60.255413
12365, 101, 77.13609
12366, 100, 131.83667
12367, 114, 142.82959
12368, 109, 33.221806
12369, 102, 138.60756
12370, 107, 61.811756
12371, 100, 10.345146
12372, 108, 10.267934
12373, 114, 81.91744
12374, 101, 8.784914
12375, 104, 26.139673
12376, 107, 141.21457
12377, 110, 43.205006
12378, 104, 35.894447
12379, 100, 57.392647
12380, 111, 7.736367
12381, 104, 103.77555
12382, 100, 149.83391
12383, 105, 11.680833
12384, 116, 131.07394
12385, 101, 65.90258
12386, 116, 121.40439
12387, 115, 42.352688
12388, 116, 92.23512
12389, 108, 14.713875
12390, 103, 71.37748
12391, 119, 79.968056
12392, 108, 12.623039
12393, 114, 55.179672
12394, 110, 75.75724
12395, 110, 21.518648
12396, 101, 142.59013
12397, 106, 13.974041
12398, 109, 131.99
12399, 108, 75.87178
12400, 110, 129.65128
12401, 101, 99.44552
12402, 113, 143.03474
12403, 102, 53.742455
12404, 101, 15.543276
12405, 106, 140.90054
12406, 107, 148.47444
12407, 100, 140.4115
12408, 102, 75.9699
12409, 118, 142.6462
12410, 101, 81.30693
12411, 102, 69.0739
12412, 101, 60.260456
12413, 114, 34.725792
12414, 101, 61.020496
12415, 105, 24.2459
12416, 102, 15.560701
12417, 112, 80.30742
12418, 114, 122.91023
12419, 105, 97.41345
12420, 107, 119.60156
12421, 110, 113.09813
12422, 107, 112.94841
12423, 109, 147.21329
12424, 113, 90.74756
12425, 109, 45.04922
12426, 112, 9.855965
12427, 117, 34.80674
12428, 109, 95.292816
12429, 119, 85.63266
12430, 100, 75.78846
12431, 116, 127.39673
12432, 112, 134.78813
12433, 113, 93.523026
12434, 106, 16.205486
12435, 114, 6.04738
12436, 100, 128.20467
12437, 107, 64.86016
12438, 108, 52.76733
12439, 114, 127.48665
12440, 101, 65.32183
12441, 113, 62.422325
12442, 119, 129.63776
12443, 110, 80.9639
12444, 110, 64.35169
12445, 104, 145.23953
12446, 100, 48.66966
12447, 117, 0.53313375
12448, 118, 124.96786
12449, 118, 40.292645
12450, 111, 112.739685
12451, 112, 97.41389
12452, 112, 113.06848
12453, 105, 108.66217
12454, 117, 65.760254
12455, 105, 64.40026
12456, 110, 140.33667
12457, 103, 88.056595
12458, 113, 113.242805
12459, 108, 23.176521
12460, 103, 18.581593
12461, 101, 56.69177
12462, 101, 86.80891
12463, 109, 18.219593
12464, 113, 82.85206
12465, 106, 147.15265
12466, 103, 110.16189
12467, 115, 77.26234
12468, 103, 88.28111
12469, 117, 70.868164
12470, 101, 108.75457
12471, 114, 119.91776
12472, 110, 79.42266
12473, 103, 116.99216
12474, 106, 148.24123
12475, 109, 75.81103
12476, 104, 146.2503
12477, 110, 135.02328
12478, 114, 75.16736
12479, 118, 83.41556
12480, 102, 71.89418
12481, 100, 82.78541
12482, 101, 61.186222
12483, 114, 27.419266
12484, 103, 36.444523
12485, 113, 50.236282
12486, 111, 2.2788227
12487, 115, 81.76665
12488, 110, 96.457985
12489, 102, 47.234863
12490, 112, 117.15601
12491, 114, 113.272766
12492, 112, 113.713165
12493, 100, 51.99625
12494, 118, 63.732952
12495, 102, 44.498833
12496, 116, 32.151085
12497, 103, 114.95797
12498, 102, 27.381018
12499, 116, 45.696716
12500, 101, 142.64877
12501, 119, 28.585016
12502, 101, 5.1068544
12503, 101, 123.1623
12504, 101, 139.55894
12505, 102, 7.687077
12506, 115, 50.133545
12507, 100, 88.16887
12508, 115, 133.76967
12509, 115, 59.780415
12510, 100, 80.49685
12511, 112, 71.619385
12512, 112, 11.501473
12513, 112, 125.35116
12514, 112, 131.08385
12515, 114, 5.523813
12516, 112, 103.836205
12517, 115, 27.795025
12518, 106, 85.31331
12519, 109, 7.526967
12520, 108, 0.84412694
12521, 109, 37.13582
12522, 114, 70.28437
12523, 113, 143.05737
12524, 115, 74.206635
12525, 115, 90.99004
12526, 112, 34.496178
12527, 111, 7.167068
12528, 110, 100.128746
12529, 115, 106.25104
12530, 115, 28.719145
12531, 107, 127.96356
12532, 105, 9.079563
12533, 116, 93.1944
12534, 108, 131.07089
12535, 113, 70.13513
12536, 107, 110.85485
12537, 109, 77.59899
12538, 106, 42.37016
12539, 117, 92.01699
12540, 110, 90.31939
12541, 117, 85.07173
12542, 113, 48.152588
12543, 103, 32.68418
12544, 107, 119.36044
12545, 117, 104.79135
12546, 112, 121.51105
12547, 109, 9.434652
12548, 112, 109.59733
12549, 101, 36.21548
12550, 108, 73.82381
12551, 112, 125.40812
12552, 111, 52.210854
12553, 116, 35.253166
12554, 118, 108.04321
12555, 104, 116.53399
12556, 115, 79.27125
12557, 114, 11.364449
12558, 117, 126.016846
12559, 102, 72.10157
12560, 119, 33.661358
12561, 105, 0.7822305
12562, 103, 27.355135
12563, 119, 97.72033
12564, 106, 67.67314
12565, 117, 28.888857
12566, 100, 101.78545
12567, 100, 87.47507
12568, 112, 145.68312
12569, 113, 72.3574
12570, 114, 72.35283
12571, 114, 45.867233
12572, 114, 49.241604
12573, 100, 63.02495
12574, 109, 9.423262
12575, 103, 29.707575
12576, 112, 34.143906
12577, 102, 16.457766
12578, 111, 146.25734
12579, 114, 35.670708
12580, 107, 57.624695
12581, 117, 98.40202
12582, 104, 117.81106
12583, 115, 30.511612
12584, 115, 126.99838
12585, 113, 45.908413
12586, 101, 15.260241
12587, 111, 42.49557
12588, 100, 3.8814604
12589, 114, 138.1874
12590, 104, 26.602407
12591, 113, 23.537815
12592, 101, 96.77244
12593, 115, 13.33842
12594, 117, 47.231323
12595, 103, 145.54636
12596, 103, 142.13153
12597, 104, 43.06258
12598, 118, 20.430235
12599, 102, 7.832256
12600, 114, 131.60478
12601, 114, 148.52057
12602, 107, 122.03424
12603, 105, 98.13115
12604, 104, 116.25587
12605, 108, 111.35497
12606, 104, 80.47391
12607, 116, 131.34138
12608, 105, 118.93968
12609, 116, 62.030403
12610, 107, 46.782776
12611, 117, 0.44196546
12612, 100, 114.89481
12613, 100, 144.31973
12614, 112, 24.288252
12615, 109, 149.1923
12616, 109, 95.35649
12617, 109, 4.7662406
12618, 112, 132.00005
12619, 108, 94.92197
12620, 113, 15.63896
12621, 116, 12.588859
12622, 105, 99.57053
12623, 103, 86.02325
12624, 116, 144.19469
12625, 108, 48.396225
12626, 108, 118.18049
12627, 106, 30.149746
12628, 114, 80.33605
12629, 101, 45.85372
12630, 102, 91.77377
12631, 103, 70.73126
12632, 108, 62.39335
12633, 118, 87.04892
12634, 113, 75.33505
12635, 119, 146.35925
12636, 107, 22.627151
12637, 110, 31.957563
12638, 117, 87.20833
12639, 104, 75.846405
12640, 115, 76.036995
12641, 112, 94.3051
12642, 101, 105.713806
12643, 102, 22.465647
12644, 116, 121.462685
12645, 104, 49.3493
12646, 112, 22.183594
12647, 115, 49.918823
12648, 109, 75.07763
12649, 109, 105.14428
12650, 102, 50.234905
12651, 104, 122.72068
12652, 118, 11.429206
12653, 117, 29.21193
12654, 102, 140.53769
12655, 117, 58.197784
12656, 111, 23.953691
12657, 118, 31.51153
12658, 116, 111.22322
12659, 110, 76.42004
12660, 105, 41.031227
12661, 107, 71.15103
12662, 116, 65.027885
12663, 114, 3.4720302
12664, 106, 55.68772
12665, 105, 101.41937
12666, 112, 107.23477
12667, 109, 72.392746
12668, 112, 140.9356
12669, 108, 92.90528
12670, 115, 112.55536
12671, 119, 77.84765
12672, 115, 84.43332
12673, 104, 147.44995
12674, 101, 27.745432
12675, 107, 42.159317
12676, 110, 39.063942
12677, 116, 53.51809
12678, 105, 147.22702
12679, 106, 93.51055
12680, 107, 97.006874
12681, 105, 31.192776
12682, 104, 115.0574
12683, 107, 83.4046
12684, 115, 98.31335
12685, 104, 122.12833
12686, 110, 130.75978
12687, 101, 67.05241
12688, 110, 146.6441
12689, 118, 39.552372
12690, 119, 133.38013
12691, 112, 120.8012
12692, 110, 148.3279
12693, 112, 96.69
12694, 119, 14.579969
12695, 110, 12.411529
12696, 115, 122.59909
12697, 115, 82.15803
12698, 105, 9.897574
12699, 108, 68.30483
12700, 105, 86.80837
12701, 116, 17.487082
12702, 112, 91.7458
12703, 109, 145.83806
12704, 109, 43.005985
12705, 115, 91.31355
12706, 118, 35.0775
12707, 114, 145.85548
12708, 117, 138.18079
12709, 118, 16.042864
12710, 119, 118.3481
12711, 119, 90.15687
12712, 110, 9.954018
12713, 100, 99.349815
12714, 115, 20.546633
12715, 112, 80.12337
12716, 111, 60.90187
12717, 100, 43.527218
12718, 118, 43.3081
12719, 105, 26.710367
12720, 110, 50.14312
12721, 107, 39.183167
12722, 106, 119.54977
12723, 107, 123.3527
12724, 110, 97.35133
12725, 109, 110.097015
12726, 105, 105.63053
12727, 103, 90.9543
12728, 109, 103.88068
12729, 110, 17.78731
12730, 118, 39.56846
12731, 114, 86.1624
12732, 110, 147.70108
12733, 107, 89.94902
12734, 111, 65.97156
12735, 119, 140.26398
12736, 111, 44.56071
12737, 109, 95.25023
12738, 104, 111.96841
12739, 101, 134.18066
12740, 114, 25.208187
12741, 100, 25.778309
12742, 105, 22.835318
12743, 118, 67.56916
12744, 109, 28.979837
12745, 105, 22.08877
12746, 119, 70.09086
12747, 111, 119.00129
12748, 110, 4.777515
12749, 110, 104.68139
12750, 114, 37.00406
12751, 105, 33.85555
12752, 118, 118.76938
12753, 111, 119.27802
12754, 119, 11.813503
12755, 101, 71.725815
12756, 113, 89.64723
12757, 101, 8.372077
12758, 106, 80.58112
12759, 117, 11.607805
12760, 113, 116.318535
12761, 116, 65.180115
12762, 111, 56.003235
12763, 117, 110.571625
12764, 108, 25.815296
12765, 101, 51.190506
12766, 109, 102.95442
12767, 112, 86.20908
12768, 115, 61.323826
12769, 113, 112.48759
12770, 110, 45.17035
12771, 115, 88.83698
12772, 117, 55.844227
12773, 105, 11.719465
12774, 118, 51.220814
12775, 113, 47.46101
12776, 117, 74.37834
12777, 109, 68.06973
12778, 109, 59.196148
12779, 119, 17.532393
12780, 108, 35.96954
12781, 119, 112.96768
12782, 114, 92.82288
12783, 110, 58.938343
12784, 115, 78.4072
12785, 106, 124.346695
12786, 118, 110.517265
12787, 117, 147.1079
12788, 102, 132.78961
12789, 117, 18.691921
12790, 105, 30.969063
12791, 106, 99.04657
12792, 119, 47.688587
12793, 109, 98.953636
12794, 119, 63.67473
12795, 101, 101.16482
12796, 107, 92.56202
12797, 108, 38.95199
12798, 105, 139.56012
12799, 108, 147.74501
12800, 100, 6.0207458
12801, 105, 77.19387
12802, 101, 146.92798
12803, 100, 39.831608
12804, 117, 39.642853
12805, 114, 24.938143
12806, 105, 32.074364
12807, 110, 115.16662
12808, 114, 56.1222
12809, 108, 106.961174
12810, 100, 40.486084
12811, 114, 8.596158
12812, 105, 19.79988
12813, 107, 38.399006
12814, 118, 106.8564
12815, 113, 74.61227
12816, 103, 53.42938
12817, 117, 96.027466
12818, 101, 35.476524
12819, 100, 45.099716
12820, 116, 149.07141
12821, 112, 0.06887019
12822, 108, 127.75314
12823, 114, 123.97699
12824, 100, 107.52055
12825, 116, 131.3095
12826, 104, 121.66053
12827, 115, 143.60614
12828, 111, 100.221756
12829, 100, 145.73714
12830, 106, 10.737812
12831, 102, 78.896355
12832, 101, 87.22691
12833, 105, 14.539281
12834, 105, 20.482162
12835, 103, 57.157722
12836, 116, 68.006584
12837, 109, 119.60464
12838, 111, 148.36684
12839, 118, 143.0776
12840, 116, 3.5256565
12841, 108, 31.966406
12842, 103, 113.83664
12843, 114, 20.35236
12844, 110, 28.51662
12845, 110, 63.81974
12846, 117, 148.17891
12847, 103, 83.68788
12848, 102, 100.752945
12849, 109, 111.061424
12850, 105, 54.719193
12851, 104, 103.78112
12852, 111, 65.61793
12853, 104, 34.461056
12854, 111, 56.673153
12855, 108, 17.852882
12856, 117, 86.810524
12857, 109, 108.2257
12858, 108, 110.43332
12859, 116, 35.53473
12860, 102, 20.090237
12861, 105, 135.30281
12862, 110, 113.31558
12863, 108, 22.157578
12864, 113, 48.72887
12865, 101, 45.767258
12866, 109, 123.4285
12867, 117, 138.75136
12868, 110, 34.67221
12869, 111, 3.2738686
12870, 114, 68.44395
12871, 108, 16.632029
12872, 109, 96.471695
12873, 106, 84.66801
12874, 109, 51.597645
12875, 112, 82.29162
12876, 106, 14.158479
12877, 106, 130.95737
12878, 118, 31.900173
12879, 119, 113.65054
12880, 106, 83.03525
12881, 110, 90.87332
12882, 100, 125.601456
12883, 109, 101.86712
12884, 102, 32.054688
12885, 104, 107.75294
12886, 117, 116.11719
12887, 118, 123.4738
12888, 103, 134.57106
12889, 108, 27.695972
12890, 103, 76.43884
12891, 106, 40.32848
12892, 115, 32.22193
12893, 111, 14.77122
12894, 100, 86.01718
12895, 107, 85.56592
12896, 110, 49.10135
12897, 105, 45.734337
12898, 118, 60.989384
12899, 117, 49.29295
12900, 119, 41.050144
12901, 108, 75.503716
12902, 104, 75.44432
12903, 109, 5.5633307
12904, 118, 46.818745
12905, 105, 5.458599
12906, 102, 48.48799
12907, 108, 57.763367
12908, 106, 104.41362
12909, 103, 131.03113
12910, 119, 147.31766
12911, 106, 110.18406
12912, 104, 16.448513
12913, 102, 2.5475173
12914, 101, 99.04192
12915, 107, 126.918465
12916, 107, 80.261024
12917, 103, 111.268074
12918, 117, 102.50274
12919, 113, 136.87968
12920, 105, 99.33078
12921, 114, 82.30592
12922, 111, 112.17047
12923, 102, 23.818176
12924, 114, 102.17687
12925, 106, 140.47554
12926, 101, 44.97799
12927, 109, 105.23502
12928, 111, 2.8303921
12929, 110, 70.823326
12930, 114, 52.690315
12931, 102, 12.230211
12932, 117, 32.88553
12933, 113, 122.34795
12934, 113, 100.26891
12935, 118, 105.19716
12936, 101, 91.90481
12937, 109, 87.5895
12938, 119, 119.47995
12939, 101, 106.43993
12940, 114, 26.650751
12941, 118, 1.0108173
12942, 100, 100.03155
12943, 113, 84.55915
12944, 113, 90.420135
12945, 107, 36.746593
12946, 102, 94.216606
12947, 114, 37.227417
12948, 109, 57.599438
12949, 104, 16.385883
12950, 109, 126.96427
12951, 100, 15.508551
12952, 118, 124.99507
12953, 101, 139.12859
12954, 112, 49.353485
12955, 111, 117.349174
12956, 109, 101.3467
12957, 115, 100.88883
12958, 119, 64.93492
12959, 102, 46.186745
12960, 109, 46.82768
12961, 105, 145.74762
12962, 114, 116.11227
12963, 104, 119.07353
12964, 102, 43.598843
12965, 116, 5.1790953
12966, 106, 83.62286
12967, 113, 130.90952
12968, 106, 12.671346
12969, 118, 40.616066
12970, 108, 105.845985
12971, 104, 115.18853
12972, 117, 61.486996
12973, 102, 53.291855
12974, 113, 137.66888
12975, 110, 33.0532
12976, 117, 83.836334
12977, 113, 6.458652
12978, 113, 8.421233
12979, 116, 52.80523
12980, 100, 115.01671
12981, 102, 109.855705
12982, 110, 43.12916
12983, 114, 5.2980423
12984, 116, 119.88353
12985, 118, 42.264454
12986, 110, 38.13926
12987, 105, 60.204964
12988, 108, 64.48167
12989, 119, 86.32093
12990, 108, 68.72079
12991, 104, 112.03254
12992, 104, 3.0226886
12993, 102, 33.886715
12994, 100, 32.20201
12995, 109, 14.341763
12996, 107, 27.771906
12997, 117, 68.76281
12998, 115, 80.17095
12999, 104, 5.818516
13000, 118, 46.74217
13001, 100, 38.26964
13002, 119, 51.8694
13003, 103, 4.8428802
13004, 110, 27.1343
13005, 105, 70.877884
13006, 108, 69.150894
13007, 101, 99.78667
13008, 114, 19.255293
13009, 102, 10.748103
13010, 113, 125.6646
13011, 113, 4.040721
13012, 103, 86.8112
13013, 119, 20.908829
13014, 102, 106.4932
13015, 116, 41.102554
13016, 112, 64.007904
13017, 110, 115.33117
13018, 108, 46.403584
13019, 104, 5.4947643
