96376, 104, 7.2122903
96377, 117, 83.225075
96378, 100, 54.719658
96379, 102, 66.31337
96380, 106, 123.835915
96381, 113, 20.297617
96382, 118, 108.759514
96383, 116, 127.018005
96384, 111, 26.947582
96385, 106, 147.90364
96386, 106, 101.186066
96387, 106, 45.691216
96388, 109, 72.51059
96389, 103, 11.921758
96390, 106, 32.68229
96391, 104, 4.884544
96392, 102, 17.845318
96393, 100, 83.64103
96394, 118, 96.23297
96395, 119, 104.64143
96396, 109, 32.09292
96397, 105, 94.77975
96398, 117, 125.2247
96399, 111, 31.365788
96400, 112, 16.099218
96401, 100, 16.492546
96402, 107, 107.70807
96403, 106, 17.282795
96404, 105, 123.64901
96405, 106, 9.793719
96406, 116, 132.22949
96407, 108, 36.94719
96408, 112, 58.852055
96409, 104, 108.530685
96410, 103, 104.17309
96411, 118, 67.331024
96412, 104, 58.554806
96413, 102, 120.897835
96414, 108, 98.5732
96415, 107, 108.84384
96416, 103, 15.9072075
96417, 119, 32.64875
96418, 119, 32.149853
96419, 106, 91.389694
96420, 100, 8.347508
96421, 106, 116.9895
96422, 119, 12.001035
96423, 103, 22.92367
96424, 100, 110.949165
96425, 114, 105.023506
96426, 103, 74.38566
96427, 103, 105.39691
96428, 113, 116.08747
96429, 115, 98.407
96430, 108, 49.483036
96431, 106, 107.99234
96432, 101, 40.386898
96433, 119, 118.63475
96434, 103, 43.945732
96435, 103, 79.43536
96436, 107, 12.457233
96437, 106, 54.65607
96438, 100, 17.607897
96439, 107, 41.812553
96440, 101, 66.496475
96441, 107, 59.535347
96442, 108, 139.84302
96443, 112, 53.809574
96444, 119, 129.72987
96445, 104, 123.482994
96446, 110, 132.22783
96447, 110, 143.0135
96448, 110, 110.85748
96449, 104, 72.27332
96450, 100, 1.1466712
96451, 110, 89.621056
96452, 117, 111.696884
96453, 114, 40.231518
96454, 105, 25.832249
96455, 113, 130.2424
96456, 117, 130.80313
96457, 112, 29.876232
96458, 105, 132.80328
96459, 107, 42.86938
96460, 101, 115.47236
96461, 111, 134.49031
96462, 111, 49.693108
96463, 111, 140.8921
96464, 118, 119.9699
96465, 111, 147.51695
96466, 108, 33.417446
96467, 119, 140.12221
96468, 101, 90.21784
96469, 112, 63.593826
96470, 111, 22.679285
96471, 106, 111.248055
96472, 115, 2.9842794
96473, 118, 66.43153
96474, 111, 49.250023
96475, 108, 76.671394
96476, 116, 55.477737
96477, 107, 107.77495
96478, 104, 80.56564
96479, 117, 68.332466
96480, 103, 36.27162
96481, 102, 25.734615
96482, 113, 110.03727
96483, 114, 70.364685
96484, 107, 122.81059
96485, 109, 19.100548
96486, 113, 100.039055
96487, 105, 71.548775
96488, 108, 45.23989
96489, 101, 66.78696
96490, 109, 44.37233
96491, 117, 144.63565
96492, 110, 107.28445
96493, 105, 62.154186
96494, 115, 52.416946
96495, 115, 31.951628
96496, 110, 63.710125
96497, 105, 149.53835
96498, 103, 90.15961
96499, 107, 54.47729
96500, 107, 33.74429
96501, 104, 89.83864
96502, 117, 42.046623
96503, 106, 92.15136
96504, 119, 87.90564
96505, 113, 116.46984
96506, 118, 104.01442
96507, 109, 10.815284
96508, 112, 5.527899
96509, 102, 3.126651
96510, 101, 48.74618
96511, 109, 127.714226
96512, 100, 131.16797
96513, 111, 118.75507
96514, 119, 77.86134
96515, 103, 61.851006
96516, 116, 46.82377
96517, 119, 60.187153
96518, 108, 25.615723
96519, 119, 103.47427
96520, 105, 135.23314
96521, 111, 71.692314
96522, 113, 102.12822
96523, 100, 99.03224
96524, 117, 69.165535
96525, 111, 82.124825
96526, 105, 99.45706
96527, 106, 122.127495
96528, 100, 74.93664
96529, 117, 33.587524
96530, 119, 137.41594
96531, 104, 55.14663
96532, 116, 25.995388
96533, 108, 111.802956
96534, 112, 128.13715
96535, 118, 23.017565
96536, 117, 115.80395
96537, 106, 96.48399
96538, 113, 75.915276
96539, 107, 0.26120245
96540, 106, 51.05063
96541, 111, 44.690277
96542, 116, 21.708477
96543, 110, 111.14335
96544, 117, 72.882706
96545, 102, 54.52921
96546, 105, 95.058975
96547, 105, 142.75548
96548, 110, 81.65483
96549, 116, 106.07952
96550, 118, 41.29661
96551, 102, 89.369965
96552, 117, 48.022564
96553, 105, 10.821444
96554, 110, 133.19133
96555, 112, 53.156876
96556, 108, 127.092995
96557, 116, 40.30592
96558, 107, 3.8476288
96559, 107, 95.39646
96560, 108, 129.14348
96561, 119, 139.12401
96562, 100, 82.485115
96563, 118, 121.07302
96564, 106, 46.638412
96565, 109, 122.06981
96566, 111, 69.45851
96567, 114, 139.14064
96568, 117, 3.5659432
96569, 113, 57.07267
96570, 112, 31.14127
96571, 106, 71.6319
96572, 110, 126.69609
96573, 111, 67.16595
96574, 106, 101.10817
96575, 103, 134.28479
96576, 107, 67.60913
96577, 104, 41.9412
96578, 118, 56.064693
96579, 110, 86.5006
96580, 108, 93.45817
96581, 118, 56.628872
96582, 115, 52.997482
96583, 107, 5.255869
96584, 112, 14.114168
96585, 102, 63.01058
96586, 110, 119.48665
96587, 119, 102.12318
96588, 110, 26.369316
96589, 115, 116.304115
96590, 109, 123.041
96591, 114, 50.310204
96592, 111, 108.2874
96593, 102, 146.5319
96594, 107, 129.3654
96595, 104, 93.303215
96596, 116, 36.297314
96597, 115, 3.147295
96598, 113, 109.71789
96599, 113, 61.240967
96600, 119, 127.38012
96601, 109, 76.167336
96602, 106, 71.05087
96603, 116, 141.7636
96604, 117, 97.79302
96605, 118, 149.1118
96606, 106, 55.666656
96607, 100, 68.58581
96608, 105, 47.527687
96609, 119, 50.817417
96610, 113, 112.364525
96611, 115, 113.7551
96612, 114, 148.07181
96613, 107, 40.944
96614, 117, 97.17144
96615, 110, 72.21222
96616, 116, 30.836937
96617, 102, 48.95569
96618, 104, 69.60405
96619, 104, 143.64627
96620, 106, 30.597363
96621, 100, 58.28625
96622, 107, 101.09719
96623, 119, 35.828438
96624, 115, 9.258977
96625, 104, 47.940285
96626, 103, 141.10547
96627, 110, 78.150955
96628, 103, 9.473401
96629, 108, 88.76724
96630, 101, 37.654263
96631, 116, 89.334915
96632, 118, 66.75984
96633, 114, 133.89256
96634, 109, 53.1534
96635, 107, 8.280757
96636, 107, 55.999973
96637, 118, 134.39806
96638, 110, 131.34984
96639, 112, 28.40049
96640, 117, 126.7816
96641, 106, 19.50742
96642, 111, 72.84477
96643, 109, 94.93021
96644, 110, 49.232162
96645, 105, 81.89459
96646, 118, 52.067677
96647, 112, 77.70769
96648, 103, 147.28964
96649, 116, 145.13135
96650, 114, 80.02166
96651, 105, 25.873491
96652, 109, 125.494675
96653, 101, 5.0641003
96654, 105, 54.51706
96655, 116, 26.975271
96656, 106, 78.497986
96657, 118, 70.53174
96658, 116, 82.43837
96659, 102, 10.427928
96660, 114, 61.237873
96661, 114, 140.99734
96662, 103, 80.89932
96663, 100, 66.54293
96664, 103, 147.48874
96665, 110, 61.30525
96666, 117, 74.012856
96667, 101, 64.37989
96668, 117, 97.37691
96669, 105, 34.49268
96670, 118, 119.140854
96671, 103, 9.90302
96672, 101, 54.392365
96673, 113, 29.771296
96674, 112, 79.554146
96675, 107, 59.282005
96676, 108, 123.59604
96677, 101, 128.18843
96678, 112, 69.25628
96679, 104, 145.61609
96680, 106, 124.77986
96681, 108, 68.2778
96682, 119, 20.998156
96683, 118, 94.73571
96684, 111, 103.051155
96685, 105, 34.99304
96686, 119, 1.0271251
96687, 112, 138.94113
96688, 109, 58.110325
96689, 103, 14.962631
96690, 119, 61.68941
96691, 113, 23.455418
96692, 110, 133.63902
96693, 107, 49.99863
96694, 118, 123.31187
96695, 119, 9.67218
96696, 115, 19.880318
96697, 117, 131.5328
96698, 101, 119.33924
96699, 108, 148.10782
96700, 105, 45.4189
96701, 119, 119.3745
96702, 112, 143.91399
96703, 104, 129.51506
96704, 117, 14.245561
96705, 103, 47.66289
96706, 112, 4.9859943
96707, 102, 3.9083362
96708, 103, 97.6572
96709, 108, 59.383537
96710, 106, 116.06993
96711, 101, 130.5892
96712, 114, 100.66294
96713, 106, 19.206163
96714, 106, 60.301075
96715, 114, 116.83591
96716, 114, 35.245792
96717, 111, 109.66008
96718, 104, 138.79591
96719, 101, 136.04723
96720, 100, 32.489285
96721, 109, 116.806656
96722, 110, 72.47896
96723, 110, 1.815337
96724, 104, 70.64521
96725, 118, 111.00482
96726, 101, 13.189101
96727, 119, 148.78897
96728, 103, 94.287704
96729, 104, 69.923386
96730, 106, 32.10419
96731, 119, 79.217705
96732, 116, 114.6313
96733, 116, 77.0644
96734, 110, 73.56857
96735, 108, 142.8257
96736, 118, 36.407814
96737, 103, 128.4038
96738, 111, 40.945877
96739, 104, 72.11189
96740, 112, 58.45143
96741, 105, 33.880135
96742, 112, 113.116745
96743, 114, 41.08023
96744, 116, 39.41636
96745, 116, 57.81794
96746, 109, 108.95412
96747, 116, 24.684334
96748, 107, 2.6053457
96749, 112, 122.636284
96750, 118, 66.0068
96751, 104, 98.10447
96752, 104, 30.425406
96753, 100, 91.321
96754, 116, 16.473663
96755, 102, 134.71806
96756, 100, 105.43368
96757, 113, 53.06089
96758, 115, 149.81429
96759, 111, 30.33726
96760, 112, 69.724266
96761, 105, 2.884832
96762, 119, 59.902355
96763, 104, 3.4065933
96764, 101, 22.834816
96765, 117, 133.9011
96766, 116, 119.27804
96767, 105, 133.51855
96768, 113, 24.678173
96769, 111, 71.3419
96770, 118, 103.781746
96771, 108, 112.90064
96772, 100, 122.475746
96773, 103, 148.96407
96774, 103, 85.25181
96775, 118, 27.018553
96776, 112, 31.11585
96777, 106, 40.50142
96778, 110, 94.28456
96779, 107, 9.766897
96780, 111, 139.97655
96781, 116, 90.49811
96782, 103, 111.75794
96783, 112, 118.07332
96784, 116, 64.51855
96785, 114, 57.656166
96786, 108, 49.130077
96787, 104, 71.44754
96788, 104, 120.183044
96789, 111, 63.823547
96790, 100, 54.759487
96791, 115, 17.97688
96792, 111, 74.295006
96793, 116, 1.8319577
96794, 103, 17.975235
96795, 110, 22.684193
96796, 107, 16.05988
96797, 118, 149.05649
96798, 112, 66.22218
96799, 108, 29.98049
96800, 116, 82.63281
96801, 101, 28.76847
96802, 109, 25.403425
96803, 101, 62.1301
96804, 107, 69.8925
96805, 112, 85.420364
96806, 118, 121.51336
96807, 104, 130.90681
96808, 118, 99.08122
96809, 119, 26.09734
96810, 115, 55.980053
96811, 109, 131.07489
96812, 103, 86.179955
96813, 101, 64.84755
96814, 110, 82.15207
96815, 109, 28.43762
96816, 119, 25.070402
96817, 101, 6.5193505
96818, 107, 54.60102
96819, 104, 101.60531
96820, 100, 98.759445
96821, 114, 11.318716
96822, 112, 9.326612
96823, 100, 23.143682
96824, 110, 50.185143
96825, 111, 134.07582
96826, 112, 149.4376
96827, 107, 94.92067
96828, 101, 18.246191
96829, 101, 51.113365
96830, 105, 83.21046
96831, 115, 19.647915
96832, 103, 121.561485
96833, 111, 10.800693
96834, 111, 36.48997
96835, 103, 40.86228
96836, 118, 79.414764
96837, 112, 130.62862
96838, 119, 103.588524
96839, 105, 115.0941
96840, 111, 52.433727
96841, 116, 89.686424
96842, 108, 58.14801
96843, 111, 141.85997
96844, 117, 77.92157
96845, 110, 137.16364
96846, 108, 3.2396793
96847, 119, 138.96577
96848, 111, 11.128145
96849, 115, 147.82791
96850, 107, 79.058105
96851, 110, 146.52094
96852, 114, 121.36028
96853, 101, 141.41415
96854, 118, 44.432213
96855, 116, 78.51087
96856, 112, 18.068844
96857, 103, 112.68729
96858, 111, 27.731619
96859, 119, 99.65571
96860, 102, 113.42235
96861, 107, 149.13374
96862, 108, 54.785576
96863, 113, 125.71615
96864, 117, 71.84759
96865, 102, 74.304726
96866, 101, 73.06828
96867, 108, 36.414154
96868, 102, 4.8464565
96869, 106, 32.986683
96870, 116, 136.67581
96871, 109, 83.47457
96872, 116, 79.75243
96873, 114, 42.43631
96874, 107, 9.061959
96875, 109, 115.05224
96876, 112, 108.99359
96877, 100, 34.122562
96878, 101, 43.12124
96879, 115, 13.794619
96880, 103, 28.081898
96881, 118, 85.9961
96882, 112, 128.96754
96883, 114, 104.408936
96884, 116, 5.3528666
96885, 100, 56.875607
96886, 119, 24.535238
96887, 113, 34.823166
96888, 101, 69.03395
96889, 102, 52.781055
96890, 112, 71.70316
96891, 119, 36.201714
96892, 109, 44.86076
96893, 104, 87.90681
96894, 116, 26.945374
96895, 114, 84.44604
96896, 113, 56.835266
96897, 114, 27.011364
96898, 115, 69.64953
96899, 108, 5.455649
96900, 119, 84.67282
96901, 112, 17.104992
96902, 110, 6.830576
96903, 104, 111.51254
96904, 105, 147.19931
96905, 104, 16.187864
96906, 100, 17.434725
96907, 100, 116.89639
96908, 110, 40.096397
96909, 110, 144.99791
96910, 100, 130.62827
96911, 109, 139.13278
96912, 116, 91.57025
96913, 117, 28.988054
96914, 115, 40.318634
96915, 105, 80.239944
96916, 100, 123.54561
96917, 115, 66.33775
96918, 104, 122.2912
96919, 104, 30.89101
96920, 116, 70.12865
96921, 106, 22.453505
96922, 108, 134.67307
96923, 115, 77.33297
96924, 110, 114.09098
96925, 109, 104.08686
96926, 109, 39.40992
96927, 115, 87.63026
96928, 119, 95.86679
96929, 111, 147.21191
96930, 101, 111.7973
96931, 113, 109.430984
96932, 106, 57.85631
96933, 117, 84.77964
96934, 100, 135.64734
96935, 112, 67.992065
96936, 105, 68.33274
96937, 110, 112.22423
96938, 105, 134.41556
96939, 112, 141.95815
96940, 116, 46.401016
96941, 111, 30.556377
96942, 107, 42.03304
96943, 105, 97.4021
96944, 116, 97.868034
96945, 113, 2.2094517
96946, 112, 22.555822
96947, 119, 10.215086
96948, 101, 16.096561
96949, 100, 44.525974
96950, 109, 14.127552
96951, 119, 4.72776
96952, 103, 101.38435
96953, 104, 50.6621
96954, 102, 94.90904
96955, 111, 141.75864
96956, 109, 6.7094746
96957, 111, 38.391235
96958, 100, 51.08319
96959, 105, 133.14804
96960, 104, 97.50532
96961, 102, 88.29406
96962, 103, 35.301857
96963, 102, 86.475395
96964, 111, 26.255688
96965, 114, 79.13213
96966, 108, 108.76262
96967, 114, 72.79656
96968, 102, 18.40901
96969, 101, 40.041904
96970, 117, 47.1991
96971, 108, 55.98127
96972, 101, 24.35513
96973, 115, 6.2437353
96974, 105, 60.30425
96975, 101, 68.81839
96976, 109, 126.94737
96977, 102, 0.17898381
96978, 102, 44.564438
96979, 116, 136.3278
96980, 112, 142.58505
96981, 111, 138.54054
96982, 119, 33.48208
96983, 107, 85.24685
96984, 111, 8.239138
96985, 107, 20.308632
96986, 103, 72.41896
96987, 104, 69.69219
96988, 113, 42.064262
96989, 111, 10.048342
96990, 114, 76.98372
96991, 114, 109.41047
96992, 103, 35.84353
96993, 100, 112.548225
96994, 117, 86.30662
96995, 117, 22.722324
96996, 113, 132.68944
96997, 111, 1.7134488
96998, 104, 106.981544
96999, 113, 76.669556
97000, 113, 67.05697
97001, 108, 44.077644
97002, 104, 28.701818
97003, 101, 93.166214
97004, 109, 27.73506
97005, 102, 139.02795
97006, 102, 5.1909685
97007, 113, 130.72287
97008, 117, 124.265366
97009, 102, 38.524704
97010, 116, 72.74717
97011, 116, 32.004128
97012, 106, 124.60766
97013, 103, 26.611671
97014, 106, 135.6945
97015, 110, 132.31429
97016, 114, 72.36855
97017, 109, 144.04393
97018, 100, 27.789732
97019, 110, 104.10805
97020, 103, 10.957638
97021, 108, 42.92802
97022, 107, 124.100395
97023, 106, 143.46045
97024, 102, 91.470825
97025, 111, 13.5320215
97026, 105, 129.89282
97027, 110, 140.37773
97028, 117, 50.84582
97029, 104, 98.37981
97030, 113, 21.6503
97031, 102, 112.34759
97032, 105, 106.83933
97033, 116, 121.67586
97034, 101, 68.4609
97035, 102, 84.75602
97036, 110, 99.13074
97037, 115, 109.47081
97038, 111, 128.18073
97039, 117, 59.375687
97040, 105, 91.8778
97041, 107, 143.21326
97042, 112, 71.49223
97043, 108, 114.21561
97044, 112, 96.56273
97045, 103, 49.54698
97046, 103, 62.860706
97047, 116, 105.233765
97048, 108, 0.45931935
97049, 114, 116.92607
97050, 111, 107.41082
97051, 119, 5.3841324
97052, 103, 91.859055
97053, 100, 0.8354455
97054, 107, 28.234737
97055, 119, 57.837902
97056, 102, 119.23615
97057, 105, 111.146355
97058, 111, 98.68365
97059, 106, 140.64856
97060, 107, 47.002155
97061, 108, 147.94736
97062, 118, 109.29271
97063, 102, 131.87566
97064, 100, 86.52461
97065, 107, 1.0774165
97066, 101, 66.98445
97067, 102, 131.14551
97068, 115, 107.56254
97069, 106, 101.066345
97070, 108, 19.477379
97071, 109, 91.8929
97072, 109, 116.15396
97073, 111, 10.824779
97074, 116, 41.88465
97075, 100, 80.27748
97076, 110, 50.01484
97077, 117, 147.60757
97078, 117, 29.560106
97079, 104, 93.20728
97080, 115, 144.57117
97081, 111, 122.733345
97082, 108, 73.81722
97083, 112, 140.8345
97084, 118, 126.70355
97085, 104, 120.705734
97086, 104, 44.229107
97087, 101, 5.894825
97088, 109, 130.49008
97089, 118, 12.096485
97090, 100, 16.32378
97091, 107, 47.7516
97092, 109, 75.65745
97093, 118, 24.729118
97094, 113, 59.132374
97095, 104, 97.78798
97096, 104, 71.973885
97097, 119, 14.737344
97098, 109, 66.37705
97099, 112, 119.12258
97100, 109, 90.165924
97101, 109, 40.44889
97102, 118, 97.32905
97103, 105, 93.333084
97104, 111, 145.48415
97105, 116, 132.56871
97106, 100, 38.587627
97107, 103, 29.113323
97108, 118, 9.175819
97109, 117, 78.623505
97110, 112, 29.966202
97111, 115, 67.68308
97112, 103, 149.01521
97113, 111, 140.32806
97114, 107, 23.094706
97115, 118, 130.75201
97116, 113, 31.226742
97117, 101, 46.59953
97118, 108, 111.93264
97119, 104, 45.042336
97120, 119, 27.807882
97121, 114, 35.4391
97122, 115, 22.78473
97123, 116, 40.2872
97124, 109, 142.35957
97125, 115, 65.27025
97126, 109, 82.13254
97127, 107, 132.99327
97128, 100, 128.60858
97129, 119, 108.09542
97130, 117, 14.755842
97131, 113, 25.137636
97132, 112, 11.745554
97133, 114, 103.008804
97134, 115, 108.04098
97135, 116, 75.16171
97136, 108, 130.31035
97137, 113, 45.23745
97138, 103, 14.46484
97139, 118, 31.349194
97140, 111, 77.92418
97141, 119, 16.96548
97142, 118, 22.149477
97143, 116, 28.514448
97144, 103, 58.541546
97145, 102, 146.69925
97146, 106, 81.81229
97147, 100, 29.673063
97148, 114, 7.310638
97149, 119, 5.452609
97150, 116, 145.75905
97151, 107, 99.44418
97152, 102, 85.779495
97153, 105, 148.95648
97154, 106, 28.509691
97155, 107, 103.982285
97156, 102, 95.195786
97157, 118, 93.122604
97158, 116, 62.016552
97159, 101, 103.74949
97160, 106, 24.515577
97161, 114, 75.97046
97162, 115, 48.283043
97163, 115, 117.174706
97164, 111, 6.2857747
97165, 106, 97.64451
97166, 101, 41.765
97167, 109, 98.48233
97168, 117, 76.98045
97169, 102, 131.25601
97170, 111, 60.229996
97171, 117, 50.498478
97172, 108, 73.165375
97173, 111, 8.11336
97174, 119, 30.90232
97175, 118, 131.27316
97176, 104, 54.074844
97177, 119, 119.51741
97178, 104, 126.2103
97179, 113, 68.693886
97180, 118, 136.66176
97181, 101, 2.810061
97182, 105, 147.20961
97183, 108, 35.94522
97184, 115, 10.322785
97185, 112, 139.57324
97186, 109, 148.91101
97187, 108, 117.80633
97188, 105, 2.324304
97189, 110, 50.854397
97190, 100, 105.1315
97191, 111, 48.849438
97192, 105, 69.54436
97193, 118, 114.90781
97194, 102, 40.17513
97195, 100, 26.370352
97196, 116, 128.31573
97197, 108, 105.337524
97198, 111, 37.356422
97199, 107, 118.79004
97200, 116, 19.994804
97201, 109, 133.93701
97202, 100, 31.353458
97203, 102, 134.3918
97204, 105, 135.3592
97205, 106, 75.3044
97206, 117, 17.093138
97207, 115, 73.426865
97208, 108, 143.58206
97209, 116, 137.96417
97210, 104, 121.507065
97211, 100, 47.50853
97212, 109, 122.99122
97213, 106, 9.297144
97214, 114, 37.903816
97215, 114, 148.56497
97216, 111, 25.204298
97217, 117, 11.722112
97218, 111, 104.09606
97219, 118, 57.934875
97220, 116, 97.72376
97221, 104, 82.95472
97222, 115, 71.118385
97223, 104, 5.929148
97224, 109, 42.08496
97225, 117, 90.94567
97226, 116, 133.1738
97227, 114, 17.074718
97228, 118, 78.78378
97229, 119, 120.587715
97230, 107, 99.1682
97231, 119, 63.63859
97232, 100, 86.99873
97233, 104, 110.90575
97234, 101, 10.765735
97235, 104, 2.4433494
97236, 114, 149.84251
97237, 105, 68.39066
97238, 104, 30.52158
97239, 101, 60.92392
97240, 108, 47.620296
97241, 118, 60.85706
97242, 102, 95.67011
97243, 106, 32.670288
97244, 100, 3.7700863
97245, 108, 40.519855
97246, 113, 62.04155
97247, 100, 114.59579
97248, 106, 56.380016
97249, 114, 122.65302
97250, 102, 31.470287
97251, 114, 35.95334
97252, 111, 124.63298
97253, 117, 45.947723
97254, 118, 135.38972
97255, 100, 136.23018
97256, 103, 135.1461
97257, 102, 133.85634
97258, 106, 106.40996
97259, 116, 37.16255
97260, 108, 106.69389
97261, 107, 92.236664
97262, 117, 64.83532
97263, 114, 60.399334
97264, 114, 121.08035
97265, 109, 148.94872
97266, 114, 41.36358
97267, 117, 20.590603
97268, 116, 113.34212
97269, 104, 126.03219
97270, 116, 52.087265
97271, 103, 104.02395
97272, 113, 117.886536
97273, 114, 98.70787
97274, 102, 7.5336366
97275, 111, 99.40753
97276, 101, 72.91962
97277, 104, 88.85935
97278, 115, 15.667256
97279, 114, 24.46433
97280, 102, 121.97561
97281, 112, 53.177208
97282, 119, 72.2202
97283, 107, 58.9089
97284, 106, 45.799015
97285, 101, 9.272512
97286, 110, 107.49881
97287, 109, 67.23809
97288, 112, 118.37159
97289, 110, 132.3037
97290, 100, 79.4489
97291, 101, 65.1915
97292, 112, 0.076040626
97293, 103, 37.921688
97294, 105, 115.95556
97295, 112, 16.880062
97296, 112, 70.16993
97297, 104, 146.25891
97298, 107, 16.835537
97299, 111, 60.168655
97300, 104, 53.05152
97301, 104, 140.96358
97302, 101, 87.465195
97303, 101, 98.29883
97304, 116, 0.3600508
97305, 108, 116.52717
97306, 114, 69.89907
97307, 119, 83.21138
97308, 117, 117.40234
97309, 101, 72.50564
97310, 115, 45.706192
97311, 114, 45.79448
97312, 115, 32.072212
97313, 112, 127.96107
97314, 114, 53.212746
97315, 114, 115.55986
97316, 119, 67.10721
97317, 104, 48.07124
97318, 116, 69.464905
97319, 115, 21.724525
97320, 118, 134.03
97321, 113, 71.28545
97322, 110, 92.87889
97323, 114, 133.19315
97324, 113, 105.906395
97325, 117, 57.345055
97326, 102, 60.147892
97327, 106, 76.718056
97328, 116, 112.328514
97329, 114, 29.79337
97330, 101, 126.58377
97331, 103, 62.286865
97332, 107, 36.838917
97333, 115, 70.493385
97334, 117, 81.57407
97335, 111, 34.279106
97336, 112, 36.895985
97337, 108, 28.392952
97338, 116, 34.095203
97339, 100, 143.62582
97340, 104, 110.04684
97341, 111, 21.555912
97342, 107, 93.6963
97343, 119, 8.03167
97344, 106, 120.71273
97345, 115, 52.605595
97346, 119, 28.414276
97347, 107, 13.042018
97348, 119, 49.89708
97349, 119, 29.538855
97350, 107, 48.92377
97351, 115, 2.957037
97352, 113, 25.435862
97353, 111, 24.174759
97354, 111, 10.057819
97355, 110, 96.705025
97356, 100, 105.585014
97357, 107, 81.773125
97358, 101, 102.74674
97359, 111, 139.93526
97360, 102, 103.66063
97361, 107, 118.46168
97362, 100, 98.266525
97363, 119, 116.22623
97364, 112, 52.227287
97365, 112, 35.029087
97366, 107, 139.55132
97367, 104, 89.87569
97368, 114, 106.517296
97369, 102, 25.205711
97370, 112, 53.45487
97371, 115, 10.979265
97372, 103, 14.930428
97373, 113, 26.328617
97374, 107, 105.88568
97375, 107, 5.1778793
97376, 102, 84.915
97377, 103, 135.9134
97378, 119, 146.52563
97379, 107, 116.451645
97380, 118, 86.017265
97381, 100, 45.51757
97382, 117, 110.55668
97383, 101, 129.11496
97384, 114, 82.47501
97385, 104, 93.77865
97386, 105, 93.9777
97387, 116, 38.81323
97388, 113, 12.701538
97389, 110, 47.548637
97390, 105, 42.44609
97391, 110, 17.946411
97392, 104, 2.249041
97393, 115, 104.60301
97394, 109, 35.886795
97395, 107, 49.200718
97396, 106, 14.182385
97397, 107, 88.050385
97398, 107, 114.69993
97399, 101, 73.655235
97400, 106, 38.442886
97401, 105, 37.965363
97402, 100, 122.68649
97403, 109, 62.959297
97404, 106, 24.101347
97405, 117, 39.341156
97406, 113, 40.1487
97407, 108, 128.67476
97408, 110, 14.39698
97409, 115, 45.043293
97410, 102, 103.72096
97411, 110, 97.710594
97412, 113, 111.545395
97413, 104, 75.14535
97414, 118, 148.21007
97415, 103, 46.802185
97416, 109, 28.431765
97417, 115, 9.182408
97418, 101, 1.5152067
97419, 110, 49.398376
97420, 119, 59.37701
97421, 102, 48.251133
97422, 103, 146.80995
97423, 115, 59.787735
97424, 116, 102.13685
97425, 119, 71.12481
97426, 111, 132.9672
97427, 118, 23.22557
97428, 117, 39.38021
97429, 108, 97.091675
97430, 115, 43.505474
97431, 109, 87.166794
97432, 119, 137.9332
97433, 100, 120.961815
97434, 107, 69.171
97435, 103, 13.2024765
97436, 101, 80.571526
97437, 115, 129.17813
97438, 100, 136.84862
97439, 115, 97.68325
97440, 101, 122.59568
97441, 118, 34.938545
97442, 109, 64.58709
97443, 115, 33.58966
97444, 118, 121.13128
97445, 111, 49.555798
97446, 101, 71.17905
97447, 113, 84.158516
97448, 101, 139.33565
97449, 101, 123.68256
97450, 108, 110.64044
97451, 118, 44.41562
97452, 117, 17.657438
97453, 100, 43.68022
97454, 117, 81.03875
97455, 111, 125.36711
97456, 116, 138.31921
97457, 105, 108.02677
97458, 112, 34.160435
97459, 117, 120.1405
97460, 100, 62.482273
97461, 119, 122.979324
97462, 101, 71.57142
97463, 116, 130.74326
97464, 114, 78.997215
97465, 117, 59.91125
97466, 101, 65.867424
97467, 114, 89.907425
97468, 117, 112.13622
97469, 100, 69.88267
97470, 108, 22.832117
97471, 116, 5.994934
97472, 102, 138.12079
97473, 104, 13.954559
97474, 102, 42.986084
97475, 114, 103.37035
97476, 102, 109.94362
97477, 109, 30.700243
97478, 105, 115.369
97479, 109, 124.4333
97480, 101, 98.97547
97481, 103, 148.77267
97482, 106, 101.26111
97483, 119, 74.3398
97484, 113, 13.934406
97485, 110, 58.938156
97486, 118, 68.446754
97487, 119, 94.448616
97488, 109, 133.42102
97489, 119, 113.87632
97490, 118, 23.402668
97491, 119, 104.73621
97492, 106, 51.557125
97493, 113, 116.122826
97494, 104, 108.772644
97495, 114, 82.306274
97496, 101, 42.446915
97497, 112, 5.0035806
97498, 100, 42.41203
97499, 103, 80.43554
97500, 118, 5.8531704
97501, 115, 23.048311
97502, 117, 17.003614
97503, 101, 12.585998
97504, 105, 111.67994
97505, 104, 64.13005
97506, 115, 58.413845
97507, 109, 114.248886
97508, 104, 149.43169
97509, 100, 14.077619
97510, 110, 1.7216653
97511, 110, 102.79527
97512, 112, 29.52742
97513, 110, 122.06105
97514, 100, 37.506035
97515, 106, 23.418804
97516, 114, 84.313255
97517, 118, 147.6037
97518, 101, 58.117085
97519, 103, 144.36343
97520, 118, 87.06556
97521, 101, 75.85076
97522, 111, 42.562366
97523, 116, 22.956947
97524, 103, 87.66584
97525, 111, 92.70753
97526, 108, 144.31361
97527, 115, 104.315346
97528, 103, 65.99787
97529, 116, 99.63714
97530, 106, 69.782
97531, 115, 91.09725
97532, 115, 131.71576
97533, 112, 38.08066
97534, 112, 126.06457
97535, 109, 60.474926
97536, 113, 44.86187
97537, 108, 34.97091
97538, 103, 40.60312
97539, 106, 137.79431
97540, 101, 141.82973
97541, 118, 73.45718
97542, 103, 100.803665
97543, 112, 139.08234
97544, 105, 76.26828
97545, 102, 134.26923
97546, 112, 113.5858
97547, 106, 20.457691
97548, 107, 6.820348
97549, 109, 9.944129
97550, 110, 23.262012
97551, 103, 53.46625
97552, 109, 110.5964
97553, 101, 9.29997
97554, 113, 100.219124
97555, 117, 118.5469
97556, 110, 17.904354
97557, 100, 5.7345448
97558, 108, 38.082157
97559, 107, 10.577864
97560, 100, 13.388738
97561, 102, 99.97901
97562, 110, 36.4092
97563, 115, 39.34653
97564, 106, 147.92905
97565, 100, 79.442795
97566, 104, 21.623486
97567, 107, 24.792614
97568, 113, 133.78238
97569, 111, 79.36682
97570, 117, 36.18872
97571, 113, 26.240086
97572, 116, 64.267784
97573, 104, 125.24893
97574, 116, 17.533484
97575, 112, 37.326263
97576, 113, 128.2693
97577, 116, 123.503654
97578, 105, 76.771576
97579, 112, 148.86032
97580, 108, 117.31894
97581, 109, 77.646095
97582, 119, 76.527214
97583, 112, 14.013505
97584, 113, 86.5915
97585, 117, 75.28144
97586, 106, 114.43939
97587, 100, 54.059074
97588, 111, 17.32362
97589, 100, 110.44111
97590, 109, 42.540424
97591, 112, 18.26815
97592, 101, 133.08281
97593, 118, 120.65963
97594, 109, 34.421925
97595, 107, 45.842503
97596, 102, 41.167526
97597, 109, 5.4059477
97598, 114, 10.602504
97599, 115, 120.29937
97600, 104, 74.792694
97601, 107, 24.262342
97602, 110, 82.033104
97603, 114, 22.161037
97604, 105, 12.2585
97605, 100, 32.161312
97606, 112, 148.46417
97607, 103, 135.11566
97608, 101, 100.15394
97609, 101, 63.848312
97610, 115, 62.77427
97611, 115, 40.197746
97612, 102, 15.251621
97613, 106, 133.64174
97614, 111, 130.48859
97615, 102, 107.923454
97616, 101, 70.30312
97617, 107, 71.83321
97618, 108, 129.92126
97619, 118, 133.84077
97620, 107, 101.323235
97621, 110, 71.53115
97622, 100, 8.358908
97623, 107, 82.981384
97624, 101, 67.36431
97625, 107, 126.38829
97626, 105, 20.597345
97627, 103, 64.924934
97628, 108, 104.46392
97629, 112, 125.04653
97630, 115, 55.645126
97631, 103, 57.58134
97632, 115, 141.7348
97633, 108, 54.819633
97634, 116, 11.989868
97635, 106, 144.8706
97636, 107, 141.89769
97637, 119, 75.643074
97638, 111, 133.02693
97639, 104, 32.583637
97640, 117, 106.15882
97641, 113, 53.815662
97642, 108, 104.95335
97643, 102, 137.16818
97644, 108, 7.9505057
97645, 117, 109.040825
97646, 114, 120.34893
97647, 119, 79.66102
97648, 104, 38.050774
97649, 115, 25.69635
97650, 116, 20.754496
97651, 114, 135.7078
97652, 112, 132.28276
97653, 103, 144.20479
97654, 113, 141.91335
97655, 109, 21.746555
97656, 115, 135.0006
97657, 112, 35.35165
97658, 114, 96.2475
97659, 111, 47.475815
97660, 113, 136.00436
97661, 119, 111.92438
97662, 109, 105.23997
97663, 109, 146.9415
97664, 119, 136.4509
97665, 114, 134.06317
97666, 110, 106.069565
97667, 107, 88.93183
97668, 110, 132.4259
97669, 108, 124.915764
97670, 114, 79.59846
97671, 117, 41.752617
97672, 102, 13.145748
97673, 107, 65.66955
97674, 111, 74.02211
97675, 104, 41.163227
97676, 102, 130.53642
97677, 109, 38.22694
97678, 104, 75.50764
97679, 105, 117.078514
97680, 110, 26.288992
97681, 114, 117.37383
97682, 116, 127.50072
97683, 100, 14.925143
97684, 113, 43.196224
97685, 113, 66.064865
97686, 114, 81.416695
97687, 109, 141.31642
97688, 101, 9.017864
97689, 113, 45.972374
97690, 119, 17.618206
97691, 103, 64.9042
97692, 118, 96.49807
97693, 118, 81.67691
97694, 109, 108.38038
97695, 103, 42.741047
97696, 118, 85.7007
97697, 111, 5.3523483
97698, 107, 12.977922
97699, 115, 111.41488
97700, 108, 129.3902
97701, 119, 73.021545
97702, 103, 103.02803
97703, 108, 41.670013
97704, 110, 10.863474
97705, 115, 100.42883
97706, 105, 130.08133
97707, 117, 136.8817
97708, 114, 138.62143
97709, 106, 122.85051
97710, 100, 23.76178
97711, 101, 149.80946
97712, 113, 34.174026
97713, 105, 78.27573
97714, 102, 110.33323
97715, 100, 143.83826
97716, 119, 0.096309185
97717, 102, 32.830326
97718, 113, 132.17313
97719, 112, 113.20971
97720, 107, 45.513187
97721, 117, 40.81701
97722, 118, 119.77999
97723, 101, 9.834346
97724, 105, 82.0107
97725, 118, 20.605247
97726, 114, 4.5237513
97727, 106, 134.12013
97728, 104, 58.958897
97729, 113, 57.659195
97730, 106, 122.113754
97731, 106, 70.72559
97732, 100, 107.29857
97733, 114, 25.817415
97734, 117, 0.29224455
97735, 104, 148.62236
97736, 103, 81.15645
97737, 119, 121.6408
97738, 101, 47.63832
97739, 118, 5.026254
97740, 116, 75.57706
97741, 119, 29.435787
97742, 110, 142.59686
97743, 103, 5.8903637
97744, 107, 102.261215
97745, 115, 7.6881227
97746, 118, 43.300957
97747, 105, 101.52444
97748, 105, 83.247505
97749, 100, 118.86025
97750, 104, 116.781334
97751, 118, 149.23344
97752, 108, 18.317423
97753, 115, 59.985146
97754, 107, 126.59683
97755, 102, 61.771183
97756, 113, 134.91261
97757, 101, 6.066406
97758, 113, 31.267475
97759, 104, 80.47348
97760, 100, 84.64016
97761, 107, 95.81889
97762, 111, 51.99092
97763, 104, 62.986645
97764, 100, 109.30079
97765, 110, 36.435135
97766, 112, 33.589367
97767, 116, 68.47635
97768, 118, 141.17747
97769, 109, 118.14438
97770, 112, 71.21724
97771, 114, 45.770584
97772, 107, 120.92211
97773, 119, 146.82726
97774, 117, 8.5978565
97775, 113, 11.78652
97776, 100, 41.570045
97777, 109, 100.45362
97778, 108, 40.108986
97779, 112, 127.861725
97780, 101, 124.58023
97781, 112, 49.643486
97782, 112, 113.14575
97783, 114, 11.584416
97784, 103, 77.809586
97785, 107, 90.62227
97786, 109, 104.41516
97787, 110, 38.99026
97788, 102, 134.25056
97789, 118, 16.68308
97790, 103, 125.00898
97791, 110, 148.95589
97792, 103, 25.302055
97793, 111, 97.20808
97794, 115, 132.51537
97795, 119, 124.75996
97796, 103, 26.237404
97797, 101, 139.37883
97798, 116, 92.03874
97799, 113, 70.42566
97800, 119, 45.746864
97801, 101, 85.508385
97802, 112, 51.817963
97803, 111, 36.25423
97804, 107, 124.079956
97805, 119, 143.18927
97806, 115, 143.95084
97807, 110, 130.61911
97808, 118, 108.57141
97809, 102, 109.21884
97810, 119, 95.94014
97811, 108, 127.13154
97812, 106, 96.154434
97813, 117, 17.00779
97814, 117, 71.203125
97815, 111, 30.462456
97816, 104, 72.88018
97817, 110, 81.71894
97818, 101, 26.658619
97819, 113, 141.467
97820, 106, 95.78242
97821, 107, 59.90825
97822, 108, 45.073807
97823, 109, 55.251755
97824, 103, 22.122967
97825, 101, 12.046391
97826, 113, 139.07465
97827, 108, 10.940454
97828, 113, 135.3721
97829, 108, 10.173011
97830, 105, 90.3797
97831, 106, 136.03963
97832, 118, 58.795193
97833, 118, 135.91667
97834, 118, 140.05841
97835, 117, 3.4195125
97836, 100, 55.709427
97837, 107, 51.798088
97838, 115, 88.576996
97839, 105, 137.71315
97840, 100, 135.95319
97841, 114, 40.32923
97842, 113, 62.916122
97843, 107, 10.668844
97844, 106, 60.508
97845, 119, 78.99054
97846, 107, 63.94626
97847, 115, 122.57872
97848, 109, 53.404606
97849, 107, 141.30911
97850, 101, 40.321175
97851, 103, 1.136595
97852, 118, 2.623254
97853, 101, 138.20924
97854, 114, 100.351364
97855, 115, 94.00305
97856, 113, 38.15792
97857, 103, 11.313379
97858, 107, 83.686516
97859, 103, 46.439472
97860, 115, 20.227745
97861, 118, 42.812008
97862, 115, 146.29787
97863, 105, 89.49098
97864, 106, 19.6601
97865, 115, 72.64157
97866, 101, 87.894485
97867, 108, 14.624754
97868, 112, 147.63403
97869, 107, 18.348043
97870, 105, 30.766153
97871, 108, 40.141983
97872, 114, 42.247967
97873, 114, 14.110351
97874, 110, 4.6139627
97875, 115, 33.296757
97876, 106, 34.37772
97877, 107, 113.77314
97878, 117, 37.54947
97879, 102, 23.63551
97880, 119, 106.21683
97881, 105, 143.57869
97882, 113, 65.70255
97883, 111, 143.6788
97884, 114, 23.27696
97885, 109, 68.178055
97886, 110, 33.669777
97887, 113, 145.78642
97888, 107, 64.47399
97889, 110, 106.854004
97890, 113, 105.79164
97891, 100, 146.33832
97892, 101, 22.718025
97893, 117, 0.7346928
97894, 105, 104.07869
97895, 108, 11.158499
97896, 106, 127.29736
97897, 119, 138.47446
97898, 100, 40.367317
97899, 109, 123.35807
97900, 102, 143.41661
97901, 111, 80.30589
97902, 102, 102.66299
97903, 108, 126.99453
97904, 115, 4.499504
97905, 110, 109.1095
97906, 102, 99.62548
97907, 101, 29.82882
97908, 118, 5.164656
97909, 118, 48.44147
97910, 101, 74.05663
97911, 100, 30.428928
97912, 107, 32.352966
97913, 110, 8.09918
97914, 104, 80.24779
97915, 105, 139.0582
97916, 103, 57.178722
97917, 113, 92.52944
97918, 110, 91.42596
97919, 100, 26.660425
97920, 116, 130.80574
97921, 103, 91.79842
97922, 113, 115.95199
97923, 117, 128.99455
97924, 101, 14.872188
97925, 102, 127.777664
97926, 104, 38.549896
97927, 104, 75.44724
97928, 102, 37.45468
97929, 109, 13.772347
97930, 117, 12.17089
97931, 112, 142.34406
97932, 109, 66.44253
97933, 106, 102.94318
97934, 117, 143.9743
97935, 111, 11.613679
97936, 111, 132.2586
97937, 111, 69.00132
97938, 119, 116.70393
97939, 108, 41.60428
97940, 108, 63.603348
97941, 107, 112.48102
97942, 114, 125.33684
97943, 102, 85.82914
97944, 108, 12.544012
97945, 102, 1.1886477
97946, 116, 35.47411
97947, 100, 94.85852
97948, 110, 129.13657
97949, 114, 127.9549
97950, 118, 0.67716837
97951, 100, 114.019936
97952, 105, 108.40475
97953, 116, 9.933749
97954, 102, 102.80763
97955, 116, 30.796114
97956, 115, 76.48139
97957, 101, 126.201004
97958, 116, 102.911316
97959, 104, 17.316448
97960, 114, 107.711205
97961, 109, 118.308914
97962, 106, 55.101505
97963, 106, 84.08942
97964, 101, 14.625666
97965, 114, 99.73906
97966, 118, 4.3239536
97967, 113, 119.483284
97968, 106, 122.3814
97969, 102, 110.57018
97970, 115, 0.6083518
97971, 104, 42.863693
97972, 114, 27.0488
97973, 108, 37.936592
97974, 110, 67.63988
97975, 118, 91.849014
97976, 103, 110.98651
97977, 104, 35.112335
97978, 105, 83.87534
97979, 109, 122.86826
97980, 106, 4.7156096
97981, 111, 81.81522
97982, 105, 14.847591
97983, 110, 129.15547
97984, 103, 120.2366
97985, 100, 76.77929
97986, 101, 50.933666
97987, 104, 118.13984
97988, 103, 91.80655
97989, 100, 115.12938
97990, 114, 19.528574
97991, 113, 55.477757
97992, 109, 128.10149
97993, 114, 125.85914
97994, 108, 2.0294757
97995, 104, 133.92418
97996, 116, 65.30348
97997, 118, 109.013756
97998, 104, 64.695045
97999, 107, 33.481606
98000, 105, 105.22846
98001, 117, 73.988495
98002, 118, 122.44455
98003, 110, 103.96993
98004, 109, 79.71215
98005, 116, 8.240596
98006, 110, 75.963066
98007, 110, 146.85258
98008, 116, 63.74993
98009, 116, 91.90321
98010, 119, 31.839367
98011, 118, 38.429745
98012, 100, 148.79375
98013, 107, 119.3084
98014, 114, 2.1057577
98015, 111, 22.968605
98016, 100, 142.50256
98017, 110, 88.23926
98018, 110, 64.77434
98019, 106, 7.149249
98020, 106, 20.312674
98021, 110, 111.543625
98022, 117, 132.02936
98023, 106, 17.30883
98024, 114, 1.4587015
98025, 111, 27.36421
98026, 110, 147.81493
98027, 114, 59.05755
98028, 116, 91.33599
98029, 112, 9.293926
98030, 100, 99.745125
98031, 110, 67.204865
98032, 114, 113.98392
98033, 116, 10.115469
98034, 109, 21.910948
98035, 113, 103.630455
98036, 116, 84.94472
98037, 102, 90.0602
98038, 114, 27.765602
98039, 109, 85.92063
98040, 110, 133.57787
98041, 106, 79.59001
98042, 117, 29.32857
98043, 112, 106.0294
98044, 112, 92.566414
98045, 117, 132.0442
98046, 115, 110.77914
98047, 115, 26.973492
98048, 101, 30.881416
98049, 118, 129.9585
98050, 116, 86.1431
98051, 114, 51.245247
98052, 102, 49.91555
98053, 103, 107.96054
98054, 101, 39.8689
98055, 112, 11.917734
98056, 110, 65.76872
98057, 107, 24.698513
98058, 100, 123.285255
98059, 108, 12.190551
98060, 104, 149.36964
98061, 103, 31.00099
98062, 116, 7.5458765
98063, 119, 24.602339
98064, 112, 48.221603
98065, 111, 59.3495
98066, 109, 134.6772
98067, 101, 121.47091
98068, 114, 62.0323
98069, 115, 17.67683
98070, 117, 24.036608
98071, 116, 109.89471
98072, 107, 17.293015
98073, 108, 100.27519
98074, 105, 43.360992
98075, 106, 143.54347
98076, 117, 119.5358
98077, 104, 109.08884
98078, 105, 126.71535
98079, 113, 48.67463
98080, 104, 88.633194
98081, 100, 141.08879
98082, 119, 33.911007
98083, 102, 58.154556
98084, 115, 48.538025
98085, 114, 126.05147
98086, 113, 96.406555
98087, 117, 131.99323
98088, 100, 19.808838
98089, 106, 16.170984
98090, 111, 124.38112
98091, 100, 87.996735
98092, 104, 103.19415
98093, 108, 133.13605
98094, 101, 65.878075
98095, 108, 76.91774
98096, 118, 56.66027
98097, 110, 76.11035
98098, 107, 14.747313
98099, 117, 56.23733
98100, 112, 31.715736
98101, 115, 97.24928
98102, 105, 121.68688
98103, 118, 129.73311
98104, 113, 23.75291
98105, 114, 14.875022
98106, 111, 140.30388
98107, 112, 40.930046
98108, 105, 82.38631
98109, 112, 71.6714
98110, 106, 121.13096
98111, 101, 32.425083
98112, 110, 30.118488
98113, 117, 42.8531
98114, 119, 115.22106
98115, 107, 3.330946
98116, 112, 23.813063
98117, 111, 104.551155
98118, 107, 77.0454
98119, 115, 65.72677
98120, 112, 121.66545
98121, 115, 50.840504
98122, 108, 133.90984
98123, 119, 142.00923
98124, 104, 5.656609
98125, 109, 125.309204
98126, 106, 87.80748
98127, 118, 119.18631
98128, 116, 104.398125
98129, 108, 113.62525
98130, 119, 113.44576
98131, 110, 17.942745
98132, 107, 107.21315
98133, 116, 117.25586
98134, 109, 99.212364
98135, 114, 115.48459
98136, 116, 128.65019
98137, 104, 32.5361
98138, 112, 61.311176
98139, 109, 50.20913
98140, 113, 37.65721
98141, 103, 113.1229
98142, 100, 26.98955
98143, 111, 140.78026
98144, 101, 112.218094
98145, 118, 94.78006
98146, 106, 91.867134
98147, 105, 123.41021
98148, 104, 67.68989
98149, 119, 148.09892
98150, 111, 27.89527
98151, 105, 65.27357
98152, 110, 100.04239
98153, 109, 127.94276
98154, 116, 137.94725
98155, 100, 57.779976
98156, 105, 138.49619
98157, 103, 57.227398
98158, 104, 107.41304
98159, 116, 40.56866
98160, 112, 146.84203
98161, 118, 126.39252
98162, 107, 41.02907
98163, 106, 13.885
98164, 100, 40.93487
98165, 100, 131.81145
98166, 102, 52.7664
98167, 106, 113.01757
98168, 113, 27.093332
98169, 103, 50.094994
98170, 115, 39.649906
98171, 103, 110.064186
98172, 107, 108.05413
98173, 101, 59.866726
98174, 109, 100.967316
98175, 119, 27.966902
98176, 105, 6.72597
98177, 102, 17.684072
98178, 116, 23.644941
98179, 114, 71.70436
98180, 103, 78.7512
98181, 117, 56.613205
98182, 106, 101.29569
98183, 101, 123.642815
98184, 102, 29.7656
98185, 111, 36.00481
98186, 100, 83.89553
98187, 105, 9.329009
98188, 103, 115.93312
98189, 107, 126.318344
98190, 111, 126.44467
98191, 106, 2.3332
98192, 111, 106.030426
98193, 111, 58.14592
98194, 112, 148.07301
98195, 111, 93.91126
98196, 117, 103.893524
98197, 117, 95.09411
98198, 107, 43.679443
98199, 114, 31.622046
98200, 109, 149.7059
98201, 103, 106.266975
98202, 119, 43.01776
98203, 105, 108.75726
98204, 114, 26.194918
98205, 109, 121.80893
98206, 117, 145.95677
98207, 110, 128.71486
98208, 102, 38.253075
98209, 106, 104.97803
98210, 116, 34.32752
98211, 101, 45.805157
98212, 119, 23.355345
98213, 104, 48.18443
98214, 115, 54.85004
98215, 110, 56.477676
98216, 108, 76.876656
98217, 100, 121.39146
98218, 115, 35.412823
98219, 112, 19.992363
98220, 118, 49.17193
98221, 114, 53.593887
98222, 100, 132.17743
98223, 108, 120.21367
98224, 117, 143.49629
98225, 103, 78.20006
98226, 108, 94.63514
98227, 118, 69.99911
98228, 116, 67.77989
98229, 103, 135.78397
98230, 111, 108.124886
98231, 115, 3.2743871
98232, 105, 57.91636
98233, 112, 123.38765
98234, 116, 75.17778
98235, 118, 146.71878
98236, 103, 109.26243
98237, 113, 126.93756
98238, 109, 0.663954
98239, 110, 108.918274
98240, 107, 116.911026
98241, 111, 77.411674
98242, 109, 1.9141138
98243, 105, 38.304073
98244, 102, 98.54163
98245, 113, 106.814835
98246, 103, 91.17072
98247, 107, 77.37375
98248, 110, 1.3484359
98249, 110, 117.52682
98250, 101, 147.10944
98251, 106, 125.87346
98252, 115, 98.2948
98253, 111, 138.31662
98254, 119, 32.65002
98255, 103, 123.175446
98256, 113, 75.864815
98257, 111, 146.60323
98258, 110, 123.77288
98259, 117, 131.00592
98260, 104, 18.479776
98261, 105, 11.216534
98262, 114, 29.445515
98263, 119, 93.92727
98264, 103, 38.44977
98265, 101, 41.110764
98266, 101, 23.781216
98267, 110, 84.77065
98268, 118, 44.985546
98269, 111, 48.072857
98270, 119, 37.85431
98271, 104, 36.544384
98272, 100, 113.14673
98273, 109, 131.25299
98274, 103, 98.84245
98275, 107, 62.8509
98276, 119, 76.973236
98277, 109, 28.33313
98278, 105, 141.23334
98279, 118, 84.64928
98280, 118, 139.07774
98281, 118, 9.223607
98282, 113, 94.018745
98283, 104, 4.1404457
98284, 111, 62.32125
98285, 109, 118.07908
98286, 115, 108.10977
98287, 100, 15.454093
98288, 106, 129.46707
98289, 109, 2.2814422
98290, 106, 27.509577
98291, 101, 19.134565
98292, 102, 123.03397
98293, 114, 120.682556
98294, 104, 149.73828
98295, 109, 131.60094
98296, 106, 106.893585
98297, 113, 148.82217
98298, 112, 71.45007
98299, 109, 13.167474
98300, 118, 141.90173
98301, 119, 132.33385
98302, 112, 116.52693
98303, 101, 19.553482
98304, 114, 21.765411
98305, 101, 12.630174
98306, 116, 127.650154
98307, 119, 22.797676
98308, 103, 24.329754
98309, 105, 39.16101
98310, 119, 117.57493
98311, 111, 3.607589
98312, 103, 52.4443
98313, 106, 91.90246
98314, 112, 118.921974
98315, 116, 27.352148
98316, 112, 21.24761
98317, 116, 89.68085
98318, 110, 37.18773
98319, 116, 20.697365
98320, 100, 6.8482428
98321, 119, 8.103382
98322, 115, 46.972248
98323, 101, 67.69043
98324, 104, 89.07987
98325, 102, 19.476324
98326, 116, 85.676
98327, 113, 4.0305734
98328, 107, 6.1184855
