76879, 106, 75.67089
76880, 112, 58.791653
76881, 115, 32.261047
76882, 117, 51.35976
76883, 106, 107.06749
76884, 109, 120.957184
76885, 110, 65.3231
76886, 114, 5.2334814
76887, 104, 146.25233
76888, 110, 1.3136029
76889, 107, 71.24098
76890, 112, 88.9062
76891, 109, 97.109924
76892, 104, 138.58789
76893, 102, 25.469898
76894, 119, 58.454304
76895, 112, 2.4081855
76896, 107, 132.57011
76897, 103, 51.937374
76898, 100, 121.39676
76899, 112, 122.69504
76900, 100, 140.56093
76901, 107, 28.39905
76902, 101, 80.80461
76903, 117, 30.219921
76904, 110, 122.93824
76905, 113, 5.502695
76906, 106, 123.3374
76907, 106, 132.77415
76908, 116, 47.476665
76909, 112, 115.36411
76910, 104, 114.66077
76911, 109, 57.25086
76912, 106, 144.1495
76913, 114, 61.453117
76914, 105, 60.67569
76915, 113, 32.4992
76916, 112, 1.1816382
76917, 101, 133.33421
76918, 113, 99.13596
76919, 108, 79.44039
76920, 100, 15.4753895
76921, 101, 17.94439
76922, 115, 77.99873
76923, 113, 42.849075
76924, 111, 146.0583
76925, 104, 37.36637
76926, 118, 95.58625
76927, 119, 144.82718
76928, 107, 147.68079
76929, 100, 103.18976
76930, 111, 49.336052
76931, 115, 113.87028
76932, 101, 103.9705
76933, 114, 107.32185
76934, 109, 89.78698
76935, 111, 7.109168
76936, 117, 69.91419
76937, 118, 28.393757
76938, 117, 62.617893
76939, 103, 57.24495
76940, 100, 35.16166
76941, 111, 30.902294
76942, 113, 109.91462
76943, 111, 112.548836
76944, 102, 57.915607
76945, 112, 73.73423
76946, 101, 82.04814
76947, 103, 23.271168
76948, 104, 103.1785
76949, 100, 95.43117
76950, 115, 0.34380555
76951, 111, 85.31691
76952, 113, 131.79042
76953, 111, 78.70711
76954, 115, 72.43095
76955, 105, 65.40954
76956, 113, 18.212833
76957, 103, 102.11578
76958, 112, 32.780457
76959, 100, 33.52681
76960, 113, 118.02625
76961, 107, 149.66927
76962, 103, 4.2361555
76963, 116, 60.816772
76964, 110, 55.16442
76965, 117, 130.28745
76966, 119, 116.758835
76967, 102, 144.27225
76968, 101, 45.494602
76969, 106, 43.066532
76970, 118, 25.6982
76971, 103, 107.25323
76972, 106, 44.10187
76973, 119, 130.0432
76974, 111, 142.64865
76975, 119, 117.402596
76976, 111, 12.138954
76977, 115, 125.08248
76978, 100, 119.53729
76979, 115, 58.185543
76980, 108, 113.58075
76981, 117, 99.202705
76982, 115, 28.534948
76983, 118, 109.6083
76984, 110, 51.47034
76985, 107, 56.115345
76986, 119, 117.10053
76987, 109, 3.8994222
76988, 105, 123.85878
76989, 102, 93.82593
76990, 112, 25.00053
76991, 106, 104.79741
76992, 107, 114.26407
76993, 117, 149.38942
76994, 114, 56.464317
76995, 112, 59.615948
76996, 106, 144.92897
76997, 105, 124.60936
76998, 104, 12.11046
76999, 111, 104.228775
77000, 110, 128.47874
77001, 115, 108.75857
77002, 101, 19.988474
77003, 115, 65.669106
77004, 111, 80.180016
77005, 115, 5.09803
77006, 107, 142.3244
77007, 116, 94.21781
77008, 116, 18.529781
77009, 118, 74.796646
77010, 111, 95.006935
77011, 114, 24.06469
77012, 107, 123.64546
77013, 109, 44.304012
77014, 107, 142.33649
77015, 111, 87.79584
77016, 107, 34.282673
77017, 102, 145.0482
77018, 118, 11.74247
77019, 103, 38.132313
77020, 108, 116.221466
77021, 101, 47.803627
77022, 103, 89.93047
77023, 100, 99.95302
77024, 106, 136.14706
77025, 113, 142.66454
77026, 104, 16.387054
77027, 118, 114.24571
77028, 113, 34.534943
77029, 115, 94.03981
77030, 117, 124.554054
77031, 112, 82.267426
77032, 117, 103.392204
77033, 113, 56.4703
77034, 102, 24.735653
77035, 119, 103.68991
77036, 106, 133.28702
77037, 101, 117.227844
77038, 110, 122.00669
77039, 108, 141.69496
77040, 118, 25.868029
77041, 113, 112.28721
77042, 110, 140.66138
77043, 101, 80.515015
77044, 113, 118.700424
77045, 108, 69.5197
77046, 104, 105.28514
77047, 100, 99.05024
77048, 114, 9.786299
77049, 116, 104.7471
77050, 103, 31.891903
77051, 101, 90.89739
77052, 103, 63.02373
77053, 116, 44.460835
77054, 101, 93.47903
77055, 116, 21.007902
77056, 119, 148.28761
77057, 101, 55.49366
77058, 105, 32.86382
77059, 111, 136.20512
77060, 118, 62.032665
77061, 115, 76.77353
77062, 114, 33.85165
77063, 102, 84.29546
77064, 111, 147.05316
77065, 106, 55.236374
77066, 107, 136.48111
77067, 103, 112.67598
77068, 113, 79.977196
77069, 110, 148.11804
77070, 103, 83.97957
77071, 110, 25.829468
77072, 118, 30.942455
77073, 117, 139.44788
77074, 114, 90.48233
77075, 113, 39.128834
77076, 119, 28.003906
77077, 117, 116.236145
77078, 112, 135.07065
77079, 108, 144.45436
77080, 106, 28.71244
77081, 108, 101.03163
77082, 112, 2.9426694
77083, 110, 94.53052
77084, 111, 47.236107
77085, 101, 112.289444
77086, 111, 83.95143
77087, 115, 93.0007
77088, 112, 104.86501
77089, 114, 55.493294
77090, 107, 18.94428
77091, 102, 146.93138
77092, 112, 79.64393
77093, 116, 42.833126
77094, 100, 48.970627
77095, 101, 0.2782613
77096, 116, 114.82398
77097, 116, 119.08611
77098, 117, 10.932353
77099, 115, 17.287258
77100, 108, 88.42196
77101, 102, 83.64941
77102, 115, 127.85041
77103, 112, 107.052925
77104, 119, 18.644875
77105, 119, 17.356565
77106, 107, 149.37685
77107, 114, 75.77773
77108, 103, 125.70483
77109, 102, 122.71344
77110, 118, 33.54865
77111, 116, 51.0221
77112, 105, 28.899845
77113, 108, 94.13511
77114, 109, 16.696743
77115, 107, 137.01274
77116, 115, 16.63371
77117, 116, 131.58142
77118, 109, 108.44375
77119, 104, 145.18858
77120, 118, 56.168415
77121, 109, 79.96056
77122, 118, 63.234337
77123, 108, 5.929309
77124, 118, 135.51611
77125, 116, 69.724106
77126, 100, 87.417755
77127, 103, 148.27844
77128, 110, 105.65722
77129, 115, 148.80612
77130, 110, 61.573586
77131, 112, 8.509818
77132, 115, 39.742104
77133, 115, 112.40421
77134, 117, 45.93595
77135, 106, 137.52852
77136, 115, 90.768394
77137, 112, 105.739784
77138, 107, 98.4713
77139, 100, 145.48761
77140, 107, 149.36005
77141, 109, 35.8972
77142, 105, 34.845776
77143, 110, 139.25577
77144, 119, 111.32507
77145, 114, 33.975334
77146, 116, 87.23879
77147, 108, 17.097706
77148, 118, 129.21849
77149, 104, 1.5558064
77150, 107, 145.41414
77151, 111, 25.146202
77152, 115, 105.1105
77153, 103, 59.180607
77154, 108, 71.88699
77155, 108, 117.25651
77156, 110, 121.756294
77157, 104, 90.33262
77158, 105, 103.87959
77159, 117, 116.960495
77160, 100, 36.960564
77161, 114, 92.728035
77162, 112, 12.920541
77163, 111, 48.794987
77164, 105, 57.622166
77165, 116, 17.489676
77166, 112, 133.76575
77167, 101, 46.217422
77168, 109, 26.887733
77169, 105, 127.04254
77170, 118, 120.55529
77171, 102, 26.070034
77172, 116, 24.67103
77173, 101, 102.8003
77174, 103, 112.14654
77175, 112, 72.60255
77176, 114, 82.186745
77177, 107, 48.474007
77178, 107, 115.385025
77179, 109, 58.98923
77180, 102, 75.88685
77181, 111, 12.555385
77182, 109, 149.50359
77183, 111, 92.49438
77184, 119, 60.838017
77185, 109, 5.3515615
77186, 100, 117.188156
77187, 115, 116.73754
77188, 118, 95.22918
77189, 113, 24.540728
77190, 112, 128.80493
77191, 100, 14.059326
77192, 112, 134.76086
77193, 111, 105.559
77194, 114, 28.859362
77195, 106, 12.749916
77196, 119, 26.203207
77197, 100, 56.1248
77198, 114, 65.411415
77199, 106, 76.820335
77200, 103, 121.27782
77201, 107, 23.72667
77202, 110, 87.44536
77203, 108, 67.701706
77204, 115, 91.042206
77205, 119, 100.13129
77206, 118, 94.37665
77207, 115, 125.72838
77208, 100, 145.60785
77209, 109, 60.828655
77210, 103, 115.68289
77211, 110, 101.93566
77212, 101, 145.3312
77213, 114, 15.532708
77214, 116, 146.70598
77215, 108, 124.348625
77216, 102, 108.07982
77217, 118, 30.11874
77218, 105, 141.0936
77219, 116, 119.20167
77220, 118, 51.382988
77221, 111, 105.34009
77222, 110, 133.19261
77223, 112, 105.06118
77224, 109, 77.895325
77225, 104, 83.2801
77226, 108, 84.39725
77227, 102, 147.8169
77228, 111, 128.46558
77229, 114, 101.63343
77230, 106, 125.85025
77231, 106, 62.129288
77232, 103, 62.918385
77233, 117, 119.273155
77234, 115, 45.749847
77235, 105, 106.55986
77236, 105, 9.396198
77237, 107, 37.979347
77238, 118, 112.20511
77239, 104, 20.348757
77240, 117, 113.113525
77241, 119, 119.092
77242, 117, 99.468834
77243, 106, 98.97479
77244, 107, 44.885525
77245, 116, 107.20532
77246, 104, 147.53668
77247, 115, 141.22864
77248, 113, 86.79913
77249, 117, 43.10975
77250, 107, 81.508064
77251, 119, 7.6881943
77252, 119, 41.17066
77253, 118, 76.89446
77254, 109, 92.33895
77255, 116, 88.15807
77256, 119, 121.869606
77257, 108, 138.91994
77258, 107, 3.769201
77259, 113, 112.72128
77260, 112, 48.750515
77261, 116, 49.127655
77262, 113, 1.0659903
77263, 107, 4.505163
77264, 100, 47.375114
77265, 118, 106.30629
77266, 100, 4.282647
77267, 102, 50.648544
77268, 100, 11.059088
77269, 112, 82.17092
77270, 112, 55.804825
77271, 107, 54.31728
77272, 114, 147.12633
77273, 103, 114.56744
77274, 118, 34.068428
77275, 108, 82.951385
77276, 117, 87.246826
77277, 110, 148.71094
77278, 109, 32.99903
77279, 114, 5.374405
77280, 118, 108.59188
77281, 103, 111.198685
77282, 109, 125.04434
77283, 102, 100.53134
77284, 113, 18.46811
77285, 108, 123.921104
77286, 104, 91.229645
77287, 107, 39.876392
77288, 106, 115.15065
77289, 102, 67.36487
77290, 101, 138.98146
77291, 109, 101.29296
77292, 111, 40.286915
77293, 114, 140.87361
77294, 112, 39.950825
77295, 114, 121.07254
77296, 118, 87.50061
77297, 119, 54.49528
77298, 101, 112.85125
77299, 113, 29.211912
77300, 105, 149.2822
77301, 119, 92.96785
77302, 114, 51.853527
77303, 117, 89.262596
77304, 116, 4.795897
77305, 107, 149.90761
77306, 103, 6.4596086
77307, 110, 77.400246
77308, 110, 5.456543
77309, 117, 120.59588
77310, 119, 110.43984
77311, 112, 105.896675
77312, 108, 100.645775
77313, 118, 85.91892
77314, 116, 51.67565
77315, 103, 32.53118
77316, 103, 74.92683
77317, 110, 146.88641
77318, 116, 12.932592
77319, 100, 130.30557
77320, 113, 77.01238
77321, 101, 15.762091
77322, 118, 117.5905
77323, 101, 106.24839
77324, 113, 57.18189
77325, 118, 64.57231
77326, 117, 120.30269
77327, 105, 86.13563
77328, 107, 32.447033
77329, 103, 133.28964
77330, 100, 9.359103
77331, 110, 79.39073
77332, 103, 121.62911
77333, 113, 107.19479
77334, 108, 85.95536
77335, 103, 71.790146
77336, 110, 129.05052
77337, 109, 55.52576
77338, 110, 80.38802
77339, 104, 101.82885
77340, 111, 24.180803
77341, 113, 4.429454
77342, 111, 41.99058
77343, 101, 69.15618
77344, 100, 86.757095
77345, 110, 19.204456
77346, 102, 73.941216
77347, 104, 90.471405
77348, 114, 127.8315
77349, 113, 114.90237
77350, 110, 20.906586
77351, 117, 69.772285
77352, 101, 43.615803
77353, 106, 5.120283
77354, 115, 84.89415
77355, 107, 12.271205
77356, 100, 88.82689
77357, 112, 74.35828
77358, 118, 136.33604
77359, 107, 76.417564
77360, 107, 144.88188
77361, 112, 111.67434
77362, 103, 86.870964
77363, 119, 41.7178
77364, 110, 140.59924
77365, 100, 67.671364
77366, 111, 3.8495243
77367, 112, 139.0441
77368, 110, 143.20227
77369, 109, 17.563524
77370, 109, 97.52566
77371, 105, 65.662735
77372, 112, 108.62657
77373, 100, 145.79579
77374, 113, 78.05933
77375, 108, 128.44171
77376, 109, 112.33306
77377, 117, 107.25163
77378, 114, 116.14791
77379, 112, 39.331654
77380, 104, 134.59149
77381, 109, 99.54299
77382, 106, 28.309519
77383, 104, 51.20537
77384, 119, 61.9541
77385, 111, 50.39818
77386, 119, 137.05623
77387, 112, 132.25285
77388, 102, 104.52733
77389, 109, 9.48928
77390, 114, 124.133644
77391, 107, 134.75478
77392, 109, 73.44719
77393, 111, 98.25601
77394, 118, 49.87152
77395, 111, 30.03239
77396, 106, 56.527214
77397, 105, 90.70383
77398, 104, 123.37377
77399, 109, 23.004385
77400, 114, 18.842796
77401, 117, 1.2595296
77402, 114, 66.41942
77403, 102, 104.1128
77404, 104, 57.310688
77405, 100, 112.103165
77406, 113, 3.007561
77407, 116, 35.358006
77408, 109, 124.104576
77409, 115, 30.592686
77410, 113, 136.63896
77411, 106, 121.68546
77412, 117, 138.78064
77413, 102, 72.0289
77414, 102, 39.666134
77415, 113, 100.00785
77416, 114, 86.6001
77417, 112, 127.51245
77418, 103, 132.41216
77419, 100, 117.2871
77420, 108, 29.433685
77421, 110, 101.67961
77422, 106, 144.30478
77423, 112, 119.30409
77424, 111, 139.09369
77425, 116, 44.97039
77426, 113, 50.42594
77427, 112, 27.379284
77428, 113, 77.43669
77429, 118, 2.5188446
77430, 101, 2.4959474
77431, 115, 50.381737
77432, 109, 123.17126
77433, 106, 67.11813
77434, 117, 132.0364
77435, 119, 98.659294
77436, 108, 92.75952
77437, 104, 67.28606
77438, 101, 121.74362
77439, 112, 12.808755
77440, 108, 80.79545
77441, 108, 97.93831
77442, 101, 20.763525
77443, 114, 68.42891
77444, 119, 132.01646
77445, 107, 99.93776
77446, 112, 43.112297
77447, 100, 87.13909
77448, 109, 87.96954
77449, 106, 128.40154
77450, 107, 123.503006
77451, 109, 3.121215
77452, 112, 69.368614
77453, 107, 15.219784
77454, 116, 92.329704
77455, 109, 4.8080297
77456, 115, 57.76368
77457, 115, 148.29544
77458, 107, 51.29033
77459, 104, 111.23824
77460, 117, 21.831814
77461, 100, 21.92705
77462, 106, 45.64493
77463, 117, 58.963413
77464, 108, 46.39828
77465, 100, 62.49224
77466, 116, 124.06906
77467, 100, 128.9155
77468, 115, 98.9386
77469, 108, 38.16592
77470, 113, 58.163013
77471, 113, 39.658077
77472, 103, 117.3406
77473, 116, 143.85507
77474, 119, 67.58601
77475, 111, 139.60378
77476, 105, 142.22829
77477, 119, 73.590775
77478, 108, 111.69032
77479, 106, 32.185276
77480, 110, 68.43213
77481, 107, 40.01669
77482, 114, 95.37709
77483, 114, 92.33908
77484, 109, 17.41011
77485, 114, 130.02855
77486, 109, 90.14922
77487, 105, 21.524996
77488, 115, 113.57228
77489, 102, 57.719055
77490, 108, 8.477229
77491, 102, 100.60841
77492, 105, 31.165712
77493, 101, 121.37641
77494, 100, 59.43465
77495, 101, 129.87337
77496, 103, 29.917654
77497, 110, 7.2453527
77498, 118, 68.16243
77499, 114, 65.90906
77500, 103, 98.42762
77501, 107, 83.92259
77502, 114, 118.53545
77503, 106, 64.44802
77504, 115, 130.43512
77505, 104, 123.45317
77506, 100, 35.81314
77507, 107, 40.86822
77508, 106, 30.946281
77509, 114, 118.09418
77510, 111, 54.497097
77511, 102, 16.832766
77512, 119, 42.587917
77513, 103, 47.98716
77514, 101, 69.34469
77515, 103, 49.24872
77516, 115, 30.324608
77517, 102, 54.323574
77518, 112, 9.404245
77519, 109, 128.44485
77520, 106, 42.24963
77521, 119, 62.791615
77522, 116, 10.674646
77523, 109, 0.51841736
77524, 108, 34.560318
77525, 108, 3.6989808
77526, 108, 92.171486
77527, 112, 43.911945
77528, 118, 11.335909
77529, 118, 75.93502
77530, 106, 128.91254
77531, 115, 125.19073
77532, 114, 29.917305
77533, 111, 107.5444
77534, 118, 98.12086
77535, 111, 37.97029
77536, 114, 2.755022
77537, 101, 65.26202
77538, 101, 128.992
77539, 113, 148.41997
77540, 111, 34.25975
77541, 113, 51.811356
77542, 116, 137.52582
77543, 115, 76.52783
77544, 111, 16.62604
77545, 109, 113.06854
77546, 110, 95.44696
77547, 107, 131.3272
77548, 118, 89.53653
77549, 102, 93.26977
77550, 106, 0.9615898
77551, 111, 37.59209
77552, 104, 95.412056
77553, 103, 109.45443
77554, 118, 63.482193
77555, 116, 101.99521
77556, 105, 33.61887
77557, 114, 104.66231
77558, 119, 51.12901
77559, 106, 140.83913
77560, 102, 103.922
77561, 105, 8.754185
77562, 114, 29.515547
77563, 100, 101.84388
77564, 111, 1.2235612
77565, 113, 61.432556
77566, 115, 11.716997
77567, 113, 123.65189
77568, 108, 149.43105
77569, 107, 19.989378
77570, 110, 104.230545
77571, 112, 31.302479
77572, 111, 35.328144
77573, 116, 146.27702
77574, 106, 119.48527
77575, 102, 87.07244
77576, 105, 0.22710264
77577, 106, 36.850388
77578, 110, 89.336395
77579, 119, 68.89468
77580, 100, 56.68393
77581, 109, 95.79885
77582, 108, 115.11194
77583, 111, 144.43477
77584, 106, 5.580604
77585, 104, 76.85565
77586, 109, 93.120514
77587, 113, 113.905556
77588, 104, 69.17085
77589, 112, 105.71717
77590, 106, 45.58684
77591, 111, 69.955986
77592, 111, 21.524647
77593, 104, 90.07634
77594, 110, 22.392645
77595, 102, 82.48969
77596, 118, 58.620052
77597, 110, 137.98991
77598, 113, 116.95532
77599, 115, 102.02548
77600, 115, 118.76613
77601, 119, 43.801895
77602, 106, 31.750362
77603, 115, 70.54065
77604, 113, 37.17058
77605, 112, 117.75881
77606, 103, 122.99344
77607, 117, 73.44769
77608, 101, 75.40997
77609, 108, 113.9849
77610, 107, 93.562065
77611, 117, 23.456892
77612, 103, 141.52405
77613, 119, 40.594536
77614, 112, 81.12467
77615, 106, 74.513306
77616, 106, 59.720234
77617, 103, 16.67979
77618, 111, 98.628784
77619, 116, 77.856285
77620, 105, 51.160248
77621, 114, 0.5561203
77622, 103, 31.035107
77623, 104, 34.948887
77624, 109, 50.29494
77625, 118, 80.23446
77626, 105, 103.358635
77627, 112, 105.151436
77628, 108, 119.90655
77629, 117, 18.453089
77630, 118, 27.59133
77631, 104, 103.7014
77632, 102, 74.402626
77633, 107, 92.77512
77634, 103, 112.836395
77635, 108, 33.317356
77636, 100, 74.03566
77637, 106, 87.314064
77638, 103, 51.000603
77639, 102, 60.651836
77640, 112, 33.306858
77641, 106, 65.429054
77642, 106, 17.038572
77643, 108, 139.81255
77644, 118, 143.39017
77645, 101, 109.542786
77646, 118, 76.67043
77647, 112, 72.69562
77648, 107, 35.947556
77649, 114, 85.1167
77650, 112, 12.226206
77651, 117, 132.3126
77652, 109, 51.83546
77653, 110, 57.220924
77654, 112, 6.0392437
77655, 108, 18.192074
77656, 117, 24.365974
77657, 106, 83.43462
77658, 115, 35.829334
77659, 114, 3.5531938
77660, 107, 105.190865
77661, 116, 46.000805
77662, 107, 54.51157
77663, 119, 42.721546
77664, 112, 51.35131
77665, 104, 72.433044
77666, 111, 52.696217
77667, 113, 6.683153
77668, 100, 63.58406
77669, 114, 91.11789
77670, 103, 103.7805
77671, 115, 114.70693
77672, 116, 28.01056
77673, 118, 4.468158
77674, 108, 78.96647
77675, 106, 9.114369
77676, 101, 24.565145
77677, 114, 27.284824
77678, 111, 115.49149
77679, 107, 82.97468
77680, 103, 1.4014453
77681, 108, 30.48175
77682, 111, 3.16042
77683, 118, 20.486507
77684, 103, 3.8229256
77685, 102, 125.94161
77686, 109, 104.1219
77687, 102, 40.191383
77688, 104, 38.550274
77689, 109, 64.91703
77690, 119, 90.247475
77691, 109, 37.11775
77692, 112, 112.70482
77693, 111, 42.018272
77694, 100, 133.06499
77695, 115, 135.6
77696, 111, 42.7258
77697, 103, 114.059
77698, 108, 97.49204
77699, 108, 121.41719
77700, 106, 29.499159
77701, 111, 26.779934
77702, 109, 0.1931727
77703, 107, 23.403507
77704, 113, 92.40528
77705, 116, 115.358376
77706, 114, 41.88861
77707, 115, 112.04322
77708, 117, 65.839096
77709, 109, 124.17864
77710, 101, 62.84018
77711, 119, 64.53094
77712, 102, 62.66907
77713, 108, 82.01875
77714, 104, 131.68398
77715, 107, 132.06458
77716, 117, 121.60621
77717, 105, 37.29642
77718, 115, 113.03853
77719, 114, 95.07274
77720, 102, 137.1711
77721, 109, 47.57206
77722, 108, 32.194126
77723, 118, 3.0179234
77724, 116, 131.06583
77725, 100, 117.71715
77726, 107, 8.0597515
77727, 112, 31.571398
77728, 101, 145.51257
77729, 109, 29.932112
77730, 101, 117.46128
77731, 115, 19.179913
77732, 117, 146.5888
77733, 117, 42.75114
77734, 111, 43.133408
77735, 101, 118.22003
77736, 100, 115.09766
77737, 108, 88.22917
77738, 114, 77.02106
77739, 109, 68.539116
77740, 110, 20.501644
77741, 115, 111.75371
77742, 113, 56.809963
77743, 117, 145.59155
77744, 107, 13.032514
77745, 100, 68.59676
77746, 111, 123.1682
77747, 111, 16.953867
77748, 113, 13.060588
77749, 102, 13.010466
77750, 100, 129.25842
77751, 116, 34.067745
77752, 111, 139.71294
77753, 106, 82.03789
77754, 107, 137.92259
77755, 106, 59.23698
77756, 115, 25.968674
77757, 113, 106.94144
77758, 106, 45.819427
77759, 119, 133.6009
77760, 103, 54.89808
77761, 107, 68.01033
77762, 106, 87.31147
77763, 113, 104.55884
77764, 111, 42.247494
77765, 115, 23.649662
77766, 104, 34.625877
77767, 106, 97.84198
77768, 103, 76.05558
77769, 103, 46.419067
77770, 115, 68.25841
77771, 109, 72.632614
77772, 110, 86.41094
77773, 107, 9.9386215
77774, 108, 22.244184
77775, 114, 96.312675
77776, 108, 12.724194
77777, 108, 141.05362
77778, 101, 115.577415
77779, 111, 134.57597
77780, 116, 133.8598
77781, 106, 60.42555
77782, 106, 81.285126
77783, 100, 29.616665
77784, 117, 87.2511
77785, 113, 65.68899
77786, 110, 60.310955
77787, 100, 125.117004
77788, 115, 2.6729913
77789, 111, 124.74979
77790, 107, 137.9224
77791, 106, 143.28522
77792, 119, 56.3107
77793, 107, 72.563934
77794, 105, 128.07101
77795, 117, 124.922134
77796, 112, 59.12008
77797, 107, 141.1066
77798, 114, 143.6708
77799, 107, 22.503046
77800, 110, 58.240273
77801, 108, 29.839048
77802, 119, 80.333115
77803, 115, 62.16814
77804, 109, 15.081417
77805, 105, 0.39057434
77806, 117, 138.06413
77807, 102, 146.69685
77808, 102, 78.393585
77809, 106, 149.91458
77810, 118, 83.43268
77811, 114, 116.80864
77812, 110, 13.609886
77813, 116, 77.48582
77814, 119, 99.826294
77815, 111, 6.7354918
77816, 106, 20.760065
77817, 112, 94.32678
77818, 111, 98.56874
77819, 105, 50.206814
77820, 112, 20.162647
77821, 114, 64.203545
77822, 116, 21.166124
77823, 109, 127.734604
77824, 105, 6.945133
77825, 104, 20.041412
77826, 109, 13.908193
77827, 101, 38.397163
77828, 103, 133.5575
77829, 117, 57.94242
77830, 106, 112.46055
77831, 112, 122.25489
77832, 116, 13.813824
77833, 114, 5.4041505
77834, 113, 112.67915
77835, 108, 9.1202345
77836, 103, 14.777506
77837, 100, 60.929543
77838, 106, 78.41007
77839, 105, 103.503296
77840, 102, 86.12416
77841, 109, 128.83447
77842, 100, 44.217243
77843, 108, 138.37181
77844, 115, 119.63125
77845, 110, 3.5672398
77846, 117, 49.74854
77847, 102, 138.00449
77848, 107, 18.038187
77849, 119, 48.862606
77850, 108, 78.552444
77851, 116, 55.129204
77852, 111, 134.63467
77853, 100, 67.71813
77854, 114, 42.899117
77855, 110, 29.747585
77856, 115, 134.45355
77857, 101, 117.02831
77858, 115, 80.22527
77859, 105, 97.9895
77860, 107, 54.77745
77861, 106, 51.858696
77862, 106, 114.72582
77863, 116, 77.11157
77864, 106, 72.05947
77865, 105, 57.017605
77866, 104, 116.20537
77867, 114, 124.03076
77868, 111, 81.017944
77869, 110, 121.04734
77870, 101, 141.82057
77871, 104, 77.178154
77872, 117, 134.48827
77873, 116, 105.46991
77874, 113, 25.052557
77875, 110, 92.15974
77876, 112, 17.5769
77877, 112, 18.768444
77878, 108, 100.8899
77879, 104, 73.33192
77880, 109, 142.51003
77881, 103, 119.07719
77882, 118, 109.49987
77883, 113, 90.32617
77884, 117, 96.900925
77885, 112, 144.62015
77886, 116, 53.999626
77887, 106, 65.873695
77888, 116, 102.42698
77889, 116, 128.09418
77890, 113, 131.27821
77891, 108, 42.940216
77892, 111, 89.12589
77893, 110, 3.8110793
77894, 105, 21.102064
77895, 101, 125.268814
77896, 108, 108.638756
77897, 119, 90.822296
77898, 103, 73.6046
77899, 112, 132.83266
77900, 110, 132.56725
77901, 118, 23.3753
77902, 114, 41.12781
77903, 101, 119.94771
77904, 103, 146.36472
77905, 110, 48.58136
77906, 106, 59.643093
77907, 105, 113.09661
77908, 106, 37.871548
77909, 102, 17.623508
77910, 108, 47.879566
77911, 105, 82.8924
77912, 105, 117.97105
77913, 103, 130.94016
77914, 109, 85.53277
77915, 111, 16.059511
77916, 100, 15.598906
77917, 102, 10.790277
77918, 110, 145.54666
77919, 115, 135.4652
77920, 119, 86.22937
77921, 118, 113.733925
77922, 102, 103.00073
77923, 107, 14.860368
77924, 105, 99.63897
77925, 110, 38.619984
77926, 117, 136.79428
77927, 118, 44.36092
77928, 117, 94.1945
77929, 100, 65.98512
77930, 107, 34.573658
77931, 106, 133.33731
77932, 119, 16.080935
77933, 101, 102.82933
77934, 110, 143.16444
77935, 116, 101.30088
77936, 111, 94.90585
77937, 109, 84.374306
77938, 102, 19.933588
77939, 112, 148.96852
77940, 116, 10.592088
77941, 115, 77.85755
77942, 106, 3.923142
77943, 106, 122.118286
77944, 110, 131.6536
77945, 112, 124.740295
77946, 116, 126.6017
77947, 106, 93.28552
77948, 108, 32.752365
77949, 115, 60.966145
77950, 110, 24.422926
77951, 104, 63.699146
77952, 119, 131.26129
77953, 113, 122.727295
77954, 110, 90.885056
77955, 105, 6.110054
77956, 112, 142.999
77957, 119, 91.30016
77958, 108, 116.13898
77959, 111, 80.919174
77960, 102, 11.670801
77961, 111, 96.36175
77962, 109, 13.563431
77963, 103, 17.682257
77964, 119, 119.02496
77965, 106, 13.13079
77966, 117, 114.05139
77967, 108, 15.138835
77968, 102, 35.293518
77969, 108, 50.973995
77970, 117, 69.94016
77971, 114, 29.319683
77972, 118, 78.70126
77973, 111, 83.97555
77974, 114, 52.308674
77975, 116, 57.001
77976, 110, 76.79246
77977, 105, 144.77454
77978, 110, 32.044117
77979, 110, 36.54819
77980, 104, 44.463425
77981, 109, 38.842678
77982, 116, 126.4072
77983, 101, 14.749521
77984, 102, 50.4544
77985, 102, 118.497086
77986, 114, 93.250946
77987, 101, 99.3583
77988, 106, 40.276184
77989, 118, 61.768726
77990, 113, 146.88066
77991, 117, 107.27735
77992, 106, 109.5903
77993, 100, 90.14104
77994, 109, 64.97687
77995, 103, 32.24633
77996, 115, 52.62686
77997, 115, 5.1927032
77998, 115, 48.836258
77999, 116, 120.69093
78000, 114, 126.484116
78001, 118, 104.449
78002, 114, 14.868754
78003, 107, 113.935
78004, 101, 45.161907
78005, 101, 79.182304
78006, 102, 18.879631
78007, 103, 29.178043
78008, 105, 22.69586
78009, 110, 138.01314
78010, 114, 31.40848
78011, 104, 144.89279
78012, 110, 44.69311
78013, 113, 141.60016
78014, 110, 89.55796
78015, 116, 11.033741
78016, 117, 35.431248
78017, 115, 25.441843
78018, 116, 10.644937
78019, 116, 57.23791
78020, 112, 72.00076
78021, 118, 57.892273
78022, 112, 89.03493
78023, 116, 93.75083
78024, 107, 77.80087
78025, 119, 79.791214
78026, 110, 82.27222
78027, 115, 28.862482
78028, 100, 102.90233
78029, 116, 98.61915
78030, 110, 66.72094
78031, 113, 45.086555
78032, 111, 136.29836
78033, 107, 126.92266
78034, 119, 5.777085
78035, 107, 7.047969
78036, 104, 29.90934
78037, 119, 115.464134
78038, 104, 60.27131
78039, 101, 141.5593
78040, 114, 43.52663
78041, 114, 2.199608
78042, 113, 135.42564
78043, 117, 14.51599
78044, 111, 121.620834
78045, 112, 17.684914
78046, 113, 87.73729
78047, 111, 2.5982828
78048, 115, 86.77989
78049, 114, 104.81244
78050, 110, 112.087616
78051, 101, 129.29091
78052, 113, 62.704433
78053, 113, 132.9119
78054, 114, 45.825836
