28314, 108, 132.96146
28315, 110, 84.17711
28316, 106, 139.2893
28317, 104, 109.52957
28318, 100, 121.52136
28319, 112, 3.2730012
28320, 101, 33.51244
28321, 112, 119.9192
28322, 116, 26.97461
28323, 106, 41.201252
28324, 117, 83.894554
28325, 105, 118.561646
28326, 118, 52.627506
28327, 102, 61.444386
28328, 108, 134.07614
28329, 118, 47.10822
28330, 100, 6.065905
28331, 112, 87.19554
28332, 106, 26.726746
28333, 103, 66.559586
28334, 111, 68.70373
28335, 100, 114.62697
28336, 109, 42.53733
28337, 115, 126.40123
28338, 112, 107.75699
28339, 111, 60.8492
28340, 110, 60.811462
28341, 107, 59.35666
28342, 118, 1.4145344
28343, 101, 131.62013
28344, 101, 48.596165
28345, 100, 30.67174
28346, 112, 33.53346
28347, 112, 121.86666
28348, 109, 25.609133
28349, 113, 145.31107
28350, 116, 37.46506
28351, 103, 13.899815
28352, 112, 29.359575
28353, 109, 71.14291
28354, 110, 28.209553
28355, 111, 110.34038
28356, 117, 29.58439
28357, 110, 144.11772
28358, 100, 70.01496
28359, 100, 60.596146
28360, 101, 116.573204
28361, 115, 11.78898
28362, 112, 66.51235
28363, 107, 55.87814
28364, 114, 132.01035
28365, 118, 2.243373
28366, 112, 1.2532532
28367, 103, 123.237976
28368, 119, 6.70833
28369, 119, 97.59868
28370, 111, 90.19319
28371, 109, 59.564915
28372, 110, 80.762474
28373, 114, 97.7267
28374, 105, 3.8136005
28375, 112, 140.98546
28376, 103, 41.788628
28377, 106, 68.87443
28378, 103, 98.527596
28379, 116, 25.95326
28380, 108, 137.31654
28381, 104, 63.44164
28382, 117, 115.80089
28383, 100, 91.36189
28384, 107, 92.22821
28385, 106, 127.40116
28386, 113, 149.78961
28387, 119, 19.287693
28388, 113, 147.36154
28389, 112, 73.82548
28390, 110, 107.81399
28391, 113, 106.248985
28392, 118, 27.514734
28393, 115, 128.46281
28394, 112, 144.43497
28395, 111, 80.49944
28396, 113, 67.849594
28397, 103, 93.96701
28398, 107, 149.22832
28399, 104, 56.32327
28400, 108, 118.47283
28401, 109, 38.515236
28402, 103, 117.76667
28403, 110, 52.756317
28404, 113, 25.198988
28405, 105, 103.86347
28406, 103, 105.31331
28407, 118, 105.969894
28408, 112, 129.65079
28409, 115, 87.660866
28410, 100, 97.01247
28411, 116, 57.531704
28412, 110, 45.245907
28413, 106, 56.35806
28414, 117, 50.27216
28415, 100, 103.05594
28416, 105, 65.38079
28417, 107, 110.50996
28418, 106, 101.56443
28419, 103, 139.6763
28420, 114, 127.992004
28421, 102, 51.951885
28422, 113, 33.53507
28423, 119, 53.02149
28424, 101, 52.24592
28425, 101, 60.19475
28426, 107, 10.116381
28427, 114, 126.15309
28428, 116, 140.92097
28429, 105, 93.56522
28430, 112, 64.04253
28431, 108, 99.51255
28432, 119, 77.128494
28433, 103, 71.2835
28434, 116, 143.32198
28435, 113, 142.00372
28436, 109, 63.485535
28437, 110, 44.769547
28438, 116, 103.78887
28439, 108, 123.0708
28440, 113, 35.60221
28441, 109, 44.13193
28442, 101, 15.781313
28443, 118, 35.324192
28444, 108, 117.530106
28445, 118, 37.61572
28446, 115, 132.95326
28447, 100, 8.189956
28448, 111, 31.404205
28449, 104, 145.69446
28450, 112, 29.351673
28451, 106, 91.44702
28452, 115, 28.045794
28453, 114, 75.047554
28454, 116, 44.592323
28455, 100, 89.44927
28456, 100, 125.5321
28457, 101, 26.885588
28458, 113, 112.163
28459, 101, 122.88604
28460, 107, 102.29421
28461, 114, 142.68677
28462, 103, 1.7054826
28463, 106, 102.29436
28464, 101, 112.84821
28465, 105, 125.614975
28466, 111, 89.94556
28467, 111, 15.687222
28468, 107, 74.90497
28469, 119, 147.29291
28470, 113, 38.57486
28471, 114, 2.09662
28472, 104, 45.794544
28473, 102, 122.691315
28474, 117, 27.165949
28475, 117, 38.737534
28476, 108, 8.134434
28477, 119, 88.77436
28478, 105, 122.708694
28479, 116, 0.30792654
28480, 101, 142.01857
28481, 119, 72.595505
28482, 106, 23.566425
28483, 104, 11.869142
28484, 110, 134.74532
28485, 101, 43.518135
28486, 103, 86.416176
28487, 102, 104.50552
28488, 104, 63.208187
28489, 115, 133.24144
28490, 116, 96.2153
28491, 111, 27.971613
28492, 103, 29.264957
28493, 118, 3.799367
28494, 112, 93.46664
28495, 113, 2.7213602
28496, 112, 37.73911
28497, 100, 10.5097885
28498, 119, 68.35139
28499, 119, 147.4571
28500, 114, 81.75633
28501, 112, 126.29253
28502, 111, 104.59625
28503, 107, 75.112495
28504, 105, 78.66867
28505, 113, 106.61704
28506, 105, 85.71717
28507, 115, 110.44531
28508, 116, 82.8182
28509, 100, 51.080425
28510, 115, 4.9820423
28511, 116, 122.49142
28512, 103, 12.070423
28513, 100, 14.051333
28514, 114, 47.904102
28515, 103, 5.3328395
28516, 101, 119.11685
28517, 112, 146.29189
28518, 112, 136.85263
28519, 100, 137.35382
28520, 101, 138.3868
28521, 113, 136.28442
28522, 117, 50.157085
28523, 102, 106.53868
28524, 110, 28.90706
28525, 116, 42.77993
28526, 109, 145.81133
28527, 119, 80.073654
28528, 101, 100.16856
28529, 106, 41.0767
28530, 118, 128.90633
28531, 113, 49.269703
28532, 115, 48.846317
28533, 118, 13.589841
28534, 102, 59.42096
28535, 109, 141.15227
28536, 104, 4.6435833
28537, 111, 62.77678
28538, 108, 33.742046
28539, 105, 37.793888
28540, 102, 148.0238
28541, 103, 128.08278
28542, 101, 17.983326
28543, 103, 9.778654
28544, 112, 3.2866359
28545, 112, 125.1203
28546, 113, 66.848274
28547, 103, 132.39272
28548, 101, 60.27317
28549, 106, 70.9813
28550, 108, 102.47991
28551, 112, 67.67266
28552, 110, 63.855904
28553, 116, 11.068887
28554, 118, 132.94075
28555, 104, 15.531993
28556, 106, 74.57577
28557, 117, 132.31735
28558, 102, 80.54289
28559, 105, 15.592405
28560, 103, 42.14446
28561, 103, 76.6646
28562, 119, 106.589485
28563, 109, 3.1241655
28564, 112, 133.28802
28565, 111, 103.59264
28566, 114, 47.35195
28567, 100, 107.41602
28568, 104, 28.984934
28569, 108, 87.96564
28570, 105, 147.08447
28571, 100, 82.98048
28572, 116, 43.77602
28573, 114, 12.368274
28574, 119, 127.48598
28575, 108, 101.68688
28576, 103, 48.594547
28577, 119, 115.1221
28578, 107, 35.294403
28579, 102, 97.535934
28580, 111, 107.67382
28581, 118, 41.391304
28582, 108, 23.816273
28583, 106, 105.04657
28584, 114, 141.94017
28585, 117, 119.79636
28586, 100, 116.41977
28587, 108, 45.679565
28588, 102, 31.728539
28589, 111, 66.49143
28590, 101, 81.88376
28591, 112, 70.96771
28592, 100, 98.6901
28593, 112, 60.702477
28594, 100, 58.088047
28595, 119, 53.039227
28596, 100, 88.561264
28597, 115, 45.305363
28598, 118, 83.119156
28599, 116, 77.99072
28600, 111, 107.52399
28601, 100, 107.895645
28602, 108, 43.529892
28603, 103, 10.214191
28604, 113, 35.979527
28605, 107, 61.703342
28606, 110, 107.09098
28607, 109, 82.8004
28608, 106, 62.374332
28609, 116, 34.9649
28610, 106, 3.2775342
28611, 118, 46.780758
28612, 117, 61.239292
28613, 105, 136.40791
28614, 118, 106.369194
28615, 119, 37.82469
28616, 113, 42.26019
28617, 111, 97.61836
28618, 118, 0.39273798
28619, 112, 114.32081
28620, 117, 130.54907
28621, 112, 67.82096
28622, 119, 45.121567
28623, 103, 42.35443
28624, 117, 9.199968
28625, 103, 82.81731
28626, 113, 83.68092
28627, 109, 26.929173
28628, 104, 129.21198
28629, 108, 61.38036
28630, 112, 98.05118
28631, 103, 146.24771
28632, 115, 138.56291
28633, 115, 2.5144548
28634, 118, 57.430218
28635, 117, 63.63016
28636, 111, 51.839073
28637, 104, 6.7078648
28638, 118, 29.68129
28639, 113, 88.814835
28640, 119, 140.48997
28641, 115, 99.48712
28642, 119, 84.17839
28643, 102, 55.975674
28644, 105, 109.96499
28645, 115, 76.87135
28646, 100, 147.7556
28647, 109, 127.78651
28648, 118, 132.83167
28649, 101, 114.53732
28650, 104, 118.85855
28651, 100, 15.622804
28652, 110, 90.488106
28653, 105, 63.820213
28654, 117, 129.50816
28655, 105, 112.38937
28656, 100, 49.936214
28657, 111, 135.88495
28658, 119, 67.71164
28659, 102, 126.299706
28660, 100, 140.36993
28661, 107, 138.16533
28662, 100, 26.90488
28663, 112, 92.395325
28664, 101, 86.806816
28665, 106, 63.618885
28666, 110, 104.66567
28667, 101, 29.074986
28668, 101, 14.127168
28669, 109, 37.590946
28670, 104, 36.438587
28671, 114, 2.5032878
28672, 101, 146.36899
28673, 119, 88.345695
28674, 113, 78.99043
28675, 110, 67.17297
28676, 110, 61.05677
28677, 109, 64.39964
28678, 119, 111.40248
28679, 108, 119.92609
28680, 115, 40.792797
28681, 116, 79.2949
28682, 117, 118.56056
28683, 103, 95.63261
28684, 111, 145.01826
28685, 119, 87.75838
28686, 103, 8.999589
28687, 107, 68.957115
28688, 107, 24.98501
28689, 107, 36.14409
28690, 110, 78.45083
28691, 118, 23.228672
28692, 107, 30.59383
28693, 102, 67.40419
28694, 116, 38.358627
28695, 110, 141.19713
28696, 100, 85.453575
28697, 113, 1.5707731
28698, 117, 115.86018
28699, 111, 123.49081
28700, 109, 95.752655
28701, 116, 4.2344036
28702, 103, 145.47519
28703, 114, 100.39949
28704, 100, 86.00085
28705, 114, 85.91931
28706, 115, 71.44972
28707, 104, 62.246803
28708, 107, 143.91586
28709, 106, 19.963556
28710, 116, 44.69391
28711, 103, 133.59259
28712, 108, 92.290146
28713, 108, 87.36737
28714, 111, 126.28362
28715, 115, 34.719543
28716, 116, 149.18529
28717, 119, 98.28798
28718, 117, 51.44788
28719, 104, 121.11381
28720, 115, 57.56228
28721, 114, 102.08222
28722, 113, 27.788185
28723, 118, 60.490448
28724, 118, 4.1869106
28725, 116, 50.691936
28726, 111, 139.93335
28727, 119, 32.05532
28728, 107, 137.26613
28729, 109, 139.48427
28730, 114, 33.012806
28731, 118, 15.740982
28732, 102, 81.8369
28733, 103, 11.536637
28734, 115, 25.065825
28735, 111, 52.094944
28736, 104, 54.122196
28737, 101, 111.80306
28738, 104, 129.6205
28739, 108, 61.71633
28740, 103, 98.981445
28741, 111, 60.458904
28742, 109, 7.3999825
28743, 118, 61.37056
28744, 101, 40.26407
28745, 115, 23.838339
28746, 109, 77.48041
28747, 109, 135.51256
28748, 102, 73.480804
28749, 112, 29.449984
28750, 117, 70.741295
28751, 110, 111.292274
28752, 112, 145.43015
28753, 111, 107.26239
28754, 100, 92.32616
28755, 117, 135.81085
28756, 119, 105.64837
28757, 102, 51.96782
28758, 119, 76.320076
28759, 107, 141.89362
28760, 109, 116.02718
28761, 112, 126.65275
28762, 106, 24.834295
28763, 101, 13.290167
28764, 115, 45.60442
28765, 100, 11.445827
28766, 107, 100.07711
28767, 109, 127.28587
28768, 108, 103.66031
28769, 119, 62.675285
28770, 100, 95.768684
28771, 113, 55.134808
28772, 102, 57.830696
28773, 117, 62.070618
28774, 102, 124.27698
28775, 101, 77.03902
28776, 107, 61.874626
28777, 108, 29.981241
28778, 105, 128.16719
28779, 115, 82.22393
28780, 108, 93.709175
28781, 112, 9.1101675
28782, 116, 63.415997
28783, 100, 147.46533
28784, 113, 111.251724
28785, 117, 69.44842
28786, 106, 146.51056
28787, 103, 79.42064
28788, 105, 126.07413
28789, 100, 73.93983
28790, 115, 103.99904
28791, 117, 39.435776
28792, 115, 67.638695
28793, 100, 49.533756
28794, 119, 53.788742
28795, 103, 92.47757
28796, 115, 145.20581
28797, 111, 148.5158
28798, 104, 9.399059
28799, 115, 10.3189945
28800, 114, 64.240524
28801, 109, 99.529045
28802, 105, 139.08072
28803, 106, 14.67584
28804, 106, 95.71909
28805, 115, 77.33093
28806, 106, 140.21266
28807, 116, 137.88948
28808, 119, 111.9707
28809, 116, 88.05576
28810, 108, 142.78691
28811, 111, 127.71338
28812, 102, 17.057259
28813, 106, 49.87364
28814, 105, 94.48742
28815, 103, 71.69751
28816, 107, 147.37619
28817, 105, 80.17335
28818, 107, 129.32883
28819, 101, 44.49148
28820, 104, 145.03003
28821, 108, 125.19494
28822, 103, 20.055216
28823, 106, 83.711464
28824, 103, 48.418083
28825, 101, 102.72068
28826, 113, 102.059
28827, 108, 9.812414
28828, 114, 33.961834
28829, 119, 119.76508
28830, 104, 48.868214
28831, 102, 10.857323
28832, 107, 96.950035
28833, 103, 9.146672
28834, 101, 133.68257
28835, 100, 133.61745
28836, 118, 102.99291
28837, 110, 112.44497
28838, 107, 71.40021
28839, 107, 130.63094
28840, 103, 129.18167
28841, 104, 138.76129
28842, 102, 91.87417
28843, 108, 117.753944
28844, 115, 20.38714
28845, 116, 105.35862
28846, 106, 13.540515
28847, 116, 24.597698
28848, 106, 139.07852
28849, 114, 121.16928
28850, 117, 128.5512
28851, 114, 85.39031
28852, 118, 130.90555
28853, 100, 35.16792
28854, 112, 86.51171
28855, 119, 117.351166
28856, 116, 106.41869
28857, 106, 1.6175866
28858, 114, 73.31616
28859, 114, 46.06185
28860, 112, 134.21515
28861, 104, 8.528084
28862, 115, 46.464436
28863, 112, 58.267506
28864, 107, 95.350174
28865, 116, 75.34753
28866, 107, 120.97096
28867, 119, 113.50088
28868, 111, 109.39372
28869, 107, 12.68633
28870, 100, 26.68173
28871, 108, 136.20656
28872, 106, 2.0053983
28873, 112, 126.052574
28874, 108, 58.94911
28875, 103, 121.73823
28876, 113, 95.618195
28877, 103, 86.90593
28878, 105, 78.78963
28879, 113, 11.735246
28880, 100, 97.54402
28881, 117, 139.34303
28882, 117, 135.72401
28883, 118, 71.67169
28884, 103, 97.41978
28885, 114, 25.292597
28886, 106, 79.26339
28887, 101, 11.444262
28888, 104, 95.168144
28889, 107, 13.8985815
28890, 113, 15.13981
28891, 101, 119.30707
28892, 105, 147.42796
28893, 108, 128.3896
28894, 119, 100.364845
28895, 105, 135.7659
28896, 105, 122.93883
28897, 108, 132.95302
28898, 118, 86.15155
28899, 111, 132.58197
28900, 103, 111.4928
28901, 114, 102.48849
28902, 100, 112.2454
28903, 104, 18.305164
28904, 105, 12.832385
28905, 104, 127.29679
28906, 108, 30.683254
28907, 109, 65.4255
28908, 115, 141.23772
28909, 109, 15.86962
28910, 103, 15.400126
28911, 104, 99.062195
28912, 110, 51.095375
28913, 104, 141.88422
28914, 101, 59.650852
28915, 108, 20.626741
28916, 105, 149.91846
28917, 117, 135.8146
28918, 113, 22.702995
28919, 115, 91.07257
28920, 116, 96.45835
28921, 106, 59.22002
28922, 106, 84.93274
28923, 115, 93.615135
28924, 114, 92.149025
28925, 119, 16.861652
28926, 100, 114.83549
28927, 116, 37.938515
28928, 109, 95.63142
28929, 108, 63.94015
28930, 114, 11.98926
28931, 104, 45.533733
28932, 107, 109.434685
28933, 104, 148.58751
28934, 103, 145.29485
28935, 119, 37.456085
28936, 107, 147.70703
28937, 103, 33.113525
28938, 113, 145.41322
28939, 103, 40.728798
28940, 113, 137.01866
28941, 101, 38.50135
28942, 119, 94.17468
28943, 115, 111.35168
28944, 102, 52.99836
28945, 100, 75.46869
28946, 102, 11.60582
28947, 103, 68.2042
28948, 105, 45.455467
28949, 100, 124.04429
28950, 101, 51.868828
28951, 111, 25.578993
28952, 100, 118.36334
28953, 104, 131.08759
28954, 110, 70.137024
28955, 116, 78.10171
28956, 102, 51.03095
28957, 116, 90.6587
28958, 103, 137.25879
28959, 104, 10.58515
28960, 108, 42.784603
28961, 103, 76.21685
28962, 104, 114.51562
28963, 118, 129.90228
28964, 113, 31.500944
28965, 104, 37.46387
28966, 109, 50.293808
28967, 107, 30.70457
28968, 102, 80.66883
28969, 103, 118.64804
28970, 118, 24.532995
28971, 112, 95.15833
28972, 109, 2.2369444
28973, 111, 141.99551
28974, 105, 142.65529
28975, 105, 44.751755
28976, 102, 77.27488
28977, 107, 136.8857
28978, 108, 97.75337
28979, 114, 122.81518
28980, 102, 137.19952
28981, 112, 38.506973
28982, 107, 97.13722
28983, 101, 61.00021
28984, 105, 45.581318
28985, 103, 63.0808
28986, 116, 106.70489
28987, 117, 131.81801
28988, 100, 23.017609
28989, 114, 103.42443
28990, 118, 67.1735
28991, 105, 108.03331
28992, 113, 77.82484
28993, 108, 22.489107
28994, 110, 148.50357
28995, 108, 106.428375
28996, 118, 131.1966
28997, 113, 112.647064
28998, 102, 38.13679
28999, 101, 10.841963
29000, 105, 80.057655
29001, 119, 132.40688
29002, 111, 12.762353
29003, 108, 17.899454
29004, 116, 55.622158
29005, 105, 119.8447
29006, 110, 36.089436
29007, 101, 101.872086
29008, 103, 90.36505
29009, 108, 68.39286
29010, 102, 0.2171874
29011, 118, 126.74411
29012, 106, 12.7724285
29013, 108, 69.83397
29014, 112, 110.548195
29015, 112, 118.085754
29016, 109, 68.04661
29017, 109, 36.30143
29018, 112, 52.405437
29019, 108, 113.06867
29020, 102, 22.667885
29021, 115, 63.876198
29022, 113, 148.59941
29023, 115, 97.58631
29024, 118, 83.39256
29025, 100, 62.262627
29026, 108, 122.90243
29027, 115, 4.2860537
29028, 113, 56.8181
29029, 116, 64.33364
29030, 112, 11.264652
29031, 105, 74.88394
29032, 119, 48.46411
29033, 102, 113.782745
29034, 108, 11.667315
29035, 116, 136.26741
29036, 116, 134.75185
29037, 103, 63.33441
29038, 102, 44.92985
29039, 111, 15.140247
29040, 111, 149.05682
29041, 119, 16.71887
29042, 113, 62.804756
29043, 106, 24.294752
29044, 109, 118.01382
29045, 111, 54.922
29046, 107, 30.089056
29047, 113, 114.7252
29048, 104, 96.71648
29049, 101, 9.016111
29050, 109, 116.01642
29051, 105, 43.872356
29052, 117, 13.368219
29053, 110, 120.93466
29054, 101, 61.181957
29055, 113, 70.57826
29056, 116, 16.136143
29057, 107, 108.91195
29058, 106, 79.7836
29059, 115, 54.725994
29060, 104, 128.6184
29061, 106, 54.843708
29062, 117, 68.88232
29063, 115, 140.20901
29064, 117, 90.06003
29065, 116, 50.0007
29066, 108, 113.527596
29067, 116, 23.404043
29068, 108, 134.73965
29069, 119, 71.796196
29070, 115, 22.265017
29071, 101, 22.367567
29072, 119, 62.97578
29073, 113, 147.66006
29074, 106, 131.58278
29075, 102, 125.74541
29076, 103, 70.157265
29077, 110, 108.845634
29078, 118, 118.76242
29079, 118, 103.51924
29080, 106, 137.7595
29081, 105, 95.23134
29082, 109, 144.10008
29083, 119, 77.330795
29084, 105, 104.97705
29085, 103, 49.29733
29086, 107, 57.036854
29087, 115, 57.56466
29088, 104, 22.897312
29089, 114, 87.12763
29090, 107, 82.88375
29091, 109, 64.61027
29092, 113, 100.975914
29093, 110, 124.49325
29094, 101, 89.55293
29095, 113, 110.2963
29096, 103, 33.939026
29097, 102, 74.211494
29098, 116, 70.54138
29099, 113, 0.8767426
29100, 112, 68.74353
29101, 118, 146.44235
29102, 105, 96.843216
29103, 102, 116.01458
29104, 115, 49.445396
29105, 107, 18.240505
29106, 103, 143.34966
29107, 106, 86.69166
29108, 115, 60.267815
29109, 105, 8.794803
29110, 113, 83.11125
29111, 101, 47.548817
29112, 108, 132.3831
29113, 107, 75.25021
29114, 102, 71.01634
29115, 115, 7.2987647
29116, 115, 41.755764
29117, 112, 42.629726
29118, 106, 83.26248
29119, 102, 8.172181
29120, 105, 133.46866
29121, 102, 34.81503
29122, 107, 62.138058
29123, 101, 50.561188
29124, 109, 55.932167
29125, 100, 43.439663
29126, 103, 120.50822
29127, 105, 30.260584
29128, 106, 0.7314205
29129, 116, 59.002598
29130, 114, 122.27524
29131, 108, 92.67648
29132, 106, 89.9385
29133, 112, 114.85323
29134, 103, 103.24064
29135, 111, 2.0689845
29136, 116, 28.893005
29137, 117, 56.69606
29138, 106, 18.13286
29139, 104, 3.2411008
29140, 105, 25.7171
29141, 100, 133.14926
29142, 117, 137.41283
29143, 113, 75.55835
29144, 105, 137.52707
29145, 113, 15.813536
29146, 108, 87.156654
29147, 114, 106.63809
29148, 102, 85.4488
29149, 104, 39.715218
29150, 101, 84.103
29151, 117, 5.8448462
29152, 115, 31.74076
29153, 108, 53.66216
29154, 105, 38.814713
29155, 104, 89.70077
29156, 118, 10.1657505
29157, 109, 68.45376
29158, 117, 48.637283
29159, 112, 14.585629
29160, 116, 39.472057
29161, 117, 127.04359
29162, 104, 47.414062
29163, 112, 68.6997
29164, 111, 92.166954
29165, 104, 136.389
29166, 113, 33.9688
29167, 102, 59.68927
29168, 117, 57.37425
29169, 106, 140.48886
29170, 103, 8.4310055
29171, 106, 59.23452
29172, 113, 8.455244
29173, 109, 97.556046
29174, 113, 46.3308
29175, 108, 77.1389
29176, 114, 12.012344
29177, 115, 88.98348
29178, 107, 88.325584
29179, 119, 111.85386
29180, 111, 61.15527
29181, 118, 108.10671
29182, 104, 89.90048
29183, 118, 77.81656
29184, 109, 103.714455
29185, 112, 124.553085
29186, 108, 85.535965
29187, 113, 69.95193
29188, 109, 129.42043
29189, 108, 129.59525
29190, 116, 8.931461
29191, 119, 5.5653515
29192, 110, 92.978874
29193, 118, 37.757053
29194, 119, 53.15803
29195, 101, 88.3407
29196, 109, 8.808366
29197, 117, 42.84532
29198, 118, 105.70902
29199, 114, 16.55775
29200, 118, 135.189
29201, 115, 111.3173
29202, 115, 7.267687
29203, 103, 45.205914
29204, 104, 48.645382
29205, 114, 90.23964
29206, 111, 26.091358
29207, 115, 130.10075
29208, 104, 39.55088
29209, 115, 52.374638
29210, 114, 127.31645
29211, 115, 14.873806
29212, 105, 41.630745
29213, 101, 141.83028
29214, 107, 74.25848
29215, 117, 18.282232
29216, 101, 72.68713
29217, 115, 147.90068
29218, 107, 31.341738
29219, 113, 121.48755
29220, 105, 146.47812
29221, 115, 83.51449
29222, 102, 18.872755
29223, 118, 127.54593
29224, 111, 0.22251606
29225, 101, 82.894615
29226, 116, 17.853668
29227, 114, 100.736824
29228, 113, 76.36968
29229, 103, 138.14034
29230, 100, 144.1241
29231, 115, 53.598198
29232, 111, 147.23618
29233, 109, 64.442665
29234, 104, 136.20901
29235, 105, 2.0756989
29236, 107, 48.21962
29237, 119, 58.413532
29238, 108, 74.8158
29239, 108, 55.211548
29240, 101, 134.37029
29241, 114, 93.76569
29242, 113, 139.1283
29243, 105, 109.6185
29244, 101, 92.11649
29245, 117, 37.979168
29246, 100, 103.75776
29247, 100, 91.939896
29248, 111, 92.31113
29249, 110, 115.33914
29250, 101, 134.3274
29251, 119, 71.59881
29252, 101, 146.57654
29253, 105, 85.34763
29254, 118, 71.18344
29255, 114, 128.05574
29256, 117, 71.77538
29257, 102, 140.9617
29258, 101, 77.364044
29259, 102, 112.55265
29260, 104, 43.781223
29261, 102, 21.743988
29262, 106, 112.80606
29263, 113, 4.2931705
29264, 105, 83.76408
29265, 104, 49.254253
29266, 112, 64.50273
29267, 111, 123.87444
29268, 106, 34.173347
29269, 117, 78.05824
29270, 108, 6.7193985
29271, 100, 62.468307
29272, 100, 34.292812
29273, 109, 142.60158
29274, 102, 138.42111
29275, 103, 89.364
29276, 115, 99.31905
29277, 103, 35.589176
29278, 105, 47.21328
29279, 103, 107.18009
29280, 105, 3.5368948
29281, 105, 46.19423
29282, 118, 51.49305
29283, 110, 113.718056
29284, 114, 21.37472
29285, 119, 102.86843
29286, 118, 93.82886
29287, 118, 25.887009
29288, 106, 147.34468
29289, 110, 98.84161
29290, 114, 41.35803
29291, 100, 68.19148
29292, 119, 100.41296
29293, 114, 7.7087135
29294, 109, 50.76971
29295, 107, 122.416336
29296, 115, 30.943151
29297, 104, 62.78869
29298, 108, 141.28822
29299, 107, 45.067005
29300, 112, 17.747515
29301, 104, 51.35563
29302, 113, 55.448742
29303, 117, 100.76136
29304, 119, 128.98569
29305, 118, 41.40282
29306, 109, 25.278246
29307, 118, 57.28005
29308, 115, 148.31108
29309, 115, 106.253975
29310, 117, 19.32291
29311, 114, 11.233351
29312, 113, 57.052376
29313, 104, 91.127045
29314, 115, 99.22612
29315, 110, 130.10632
29316, 108, 51.889248
29317, 117, 140.7839
29318, 104, 42.44432
29319, 114, 54.74328
29320, 112, 106.82382
29321, 101, 82.54882
29322, 113, 65.47148
29323, 108, 75.26686
29324, 109, 47.532383
29325, 116, 5.6115656
29326, 107, 137.50084
29327, 119, 38.846504
29328, 112, 47.97861
29329, 116, 23.269228
29330, 113, 80.619965
29331, 108, 115.27622
29332, 116, 2.3917794
29333, 111, 117.85186
29334, 109, 91.679146
29335, 100, 34.70739
29336, 106, 80.65735
29337, 110, 85.75278
29338, 110, 91.20696
29339, 100, 48.48666
29340, 106, 81.2632
29341, 104, 51.541122
29342, 106, 42.138897
29343, 113, 123.55799
29344, 117, 78.17875
29345, 113, 86.76773
29346, 107, 148.64572
29347, 105, 126.257095
29348, 102, 78.45329
29349, 117, 137.8072
29350, 100, 99.8154
29351, 117, 27.646101
29352, 109, 10.871315
29353, 104, 80.158356
29354, 118, 9.784868
29355, 111, 147.1705
29356, 116, 115.47666
29357, 112, 58.715397
29358, 100, 17.591698
29359, 107, 97.90429
29360, 105, 34.13169
29361, 117, 42.184013
29362, 107, 105.89451
29363, 117, 99.235115
29364, 110, 70.62499
29365, 115, 24.242092
29366, 114, 96.12282
29367, 116, 115.72928
29368, 107, 12.810302
29369, 101, 138.98729
29370, 113, 101.852295
29371, 108, 104.04405
29372, 107, 114.87251
29373, 116, 91.82428
29374, 118, 95.673004
29375, 107, 38.198322
29376, 115, 81.2386
29377, 112, 37.512775
29378, 112, 62.29687
29379, 103, 129.16544
29380, 105, 115.98035
29381, 104, 9.455109
29382, 110, 51.9856
29383, 108, 17.382986
29384, 115, 120.9767
29385, 110, 73.00218
29386, 108, 51.322147
29387, 109, 148.58531
29388, 111, 70.61858
29389, 102, 50.188835
29390, 105, 1.0528296
29391, 113, 112.40549
29392, 101, 64.02782
29393, 117, 80.81707
29394, 106, 72.02233
29395, 115, 78.80669
29396, 114, 109.96772
29397, 114, 71.953125
29398, 114, 134.32225
29399, 109, 68.23521
29400, 116, 122.35317
29401, 111, 130.63342
29402, 109, 77.5976
29403, 106, 59.073776
29404, 107, 114.69472
29405, 108, 41.190327
29406, 106, 124.06528
29407, 108, 78.74223
29408, 102, 40.11248
29409, 105, 104.94572
29410, 107, 138.89816
29411, 102, 125.21012
29412, 103, 58.724697
29413, 101, 137.21982
29414, 106, 35.470318
29415, 107, 4.1138024
29416, 102, 2.4811864
29417, 107, 4.8661084
29418, 119, 60.89523
29419, 115, 63.074944
29420, 113, 39.31651
29421, 108, 149.24272
29422, 107, 43.40299
29423, 115, 81.15953
29424, 106, 84.98256
29425, 112, 121.58885
29426, 105, 99.68822
29427, 111, 57.603024
29428, 103, 22.20541
29429, 104, 130.95004
29430, 106, 89.552155
29431, 116, 66.57206
29432, 116, 71.776146
29433, 117, 116.7688
29434, 116, 29.6081
29435, 108, 18.160057
29436, 103, 53.69514
29437, 117, 65.11806
29438, 107, 44.130035
29439, 107, 124.110504
29440, 112, 50.9472
29441, 110, 97.241425
29442, 115, 56.818405
29443, 105, 102.0361
29444, 108, 130.55692
29445, 110, 137.88847
29446, 112, 133.52324
29447, 109, 2.9295444
29448, 109, 11.613133
29449, 102, 60.808575
29450, 119, 122.16053
29451, 116, 102.95635
29452, 107, 76.28273
29453, 114, 105.44566
29454, 109, 88.76972
29455, 112, 112.129425
29456, 111, 11.948365
29457, 104, 65.70915
29458, 105, 34.655087
29459, 113, 82.17577
29460, 105, 11.010424
29461, 102, 33.48518
29462, 103, 78.924324
29463, 118, 132.67223
29464, 105, 139.41335
29465, 106, 143.82364
29466, 119, 41.152855
29467, 102, 19.339746
29468, 109, 11.751732
29469, 117, 33.43925
29470, 105, 66.261635
29471, 113, 101.56623
29472, 102, 12.859172
29473, 114, 2.7056694
29474, 118, 49.76314
29475, 119, 52.127472
29476, 106, 146.01138
29477, 105, 134.52621
29478, 114, 124.500786
29479, 101, 141.39218
29480, 107, 19.1996
29481, 118, 23.932018
29482, 105, 93.97154
29483, 113, 78.92739
29484, 118, 145.26268
29485, 118, 46.81412
29486, 119, 49.67477
29487, 106, 104.719696
29488, 117, 68.6689
29489, 110, 67.69078
29490, 101, 141.06776
29491, 112, 106.06894
29492, 101, 61.614983
29493, 104, 42.912777
29494, 108, 22.746483
29495, 105, 82.726234
29496, 108, 98.772125
29497, 112, 47.448616
29498, 103, 40.624783
29499, 116, 110.958336
29500, 105, 119.46612
29501, 108, 18.438095
29502, 119, 13.643798
29503, 108, 28.761158
29504, 112, 10.023165
29505, 112, 77.27531
29506, 104, 52.971733
29507, 115, 77.54518
29508, 107, 127.90984
29509, 103, 36.891113
29510, 119, 12.511897
29511, 103, 146.74097
29512, 107, 22.367334
29513, 105, 138.16026
29514, 114, 88.292915
29515, 102, 109.35932
29516, 119, 90.85344
29517, 108, 2.8664322
29518, 100, 5.2688956
29519, 108, 36.649124
29520, 118, 132.7646
29521, 110, 139.25832
29522, 110, 98.859955
29523, 106, 36.348938
29524, 104, 94.170586
29525, 116, 84.61936
29526, 118, 46.525883
29527, 115, 149.77797
29528, 103, 66.05945
29529, 119, 132.33905
29530, 114, 19.311253
29531, 119, 114.07209
29532, 100, 128.9324
29533, 107, 43.93724
29534, 106, 59.184204
29535, 110, 10.7129755
29536, 119, 70.712036
29537, 107, 30.953497
29538, 100, 30.852306
29539, 117, 134.23514
29540, 113, 100.83648
29541, 113, 80.00568
29542, 102, 141.04974
29543, 104, 5.7233515
29544, 100, 34.066826
29545, 107, 122.772415
29546, 110, 144.75874
29547, 114, 89.141266
29548, 103, 73.96515
29549, 103, 121.987465
29550, 100, 123.122604
29551, 101, 80.2297
29552, 108, 113.39691
29553, 112, 22.915443
29554, 116, 40.725292
29555, 108, 22.490805
29556, 110, 79.936615
29557, 102, 44.7787
29558, 108, 27.624454
29559, 114, 36.731808
29560, 102, 100.37286
29561, 105, 93.707405
29562, 115, 60.402428
29563, 100, 49.675655
29564, 101, 104.71915
29565, 113, 62.037296
29566, 118, 100.00566
29567, 119, 14.862299
29568, 102, 48.24296
29569, 111, 143.12888
29570, 118, 66.109406
29571, 115, 136.21848
29572, 100, 25.792757
29573, 112, 48.188953
29574, 113, 84.87964
29575, 108, 126.07487
29576, 105, 49.958183
29577, 115, 88.73057
29578, 106, 56.356842
29579, 114, 67.74732
29580, 107, 135.3053
29581, 119, 127.34396
29582, 108, 141.97461
29583, 102, 45.986813
29584, 104, 78.17179
29585, 103, 43.926018
29586, 102, 53.026627
29587, 112, 47.05436
29588, 113, 77.79632
29589, 105, 114.22523
29590, 111, 41.879887
29591, 101, 125.20674
29592, 103, 93.2372
29593, 107, 107.44371
29594, 107, 82.132744
29595, 109, 114.70104
29596, 115, 145.75099
29597, 117, 25.040058
29598, 102, 28.50574
29599, 113, 90.880066
29600, 107, 100.92965
29601, 109, 21.639883
29602, 117, 110.33447
29603, 114, 139.6653
29604, 112, 59.178097
29605, 119, 26.358908
29606, 104, 80.437706
29607, 110, 16.96424
29608, 113, 131.19115
29609, 118, 24.541586
29610, 119, 47.576424
29611, 117, 78.197266
29612, 107, 95.73432
29613, 118, 32.802288
29614, 111, 77.05905
29615, 108, 23.137136
29616, 108, 138.30817
29617, 102, 48.73042
29618, 110, 15.106193
29619, 103, 118.04618
29620, 112, 77.29553
29621, 115, 92.79013
29622, 105, 69.15365
29623, 102, 106.69242
29624, 106, 62.439285
29625, 116, 86.263756
29626, 107, 90.31642
29627, 103, 52.20301
29628, 104, 113.04942
29629, 113, 2.6366115
29630, 106, 5.158505
29631, 104, 143.36244
29632, 115, 90.48007
29633, 107, 54.385612
29634, 105, 12.916634
29635, 116, 98.83372
29636, 100, 1.6332418
29637, 116, 12.567366
29638, 105, 134.09329
29639, 115, 16.106977
29640, 103, 28.433462
29641, 118, 89.022255
29642, 106, 36.506474
29643, 103, 105.95013
29644, 102, 128.09563
29645, 104, 77.921936
29646, 116, 123.61735
29647, 103, 96.067474
29648, 105, 93.16813
29649, 109, 135.6293
29650, 105, 31.328817
29651, 112, 126.915085
29652, 108, 39.859886
29653, 103, 126.049965
29654, 101, 144.1416
29655, 115, 66.19299
29656, 105, 127.219536
29657, 117, 2.9946952
29658, 108, 82.49788
29659, 104, 56.925514
29660, 106, 27.711483
29661, 100, 57.533913
29662, 104, 145.73512
29663, 104, 143.58221
29664, 102, 40.046158
29665, 106, 75.09634
29666, 116, 89.23928
29667, 117, 79.52265
29668, 109, 67.93238
29669, 118, 13.860878
29670, 114, 108.04902
29671, 116, 67.71476
29672, 118, 73.07598
29673, 100, 35.29093
29674, 107, 16.601818
29675, 110, 143.96059
29676, 113, 82.40787
29677, 116, 138.32085
29678, 114, 78.31973
29679, 108, 91.77539
29680, 101, 3.2508998
29681, 113, 65.45272
29682, 118, 133.0909
29683, 109, 4.6306906
29684, 102, 34.340046
29685, 109, 4.09745
29686, 104, 95.22081
29687, 108, 66.179665
29688, 114, 149.05035
29689, 103, 30.694315
29690, 101, 60.767223
29691, 113, 99.94628
29692, 108, 34.514324
29693, 106, 48.98038
29694, 111, 68.124146
29695, 110, 118.57553
29696, 109, 18.534771
29697, 112, 43.9254
29698, 116, 70.96025
29699, 102, 19.581306
29700, 107, 19.885164
29701, 117, 65.078354
29702, 110, 89.3849
29703, 108, 17.38472
29704, 101, 34.804855
29705, 119, 7.9823346
29706, 118, 22.579203
29707, 104, 60.83751
29708, 118, 125.22176
29709, 119, 139.26237
29710, 111, 34.376328
29711, 106, 25.183805
29712, 108, 132.11409
29713, 100, 114.9647
29714, 109, 42.19915
29715, 107, 71.9501
29716, 113, 14.447066
29717, 100, 7.9370317
29718, 110, 68.97509
29719, 110, 97.69458
29720, 110, 123.434296
29721, 109, 21.275112
29722, 101, 143.7553
29723, 102, 87.39784
29724, 104, 118.80896
29725, 104, 138.8815
29726, 109, 93.78942
29727, 115, 112.53564
29728, 113, 22.148582
29729, 118, 20.51559
29730, 101, 130.12039
29731, 100, 67.96882
29732, 106, 33.569286
29733, 115, 49.3926
29734, 114, 0.9862125
29735, 117, 134.98663
29736, 102, 3.2181144
29737, 102, 90.14624
29738, 112, 44.666763
29739, 107, 68.77415
29740, 112, 121.99864
29741, 100, 121.71932
29742, 113, 58.357483
29743, 103, 73.37373
29744, 100, 112.81636
29745, 114, 138.22101
29746, 119, 148.64166
29747, 113, 55.375053
29748, 109, 26.249643
29749, 107, 60.511868
29750, 105, 50.47245
29751, 117, 126.52498
29752, 117, 121.281876
29753, 106, 39.908775
29754, 109, 146.36075
29755, 102, 23.749395
29756, 112, 138.27478
29757, 119, 107.671196
29758, 116, 106.94012
29759, 110, 33.975246
29760, 103, 90.13816
29761, 106, 32.197247
29762, 117, 116.21318
29763, 104, 77.906525
29764, 101, 149.91512
29765, 112, 118.2928
29766, 105, 69.660225
29767, 115, 129.68979
29768, 109, 49.711178
29769, 104, 148.57713
29770, 100, 119.568344
29771, 102, 120.701164
29772, 116, 85.48379
29773, 104, 44.286114
29774, 102, 19.938066
29775, 106, 134.1807
29776, 112, 88.43135
29777, 116, 124.725914
29778, 117, 87.6099
29779, 101, 0.6665647
29780, 111, 6.009203
29781, 105, 32.2318
29782, 100, 29.139242
29783, 115, 20.815765
29784, 101, 78.607285
29785, 112, 146.65048
29786, 102, 80.01936
29787, 111, 105.06856
29788, 117, 113.98908
29789, 101, 11.930725
29790, 117, 53.897034
29791, 109, 98.06319
29792, 110, 132.40498
29793, 111, 70.07144
29794, 102, 137.14597
29795, 102, 91.85403
29796, 113, 127.95601
29797, 100, 15.843523
29798, 100, 148.3438
29799, 101, 142.46535
29800, 112, 57.291573
29801, 109, 75.46786
29802, 118, 95.80992
29803, 109, 28.356787
29804, 114, 15.421539
29805, 103, 16.540306
29806, 103, 18.287436
29807, 115, 62.77964
29808, 115, 97.9314
29809, 105, 105.092026
29810, 111, 128.9301
29811, 107, 64.56519
29812, 112, 80.99736
29813, 100, 128.02254
29814, 114, 51.56622
29815, 109, 82.41688
29816, 112, 115.7931
29817, 105, 66.91741
29818, 107, 41.697033
29819, 103, 55.63566
29820, 107, 119.00494
29821, 119, 126.781975
29822, 119, 61.62672
29823, 102, 93.07318
29824, 107, 80.38788
29825, 112, 101.65974
29826, 104, 64.136375
29827, 114, 120.22868
29828, 106, 53.25831
29829, 108, 40.769257
29830, 113, 64.37478
29831, 109, 15.93157
29832, 105, 6.2157335
29833, 105, 100.58414
29834, 109, 32.177433
29835, 119, 41.812813
29836, 119, 79.661064
29837, 119, 49.702477
29838, 106, 3.6875546
29839, 115, 17.425713
29840, 118, 54.299614
29841, 117, 35.729332
29842, 110, 112.178474
29843, 103, 101.9275
29844, 113, 23.697727
29845, 119, 15.236441
29846, 111, 94.94277
29847, 113, 30.332092
29848, 118, 146.97456
29849, 102, 114.919716
29850, 112, 130.94905
29851, 107, 142.1645
29852, 112, 102.07624
29853, 112, 88.51121
29854, 102, 69.902916
29855, 108, 88.21205
29856, 116, 49.547802
29857, 109, 117.1248
29858, 110, 43.23629
29859, 116, 52.97693
29860, 117, 129.20592
29861, 112, 143.07574
29862, 117, 55.15068
29863, 101, 41.43142
29864, 101, 83.069916
29865, 116, 51.986637
29866, 104, 123.35373
29867, 111, 82.16109
29868, 112, 22.408031
29869, 102, 116.962036
29870, 111, 101.674545
29871, 109, 43.589508
29872, 115, 60.888424
29873, 115, 71.09557
29874, 114, 34.370827
29875, 113, 81.472275
29876, 118, 104.6449
29877, 106, 11.517387
29878, 103, 55.581493
29879, 118, 108.239944
29880, 101, 143.21996
29881, 115, 8.438775
29882, 106, 64.9552
29883, 103, 70.079765
29884, 107, 125.67954
29885, 113, 122.27887
29886, 114, 42.30741
29887, 105, 20.100296
29888, 113, 107.71519
29889, 106, 145.57404
29890, 109, 131.0094
29891, 113, 80.59268
29892, 105, 30.055977
29893, 115, 82.13827
29894, 104, 11.158159
29895, 100, 71.28155
29896, 105, 126.182465
29897, 104, 101.87999
29898, 107, 149.27823
29899, 106, 6.3715963
29900, 101, 14.696905
29901, 114, 99.57804
29902, 118, 106.42018
29903, 119, 134.6465
29904, 119, 87.32658
29905, 116, 55.6089
29906, 106, 75.00646
29907, 106, 31.404465
29908, 119, 73.87563
29909, 119, 71.07581
29910, 104, 102.93924
29911, 100, 141.40501
29912, 114, 47.540634
29913, 115, 43.69533
29914, 106, 32.039425
29915, 110, 92.98138
29916, 104, 76.8716
29917, 105, 91.640625
29918, 101, 59.914417
29919, 107, 25.574049
29920, 105, 57.840218
29921, 118, 86.62062
29922, 112, 25.894323
29923, 106, 61.048748
29924, 116, 36.05237
29925, 104, 11.534661
29926, 105, 120.89855
29927, 103, 127.59186
29928, 118, 93.67212
29929, 113, 100.935486
29930, 119, 119.331924
29931, 105, 65.03566
29932, 113, 53.58915
29933, 105, 103.909065
29934, 110, 86.08463
29935, 102, 11.398512
29936, 114, 104.0132
29937, 114, 76.23238
29938, 108, 137.00948
29939, 100, 62.021416
29940, 107, 114.661804
29941, 112, 24.299652
29942, 112, 117.81446
29943, 108, 65.69607
29944, 106, 40.741745
29945, 119, 53.12511
29946, 101, 107.22365
29947, 103, 49.244812
29948, 118, 88.69326
29949, 106, 26.115417
29950, 100, 29.008493
29951, 104, 91.44301
29952, 119, 29.6293
29953, 113, 137.10294
29954, 105, 35.119816
29955, 106, 138.22923
29956, 104, 69.33397
29957, 106, 104.95787
29958, 112, 28.02221
29959, 114, 110.35474
29960, 102, 44.904434
29961, 115, 101.025734
29962, 110, 29.548037
29963, 109, 146.17578
29964, 109, 129.79169
29965, 115, 68.674034
29966, 104, 20.071077
29967, 113, 137.90477
29968, 102, 38.431488
29969, 107, 84.78086
29970, 103, 21.87819
29971, 115, 138.14822
29972, 105, 127.125946
29973, 104, 89.76817
29974, 114, 129.58502
29975, 104, 121.992714
29976, 118, 129.04437
29977, 112, 60.93496
29978, 108, 22.910776
29979, 112, 108.694275
29980, 115, 90.2128
29981, 100, 131.40486
29982, 106, 143.5172
29983, 105, 39.89817
29984, 116, 36.5872
29985, 117, 69.57034
29986, 110, 83.8839
29987, 109, 10.829186
29988, 114, 97.72386
29989, 118, 128.95622
29990, 117, 100.516235
29991, 116, 139.47217
29992, 108, 87.674484
29993, 107, 9.168604
29994, 110, 83.81074
29995, 118, 38.982235
29996, 116, 89.972496
29997, 106, 136.23029
29998, 119, 123.91544
29999, 112, 52.43699
30000, 119, 25.811478
30001, 112, 13.709065
30002, 104, 17.430622
30003, 103, 135.57666
30004, 114, 40.24728
30005, 115, 79.782
30006, 119, 146.77162
30007, 112, 73.23572
30008, 115, 137.44371
30009, 119, 104.797035
30010, 107, 110.83702
30011, 106, 92.76824
30012, 105, 75.22981
30013, 108, 95.98835
30014, 101, 82.42085
30015, 105, 87.97697
30016, 104, 100.558876
30017, 103, 107.651054
30018, 104, 17.345541
30019, 118, 141.37892
30020, 119, 73.01517
30021, 115, 20.274746
30022, 110, 144.80144
30023, 115, 36.449577
30024, 113, 134.51239
30025, 103, 67.583305
30026, 108, 94.562645
30027, 100, 27.202642
30028, 107, 105.38302
30029, 106, 91.912766
30030, 102, 73.60982
30031, 118, 99.31001
30032, 109, 148.07384
30033, 110, 85.42654
30034, 100, 11.18829
30035, 107, 34.303513
30036, 118, 56.46554
30037, 114, 92.200584
30038, 118, 31.553802
30039, 118, 114.37289
30040, 105, 39.02488
30041, 115, 77.28972
30042, 108, 112.62189
30043, 102, 34.1409
30044, 114, 31.639408
30045, 113, 112.969315
30046, 101, 135.95844
30047, 108, 51.43384
30048, 110, 45.26917
30049, 111, 27.250698
30050, 116, 6.5666733
30051, 103, 49.80788
30052, 105, 22.738445
30053, 102, 55.305775
30054, 107, 130.52325
30055, 101, 97.910194
30056, 116, 110.09633
30057, 116, 91.732
30058, 106, 31.748755
30059, 119, 123.67366
30060, 106, 42.959316
30061, 101, 56.772648
30062, 103, 118.10293
30063, 102, 116.12564
30064, 109, 142.14185
30065, 100, 136.19836
30066, 100, 58.189095
30067, 115, 47.485264
30068, 119, 7.5419784
30069, 119, 70.20224
30070, 100, 6.3269825
30071, 118, 26.714685
30072, 117, 95.66765
30073, 115, 15.0738535
30074, 112, 77.60004
30075, 100, 48.687572
30076, 104, 83.498436
30077, 117, 97.12539
30078, 119, 114.009155
30079, 116, 78.19723
30080, 107, 2.513194
30081, 110, 149.58607
30082, 105, 16.79449
30083, 119, 20.51627
30084, 115, 57.93787
30085, 119, 14.257103
30086, 119, 74.935036
30087, 105, 146.6237
30088, 100, 45.796608
30089, 112, 33.592216
30090, 101, 67.47927
30091, 106, 11.456349
30092, 103, 116.28501
30093, 105, 76.01312
30094, 111, 49.419746
30095, 103, 56.994884
30096, 112, 47.68111
30097, 108, 112.6148
30098, 113, 138.67023
30099, 106, 62.897194
30100, 104, 90.47959
30101, 118, 114.11264
30102, 107, 109.973335
30103, 105, 64.295204
30104, 103, 94.317894
30105, 112, 15.633461
30106, 107, 124.916
30107, 118, 3.2289596
30108, 100, 105.10154
30109, 109, 132.6305
30110, 102, 13.3346195
30111, 105, 108.56815
30112, 119, 107.17058
30113, 100, 10.381213
30114, 109, 149.65019
30115, 101, 33.77908
30116, 101, 137.27533
30117, 118, 50.816147
30118, 115, 79.51328
30119, 101, 93.56612
30120, 115, 77.67968
30121, 119, 20.020508
30122, 117, 110.08252
30123, 104, 52.08115
30124, 110, 12.445977
30125, 106, 98.337715
30126, 110, 15.7920685
30127, 104, 114.84646
30128, 105, 87.314644
30129, 113, 49.449627
30130, 109, 132.25134
30131, 102, 40.977055
30132, 110, 111.06304
30133, 110, 96.805725
30134, 119, 26.690832
30135, 100, 140.57372
30136, 101, 127.105034
30137, 108, 66.218834
30138, 101, 129.36658
30139, 116, 36.207275
30140, 109, 113.91954
30141, 116, 79.48536
30142, 116, 22.244158
30143, 114, 11.250159
30144, 107, 146.3836
30145, 115, 55.327534
30146, 113, 31.417519
30147, 111, 88.920395
30148, 118, 143.71277
30149, 117, 15.600944
30150, 118, 92.44429
30151, 107, 110.10501
