19364, 113, 139.83829
19365, 116, 57.191734
19366, 105, 96.970314
19367, 101, 24.15255
19368, 102, 106.85551
19369, 112, 83.42254
19370, 110, 84.69913
19371, 108, 19.849375
19372, 105, 64.73701
19373, 112, 148.0358
19374, 101, 92.182434
19375, 101, 79.06253
19376, 113, 79.643166
19377, 104, 143.68217
19378, 108, 54.501923
19379, 110, 0.68045855
19380, 101, 128.9818
19381, 111, 136.4542
19382, 103, 41.621243
19383, 107, 20.436234
19384, 115, 72.851
19385, 109, 129.56792
19386, 112, 80.211845
19387, 110, 139.59657
19388, 119, 89.91306
19389, 115, 93.97394
19390, 105, 61.764782
19391, 100, 88.30988
19392, 118, 121.11101
19393, 101, 29.727396
19394, 117, 142.01537
19395, 113, 59.681583
19396, 107, 97.70918
19397, 111, 142.90979
19398, 112, 114.82126
19399, 106, 17.987984
19400, 117, 129.31497
19401, 114, 15.29957
19402, 116, 124.36725
19403, 117, 73.75955
19404, 111, 21.410725
19405, 110, 18.637499
19406, 104, 123.26938
19407, 110, 100.56612
19408, 106, 143.08945
19409, 113, 65.783554
19410, 106, 17.068022
19411, 118, 41.33528
19412, 110, 94.387024
19413, 117, 139.27956
19414, 102, 46.582317
19415, 115, 50.34502
19416, 104, 71.146996
19417, 105, 33.975533
19418, 107, 78.821655
19419, 106, 71.15341
19420, 111, 34.472
19421, 100, 90.32985
19422, 105, 27.771404
19423, 116, 38.975296
19424, 113, 71.05365
19425, 104, 137.9301
19426, 104, 107.287056
19427, 113, 81.033646
19428, 115, 14.170048
19429, 100, 106.69979
19430, 104, 135.8306
19431, 107, 112.73178
19432, 109, 122.08283
19433, 115, 143.21835
19434, 115, 121.80961
19435, 115, 93.27704
19436, 101, 33.852974
19437, 119, 122.94589
19438, 112, 30.481365
19439, 105, 15.230978
19440, 118, 28.018766
19441, 111, 120.376816
19442, 110, 46.402313
19443, 106, 83.665535
19444, 105, 93.160194
19445, 114, 12.83395
19446, 100, 19.008081
19447, 116, 92.30996
19448, 111, 54.36428
19449, 116, 57.838745
19450, 104, 96.53402
19451, 100, 143.996
19452, 102, 93.0249
19453, 105, 79.70392
19454, 113, 20.224768
19455, 102, 48.19232
19456, 106, 146.18295
19457, 102, 79.3062
19458, 111, 143.75967
19459, 103, 138.09491
19460, 104, 22.237337
19461, 109, 41.578754
19462, 115, 109.79159
19463, 117, 6.634596
19464, 103, 115.469795
19465, 116, 34.500076
19466, 102, 58.50514
19467, 102, 103.6835
19468, 117, 112.92405
19469, 119, 29.588314
19470, 100, 20.369482
19471, 119, 96.19125
19472, 116, 17.041594
19473, 110, 52.576958
19474, 104, 78.51276
19475, 115, 42.513256
19476, 101, 61.31479
19477, 119, 148.78839
19478, 108, 46.994217
19479, 111, 17.16206
19480, 116, 38.586742
19481, 114, 12.581643
19482, 116, 72.358665
19483, 109, 19.676962
19484, 116, 97.49486
19485, 112, 6.4424696
19486, 106, 28.145939
19487, 101, 57.868034
19488, 100, 129.43172
19489, 116, 36.328144
19490, 108, 141.67274
19491, 112, 56.40506
19492, 115, 109.401886
19493, 107, 13.60209
19494, 110, 127.398056
19495, 107, 113.53264
19496, 109, 80.163574
19497, 105, 49.701218
19498, 117, 107.770935
19499, 102, 119.48333
19500, 102, 90.21358
19501, 100, 123.12149
19502, 107, 31.253859
19503, 116, 79.88619
19504, 106, 148.18892
19505, 116, 4.828942
19506, 104, 96.61172
19507, 105, 134.92804
19508, 115, 17.216259
19509, 112, 113.58369
19510, 102, 148.12729
19511, 119, 20.830349
19512, 104, 131.64903
19513, 116, 142.59465
19514, 101, 0.48606098
19515, 119, 31.335783
19516, 101, 119.4368
19517, 119, 14.120758
19518, 108, 24.786087
19519, 110, 26.819471
19520, 112, 59.644596
19521, 119, 133.41371
19522, 110, 56.083042
19523, 105, 22.398788
19524, 110, 73.548744
19525, 114, 15.158227
19526, 119, 133.611
19527, 119, 9.20603
19528, 119, 11.375239
19529, 103, 95.294685
19530, 110, 114.94336
19531, 105, 125.39782
19532, 114, 132.28223
19533, 102, 60.54749
19534, 113, 32.52393
19535, 119, 140.12932
19536, 102, 11.974677
19537, 103, 27.446472
19538, 101, 126.24742
19539, 109, 110.292885
19540, 107, 38.097202
19541, 112, 83.38063
19542, 118, 9.015075
19543, 113, 103.79697
19544, 107, 64.30575
19545, 101, 65.80302
19546, 111, 149.2842
19547, 118, 123.51119
19548, 108, 85.03671
19549, 117, 147.37227
19550, 103, 70.43495
19551, 119, 69.39584
19552, 104, 131.50766
19553, 108, 31.342962
19554, 112, 56.600334
19555, 105, 143.5549
19556, 102, 40.12549
19557, 106, 133.93933
19558, 103, 107.99529
19559, 113, 100.87417
19560, 108, 99.42188
19561, 114, 104.80076
19562, 110, 54.71321
19563, 103, 60.242477
19564, 115, 58.869133
19565, 116, 112.77191
19566, 113, 39.793003
19567, 116, 140.86021
19568, 104, 37.176624
19569, 102, 117.488434
19570, 107, 88.28734
19571, 109, 75.709915
19572, 119, 11.472935
19573, 101, 54.333122
19574, 113, 64.67046
19575, 115, 86.396706
19576, 112, 20.491764
19577, 116, 11.203721
19578, 119, 72.00998
19579, 102, 91.169136
19580, 103, 135.5559
19581, 100, 18.419355
19582, 111, 61.772114
19583, 116, 121.0482
19584, 108, 127.64513
19585, 113, 0.46235025
19586, 114, 17.688078
19587, 117, 42.1762
19588, 108, 86.17112
19589, 117, 45.44609
19590, 100, 33.66571
19591, 115, 21.506918
19592, 114, 141.6381
19593, 117, 49.262783
19594, 115, 43.383175
19595, 104, 116.07158
19596, 111, 110.28758
19597, 113, 8.500439
19598, 118, 104.47421
19599, 104, 24.492056
19600, 101, 14.388996
19601, 116, 50.137836
19602, 104, 42.38718
19603, 112, 89.45248
19604, 102, 26.052887
19605, 109, 111.54576
19606, 111, 27.665224
19607, 114, 147.18155
19608, 100, 117.234535
19609, 109, 86.68383
19610, 113, 47.125446
19611, 115, 78.98128
19612, 102, 96.105644
19613, 101, 68.89245
19614, 113, 40.5919
19615, 108, 115.96835
19616, 105, 94.82589
19617, 101, 141.24066
19618, 102, 139.21599
19619, 117, 26.483328
19620, 111, 31.27503
19621, 111, 123.3993
19622, 115, 87.52377
19623, 112, 53.435986
19624, 107, 26.502111
19625, 115, 140.55186
19626, 101, 46.764385
19627, 116, 85.53345
19628, 109, 134.97868
19629, 105, 108.13837
19630, 112, 23.703682
19631, 109, 37.949833
19632, 117, 122.53861
19633, 102, 60.40289
19634, 106, 47.065456
19635, 102, 143.23016
19636, 105, 144.94151
19637, 114, 18.292799
19638, 105, 40.310543
19639, 100, 39.123005
19640, 105, 131.60753
19641, 117, 92.32568
19642, 118, 109.55279
19643, 100, 142.83597
19644, 116, 98.153275
19645, 104, 86.27427
19646, 111, 116.353836
19647, 114, 140.64468
19648, 100, 141.52719
19649, 104, 49.02186
19650, 113, 27.451239
19651, 119, 127.28728
19652, 110, 14.167455
19653, 106, 62.248074
19654, 114, 106.17694
19655, 117, 123.500565
19656, 107, 86.8478
19657, 107, 92.3493
19658, 114, 37.9525
19659, 101, 16.04678
19660, 119, 90.89604
19661, 111, 92.28403
19662, 105, 7.4951115
19663, 106, 88.90722
19664, 108, 140.77682
19665, 116, 124.33935
19666, 109, 42.674946
19667, 114, 117.808304
19668, 107, 57.37719
19669, 111, 139.84798
19670, 109, 104.520836
19671, 106, 44.65549
19672, 103, 20.478031
19673, 102, 62.17144
19674, 108, 98.05201
19675, 102, 90.86795
19676, 104, 133.24979
19677, 113, 114.58689
19678, 116, 25.127998
19679, 107, 76.54734
19680, 114, 3.7860632
19681, 116, 123.30882
19682, 101, 81.29839
19683, 104, 104.01816
19684, 114, 114.45074
19685, 118, 121.26358
19686, 114, 125.87633
19687, 100, 133.32176
19688, 107, 111.79229
19689, 106, 98.15656
19690, 102, 71.255325
19691, 112, 5.45353
19692, 112, 70.37876
19693, 110, 89.24625
19694, 105, 55.674397
19695, 101, 135.48166
19696, 101, 88.46876
19697, 100, 49.93591
19698, 107, 74.03075
19699, 112, 134.15392
19700, 102, 5.0281496
19701, 118, 111.97059
19702, 113, 29.696882
19703, 109, 3.625989
19704, 109, 134.47606
19705, 106, 50.57051
19706, 119, 117.75722
19707, 104, 23.235924
19708, 115, 85.30493
19709, 106, 69.43521
19710, 119, 62.4851
19711, 106, 18.703419
19712, 100, 127.09388
19713, 109, 145.87701
19714, 102, 146.0854
19715, 118, 82.87223
19716, 106, 14.957875
19717, 105, 30.779457
19718, 115, 99.62914
19719, 103, 121.30731
19720, 100, 89.31947
19721, 102, 66.339806
19722, 115, 65.75523
19723, 105, 40.301086
19724, 104, 87.83329
19725, 113, 110.07829
19726, 100, 25.868359
19727, 100, 100.11493
19728, 101, 32.743282
19729, 112, 50.661663
19730, 106, 121.148926
19731, 117, 125.4599
19732, 117, 23.601955
19733, 118, 22.928953
19734, 119, 26.937649
19735, 101, 96.85477
19736, 107, 80.46282
19737, 110, 66.976295
19738, 105, 38.978012
19739, 107, 140.56358
19740, 109, 49.3149
19741, 105, 39.1737
19742, 117, 26.55193
19743, 106, 24.612137
19744, 101, 22.476875
19745, 101, 97.289185
19746, 110, 45.53493
19747, 103, 125.736046
19748, 101, 83.93869
19749, 102, 68.00958
19750, 104, 123.55574
19751, 116, 133.2689
19752, 107, 7.072985
19753, 102, 61.05898
19754, 101, 117.537415
19755, 104, 124.368355
19756, 109, 11.339495
19757, 105, 91.62283
19758, 100, 92.96081
19759, 110, 84.15937
19760, 119, 104.15373
19761, 103, 112.05833
19762, 110, 56.279602
19763, 118, 20.044703
19764, 115, 47.245197
19765, 101, 64.92644
19766, 108, 29.026043
19767, 102, 24.66377
19768, 101, 141.78174
19769, 110, 83.73329
19770, 105, 76.4719
19771, 100, 73.43022
19772, 106, 19.285627
19773, 101, 102.6216
19774, 111, 25.147131
19775, 100, 65.72986
19776, 102, 21.628798
19777, 109, 0.1587063
19778, 106, 12.563181
19779, 110, 1.0771036
19780, 102, 143.16336
19781, 114, 123.306114
19782, 100, 2.839789
19783, 119, 106.01228
19784, 106, 125.39241
19785, 108, 107.46828
19786, 116, 73.03806
19787, 111, 82.68523
19788, 117, 8.768866
19789, 116, 29.854452
19790, 119, 33.453163
19791, 103, 117.756935
19792, 108, 87.69359
19793, 113, 141.39745
19794, 112, 91.728386
19795, 108, 2.5792928
19796, 117, 11.268559
19797, 110, 132.13058
19798, 115, 124.60099
19799, 119, 3.113687
19800, 102, 42.503323
19801, 118, 106.25651
19802, 103, 96.30232
19803, 103, 102.532906
19804, 103, 107.32054
19805, 102, 48.546963
19806, 100, 137.53444
19807, 117, 22.580954
19808, 118, 70.31727
19809, 105, 56.004417
19810, 106, 58.33162
19811, 107, 82.457405
19812, 113, 55.732174
19813, 109, 25.636383
19814, 109, 131.81158
19815, 119, 102.701584
19816, 109, 77.01125
19817, 101, 147.5882
19818, 113, 113.48951
19819, 119, 62.51505
19820, 102, 95.93775
19821, 113, 118.03857
19822, 114, 72.51589
19823, 115, 132.82753
19824, 119, 44.385723
19825, 102, 142.21402
19826, 118, 145.18716
19827, 105, 76.140625
19828, 103, 140.29134
19829, 101, 60.790863
19830, 102, 16.378069
19831, 103, 41.491814
19832, 105, 125.89193
19833, 106, 35.272728
19834, 114, 38.19622
19835, 107, 3.8608968
19836, 114, 138.39124
19837, 110, 49.86494
19838, 101, 10.082155
19839, 112, 90.504776
19840, 100, 88.37179
19841, 117, 21.981365
19842, 104, 54.429306
19843, 118, 40.53728
19844, 118, 102.75433
19845, 112, 7.895046
19846, 103, 24.913994
19847, 102, 138.13663
19848, 108, 121.70952
19849, 115, 6.1058254
19850, 105, 148.94115
19851, 114, 11.523512
19852, 109, 79.140686
19853, 113, 102.48485
19854, 118, 131.40634
19855, 104, 40.428604
19856, 118, 141.77922
19857, 116, 40.071632
19858, 106, 77.539604
19859, 101, 35.27415
19860, 100, 102.45451
19861, 103, 90.809555
19862, 105, 55.0906
19863, 107, 63.15178
19864, 117, 124.57721
19865, 100, 106.88419
19866, 108, 7.403925
19867, 119, 35.962154
19868, 117, 27.121496
19869, 106, 12.5745535
19870, 103, 54.138905
19871, 109, 112.340576
19872, 102, 82.39384
19873, 108, 49.255226
19874, 118, 38.167995
19875, 107, 41.957375
19876, 110, 28.031265
19877, 113, 74.93291
19878, 104, 97.6373
19879, 114, 25.405714
19880, 105, 8.439919
19881, 102, 5.462882
19882, 115, 11.152768
19883, 115, 64.39497
19884, 108, 88.92346
19885, 102, 31.140223
19886, 107, 64.616196
19887, 110, 29.460543
19888, 116, 140.00859
19889, 102, 16.46069
19890, 105, 88.15982
19891, 112, 72.27316
19892, 117, 28.82595
19893, 112, 102.39523
19894, 118, 23.007246
19895, 113, 89.75633
19896, 119, 104.99117
19897, 119, 17.772558
19898, 113, 45.869503
19899, 110, 53.94203
19900, 108, 130.25893
19901, 101, 113.89275
19902, 115, 1.2922972
19903, 110, 48.351807
19904, 101, 113.62539
19905, 119, 121.74594
19906, 104, 32.275333
19907, 106, 144.40791
19908, 110, 130.2067
19909, 117, 128.21051
19910, 119, 13.515266
19911, 107, 18.150187
19912, 100, 111.06233
19913, 111, 29.972023
19914, 118, 28.92665
19915, 111, 64.639175
19916, 110, 53.45438
19917, 112, 110.96466
19918, 112, 135.27823
19919, 117, 49.268345
19920, 110, 116.25886
19921, 112, 6.6334605
19922, 117, 15.338034
19923, 109, 5.391142
19924, 109, 19.66246
19925, 108, 84.09304
19926, 110, 77.47376
19927, 116, 21.992487
19928, 118, 117.98296
19929, 114, 43.215473
19930, 109, 51.78075
19931, 107, 34.026344
19932, 118, 49.964592
19933, 104, 98.58668
19934, 119, 97.19245
19935, 117, 58.953335
19936, 108, 45.128452
19937, 102, 7.99883
19938, 112, 145.46645
19939, 113, 129.21365
19940, 112, 105.654686
19941, 112, 130.25774
19942, 119, 148.20044
19943, 104, 2.8501868
19944, 115, 68.774216
19945, 101, 95.58638
19946, 116, 61.64008
19947, 110, 87.60036
19948, 101, 96.080795
19949, 107, 149.37297
19950, 112, 1.1232197
19951, 107, 141.04784
19952, 102, 13.235244
19953, 114, 26.146183
19954, 118, 95.323235
19955, 111, 107.45861
19956, 115, 1.8481404
19957, 100, 149.70786
19958, 116, 1.8793792
19959, 107, 41.1736
19960, 110, 142.99667
19961, 106, 133.33441
19962, 111, 11.153385
19963, 104, 78.24525
19964, 101, 11.324162
19965, 101, 99.22305
19966, 104, 53.13702
19967, 110, 130.29434
19968, 114, 52.915916
19969, 106, 22.612282
19970, 114, 139.05177
19971, 110, 145.52309
19972, 110, 42.821377
19973, 117, 112.56313
19974, 105, 144.3873
19975, 108, 133.53702
19976, 114, 99.25032
19977, 110, 136.65253
19978, 104, 35.06668
19979, 110, 48.197536
19980, 109, 64.247406
19981, 100, 122.788666
19982, 108, 149.57947
19983, 116, 93.41266
19984, 104, 139.59444
19985, 110, 17.046959
19986, 105, 30.261602
19987, 107, 121.24376
19988, 106, 145.22787
19989, 102, 111.905464
19990, 103, 131.09209
19991, 114, 12.367451
19992, 109, 128.38112
19993, 106, 26.218727
19994, 109, 35.659863
19995, 109, 123.92575
19996, 111, 117.85923
19997, 108, 45.830494
19998, 110, 56.290688
19999, 117, 3.4971893
20000, 112, 61.83546
20001, 111, 137.0261
20002, 108, 76.835365
20003, 115, 47.5904
20004, 103, 99.35609
20005, 110, 7.33172
20006, 110, 107.13989
20007, 114, 118.37548
20008, 101, 132.76929
20009, 100, 51.13517
20010, 119, 147.20714
20011, 114, 117.40324
20012, 116, 35.251156
20013, 117, 146.68161
20014, 100, 112.50029
20015, 110, 59.232937
20016, 104, 2.027893
20017, 108, 16.935629
20018, 100, 55.351612
20019, 119, 145.25308
20020, 112, 115.769615
20021, 117, 45.686703
20022, 100, 81.49547
20023, 110, 48.218937
20024, 111, 140.01755
20025, 102, 56.706905
20026, 105, 139.31635
20027, 119, 49.62208
20028, 116, 101.80936
20029, 111, 30.473202
20030, 108, 42.10869
20031, 115, 80.254814
20032, 108, 59.03832
20033, 115, 79.69383
20034, 116, 17.869314
20035, 109, 20.549637
20036, 105, 21.658722
20037, 101, 81.82197
20038, 109, 1.2662709
20039, 104, 139.05598
20040, 104, 143.7275
20041, 112, 23.07973
20042, 119, 117.17288
20043, 106, 82.81673
20044, 111, 23.331615
20045, 106, 117.44648
20046, 104, 66.21434
20047, 101, 91.04957
20048, 109, 73.85618
20049, 103, 27.630955
20050, 105, 28.057756
20051, 119, 119.39778
20052, 116, 149.70343
20053, 107, 112.13877
20054, 101, 114.796585
20055, 107, 19.336662
20056, 101, 7.093316
20057, 113, 50.248344
20058, 116, 21.197525
20059, 107, 49.715218
20060, 114, 66.037285
20061, 105, 86.25913
20062, 100, 11.622718
20063, 108, 56.584866
20064, 104, 70.28435
20065, 105, 115.82952
20066, 109, 43.76639
20067, 109, 19.682398
20068, 102, 45.545723
20069, 107, 122.746086
20070, 117, 28.106037
20071, 115, 10.892648
20072, 116, 24.260849
20073, 106, 77.52073
20074, 108, 103.6108
20075, 117, 77.51078
20076, 105, 107.237175
20077, 117, 96.289276
20078, 116, 25.288279
20079, 115, 21.922382
20080, 116, 17.754301
20081, 106, 23.183245
20082, 114, 27.584803
20083, 108, 54.34953
20084, 104, 127.536705
20085, 105, 7.86919
20086, 118, 20.917877
20087, 112, 90.600815
20088, 101, 103.48106
20089, 108, 75.90934
20090, 111, 78.347626
20091, 110, 86.09326
20092, 112, 102.78761
20093, 102, 71.0688
20094, 109, 126.54862
20095, 115, 123.32982
20096, 104, 69.43054
20097, 108, 72.527664
20098, 116, 31.444984
20099, 114, 111.64132
20100, 111, 72.85981
20101, 112, 49.82003
20102, 104, 136.76997
20103, 102, 99.42415
20104, 112, 106.15786
20105, 113, 27.412006
20106, 114, 117.17599
20107, 101, 16.919508
20108, 113, 21.580883
20109, 104, 141.5778
20110, 117, 55.65689
20111, 103, 91.943375
20112, 111, 17.878426
20113, 110, 140.70486
20114, 119, 84.57365
20115, 102, 126.6527
20116, 117, 127.49847
20117, 115, 39.887863
20118, 113, 119.249916
20119, 105, 56.028877
20120, 116, 51.04309
20121, 117, 47.655075
20122, 111, 101.21673
20123, 116, 40.65696
20124, 101, 89.37322
20125, 115, 140.033
20126, 111, 148.84859
20127, 110, 90.60236
20128, 119, 143.83076
20129, 106, 80.59172
20130, 118, 85.57968
20131, 117, 31.19047
20132, 102, 96.48806
20133, 114, 11.173985
20134, 109, 148.86684
20135, 107, 37.259933
20136, 117, 112.49102
20137, 105, 107.11261
20138, 104, 142.2868
20139, 105, 75.34384
20140, 112, 42.542015
20141, 101, 42.376926
20142, 109, 9.018204
20143, 105, 17.95409
20144, 110, 74.858986
20145, 113, 113.84085
20146, 109, 109.53134
20147, 105, 16.58763
20148, 119, 9.6963825
20149, 106, 11.809668
20150, 103, 84.591934
20151, 104, 125.61513
20152, 102, 59.69636
20153, 101, 78.21916
20154, 106, 126.83166
20155, 111, 2.328229
20156, 112, 95.804665
20157, 115, 55.028244
20158, 101, 11.950842
20159, 108, 131.629
20160, 105, 63.889442
20161, 103, 5.2930446
20162, 111, 70.122284
20163, 100, 6.338775
20164, 113, 2.1762638
20165, 113, 104.90929
20166, 104, 89.669334
20167, 107, 56.526627
20168, 115, 83.52612
20169, 100, 72.35482
20170, 110, 129.56181
20171, 102, 88.24681
20172, 111, 96.36673
20173, 108, 54.951694
20174, 105, 62.872025
20175, 100, 17.634586
20176, 119, 147.86649
20177, 101, 17.516773
20178, 117, 78.71775
20179, 108, 65.36841
20180, 105, 111.76092
20181, 105, 45.26335
20182, 114, 13.603306
20183, 105, 26.495934
20184, 114, 37.45688
20185, 101, 61.148045
20186, 109, 131.69188
20187, 119, 141.95958
20188, 104, 37.523754
20189, 108, 5.415568
20190, 119, 4.970294
20191, 116, 67.042885
20192, 105, 137.41454
20193, 111, 12.683138
20194, 119, 144.03667
20195, 106, 113.6778
20196, 103, 25.579441
20197, 104, 64.532814
20198, 116, 70.62766
20199, 117, 80.23182
20200, 118, 74.45695
20201, 104, 34.474842
20202, 109, 124.48821
20203, 105, 1.9891083
20204, 119, 31.436598
20205, 118, 44.20999
20206, 119, 85.55087
20207, 103, 6.758845
20208, 108, 105.043594
20209, 116, 39.38282
20210, 106, 84.35643
20211, 101, 86.83413
20212, 112, 113.16387
20213, 112, 119.148415
20214, 106, 120.78313
20215, 105, 1.6979009
20216, 110, 32.79425
20217, 119, 69.97431
20218, 113, 77.327675
20219, 104, 87.21234
20220, 105, 67.70932
20221, 111, 119.42585
20222, 106, 142.04007
20223, 119, 52.488647
20224, 115, 2.4709315
20225, 111, 39.843224
20226, 107, 111.55056
20227, 118, 90.916824
20228, 103, 77.565765
20229, 106, 31.512245
20230, 106, 37.276382
20231, 116, 115.34735
20232, 119, 93.24348
20233, 107, 51.401585
20234, 113, 107.54436
20235, 114, 95.772964
20236, 105, 23.448112
20237, 110, 76.24891
20238, 115, 95.11497
20239, 107, 16.264101
20240, 108, 87.95816
20241, 104, 16.477703
20242, 113, 110.413795
20243, 111, 48.090076
20244, 104, 35.82891
20245, 108, 16.112253
20246, 118, 77.15928
20247, 114, 63.943024
20248, 117, 134.453
20249, 113, 69.87584
20250, 111, 143.25752
20251, 118, 65.156044
20252, 108, 64.85839
20253, 115, 14.106059
20254, 101, 23.383213
20255, 103, 14.705372
20256, 110, 48.6629
20257, 119, 16.115812
20258, 110, 98.4852
20259, 114, 80.52449
20260, 104, 137.54121
20261, 118, 82.35267
20262, 108, 137.2643
20263, 105, 16.715714
20264, 116, 42.821102
20265, 106, 9.486839
20266, 119, 13.314369
20267, 107, 19.214201
20268, 117, 79.26105
20269, 106, 67.27935
20270, 119, 108.29679
20271, 111, 6.9126697
20272, 100, 104.98065
20273, 114, 101.73835
20274, 112, 131.56554
20275, 108, 51.383354
20276, 104, 4.8348427
20277, 112, 92.41854
20278, 102, 91.95971
20279, 104, 3.5025268
20280, 119, 51.410954
20281, 117, 109.67512
20282, 112, 43.75612
20283, 110, 99.46977
20284, 101, 39.067635
20285, 117, 84.05631
20286, 107, 111.01567
20287, 109, 99.295334
20288, 105, 44.704323
20289, 117, 105.028114
20290, 104, 35.85215
20291, 118, 29.648754
20292, 107, 123.406746
20293, 108, 103.9082
20294, 109, 140.37433
20295, 119, 27.395027
20296, 102, 47.674145
20297, 102, 42.30997
20298, 107, 11.613285
20299, 106, 63.94295
20300, 103, 27.175463
20301, 119, 113.294334
20302, 119, 14.447245
20303, 105, 138.77614
20304, 117, 43.72066
20305, 103, 119.53373
20306, 112, 103.322716
20307, 103, 8.930281
20308, 107, 36.410835
20309, 102, 137.2633
20310, 105, 96.92645
20311, 113, 109.25133
20312, 104, 106.91518
20313, 110, 136.63838
20314, 116, 116.8551
20315, 105, 32.710655
20316, 103, 11.196104
20317, 117, 65.73066
20318, 113, 116.84171
20319, 107, 117.241196
20320, 108, 49.988785
20321, 117, 68.43295
20322, 103, 13.364384
20323, 108, 146.32791
20324, 119, 43.95985
20325, 110, 46.034805
20326, 104, 56.63524
20327, 103, 16.24075
20328, 105, 138.07639
20329, 119, 22.127161
20330, 111, 122.33905
20331, 107, 21.411654
20332, 115, 123.03413
20333, 117, 57.897877
20334, 115, 144.16176
20335, 107, 53.989346
20336, 101, 95.720924
20337, 105, 40.198338
20338, 117, 23.461433
20339, 106, 118.24291
20340, 106, 51.670628
20341, 107, 140.0485
20342, 109, 9.986302
20343, 100, 14.490634
20344, 110, 94.416534
20345, 119, 127.18404
20346, 112, 15.980977
20347, 111, 93.87106
20348, 104, 34.668213
20349, 116, 64.88474
20350, 119, 0.92559457
20351, 113, 100.944534
20352, 100, 34.80179
20353, 117, 8.207229
20354, 119, 117.93388
20355, 102, 60.02808
20356, 107, 54.243645
20357, 108, 76.13118
20358, 115, 124.1825
20359, 118, 73.51099
20360, 109, 60.38636
20361, 105, 58.884735
20362, 103, 28.80426
20363, 101, 26.69878
20364, 100, 77.073494
20365, 111, 26.724619
20366, 115, 6.4600377
20367, 109, 14.656618
20368, 116, 56.260757
20369, 108, 69.448326
20370, 110, 117.07111
20371, 111, 65.22752
20372, 100, 127.627266
20373, 109, 26.52822
20374, 106, 84.76616
20375, 102, 104.39122
20376, 115, 81.16998
20377, 117, 131.5868
20378, 109, 84.319435
20379, 108, 2.3950963
20380, 112, 130.48466
20381, 102, 16.26715
20382, 118, 102.483864
20383, 108, 43.309433
20384, 100, 50.485584
20385, 119, 2.6769786
20386, 107, 55.458023
20387, 100, 44.783012
20388, 102, 130.56796
20389, 108, 60.841377
20390, 118, 118.05911
20391, 106, 36.175705
20392, 116, 85.490974
20393, 103, 142.99422
20394, 118, 83.35669
20395, 104, 94.53481
20396, 118, 110.43055
20397, 119, 149.34393
20398, 109, 17.728079
20399, 106, 139.10292
20400, 115, 69.34333
20401, 102, 63.36744
20402, 102, 73.48553
20403, 116, 66.12596
20404, 109, 19.760406
20405, 117, 18.611393
20406, 117, 12.129057
20407, 102, 48.493732
20408, 112, 141.95656
20409, 103, 54.03574
20410, 109, 85.39243
20411, 102, 30.46327
20412, 106, 139.74342
20413, 117, 82.64773
20414, 117, 95.88805
20415, 114, 99.58482
20416, 101, 6.9395094
20417, 106, 16.488657
20418, 105, 90.91166
20419, 112, 68.31269
20420, 113, 62.26902
20421, 111, 129.16165
20422, 112, 61.53162
20423, 108, 84.006096
20424, 104, 4.3662786
20425, 101, 104.22759
20426, 107, 76.2165
20427, 114, 45.401745
20428, 106, 57.55786
20429, 106, 97.567024
20430, 100, 110.557945
20431, 116, 140.39728
20432, 117, 14.442748
20433, 111, 32.50081
20434, 112, 6.692478
20435, 106, 96.39823
20436, 106, 27.95441
20437, 101, 111.74393
20438, 109, 100.33929
20439, 108, 37.466713
20440, 119, 15.362951
20441, 110, 20.971066
20442, 101, 0.15094578
20443, 103, 88.36091
20444, 111, 55.933743
20445, 117, 47.4881
20446, 116, 120.691246
20447, 111, 102.83027
20448, 106, 92.12531
20449, 102, 43.294537
20450, 106, 23.638657
20451, 118, 91.40347
20452, 104, 137.36252
20453, 118, 9.848007
20454, 100, 53.553574
20455, 119, 127.10108
20456, 109, 56.87033
20457, 103, 49.876858
20458, 110, 63.26487
20459, 102, 25.59879
20460, 106, 41.648457
20461, 115, 16.092798
20462, 101, 63.735687
20463, 116, 94.629486
20464, 119, 80.016426
20465, 112, 119.80575
20466, 107, 58.434696
20467, 119, 72.69044
20468, 114, 93.08859
20469, 106, 140.00612
20470, 102, 47.776634
20471, 102, 99.287895
20472, 108, 0.15591681
20473, 103, 67.29476
20474, 106, 110.39359
20475, 104, 34.987495
20476, 112, 61.761322
20477, 109, 67.15535
20478, 102, 97.74033
20479, 112, 78.98964
20480, 109, 110.376915
20481, 117, 21.938797
20482, 117, 12.872824
20483, 113, 133.93639
20484, 110, 41.18642
20485, 107, 113.400345
20486, 114, 123.51785
20487, 105, 25.416157
20488, 102, 43.416622
20489, 118, 109.329414
20490, 102, 23.091915
20491, 113, 18.410835
20492, 119, 14.534246
20493, 108, 121.38998
20494, 114, 98.78264
20495, 117, 94.13204
20496, 113, 4.6723814
20497, 106, 24.973288
20498, 110, 0.1631856
20499, 105, 119.46562
20500, 117, 67.05164
20501, 109, 78.5535
20502, 112, 48.14389
20503, 109, 34.475765
20504, 111, 53.093746
20505, 113, 80.35668
20506, 103, 0.2722174
20507, 108, 17.210323
20508, 117, 29.843054
20509, 100, 139.62117
20510, 105, 39.71251
20511, 101, 148.1429
20512, 106, 7.4491115
20513, 109, 141.35316
20514, 112, 52.0679
20515, 113, 84.24325
20516, 107, 70.736
20517, 102, 91.40766
20518, 116, 75.755775
20519, 118, 96.48193
20520, 110, 115.534
20521, 100, 60.028248
20522, 115, 142.01085
20523, 109, 8.269268
20524, 108, 26.233381
20525, 119, 70.56378
20526, 114, 93.079636
20527, 100, 89.39254
20528, 110, 27.066278
20529, 112, 20.302776
20530, 100, 43.91641
20531, 115, 20.140234
20532, 116, 41.382168
20533, 103, 49.784267
20534, 112, 55.842842
20535, 116, 18.56845
20536, 115, 11.111095
20537, 100, 43.147114
20538, 115, 19.205412
20539, 109, 119.35524
20540, 119, 11.999854
20541, 108, 103.09047
20542, 104, 53.237404
20543, 114, 131.56343
20544, 100, 12.688216
20545, 113, 29.205153
20546, 110, 39.09807
20547, 115, 34.607533
20548, 106, 6.9213243
20549, 112, 38.22541
20550, 105, 29.809587
20551, 111, 37.536736
20552, 115, 90.18294
20553, 109, 79.75724
20554, 100, 71.928116
20555, 109, 49.71857
20556, 109, 61.83233
20557, 104, 89.77519
20558, 117, 8.160361
20559, 111, 5.182323
20560, 114, 13.956562
20561, 105, 45.969532
20562, 100, 25.743422
20563, 107, 1.2240797
20564, 117, 122.59162
20565, 105, 2.2718759
20566, 109, 23.457008
20567, 105, 84.79346
20568, 115, 32.644825
20569, 110, 77.71851
20570, 116, 111.877716
20571, 104, 3.7888706
20572, 110, 4.0011764
20573, 110, 39.739697
20574, 113, 23.575329
20575, 103, 42.080437
20576, 114, 63.479267
20577, 115, 48.823257
20578, 112, 29.70551
20579, 112, 93.155426
20580, 111, 83.57512
20581, 115, 70.91279
20582, 115, 15.880474
20583, 103, 38.34132
20584, 102, 8.430809
20585, 103, 13.378063
20586, 119, 32.12707
20587, 115, 138.67403
20588, 102, 32.224274
20589, 114, 99.296135
20590, 113, 102.69269
20591, 110, 85.00768
20592, 101, 125.76141
20593, 103, 20.589548
20594, 119, 27.838415
20595, 110, 116.17548
20596, 102, 96.31344
20597, 112, 114.05817
20598, 112, 57.221066
20599, 118, 19.636318
20600, 117, 76.63004
20601, 113, 5.0203176
20602, 105, 2.2792072
20603, 112, 62.674328
20604, 116, 61.442802
20605, 111, 117.46417
20606, 106, 38.4048
20607, 110, 73.24166
20608, 115, 8.251182
20609, 104, 135.28297
20610, 118, 8.505285
20611, 102, 95.4486
20612, 119, 106.501526
20613, 113, 143.95921
20614, 102, 129.27698
20615, 108, 7.718137
20616, 119, 93.791916
20617, 100, 118.66906
20618, 103, 21.740564
20619, 106, 28.829008
20620, 117, 5.220008
20621, 106, 22.808691
20622, 107, 131.08186
20623, 119, 20.15285
20624, 104, 113.34027
20625, 117, 1.1010379
20626, 104, 139.34314
20627, 112, 109.128876
20628, 109, 40.849007
20629, 101, 119.13935
20630, 107, 101.34258
20631, 119, 33.39692
20632, 117, 10.901499
20633, 105, 41.74903
20634, 105, 31.881264
20635, 101, 21.171812
20636, 118, 134.51173
20637, 119, 99.96948
20638, 119, 56.613735
20639, 113, 19.654905
20640, 113, 138.81598
20641, 103, 10.857662
20642, 116, 82.36708
20643, 118, 53.72325
20644, 116, 142.85991
20645, 109, 78.16726
20646, 101, 125.998116
20647, 104, 105.48503
20648, 112, 15.9615755
20649, 114, 85.70402
20650, 108, 2.2585273
20651, 105, 75.73835
20652, 117, 72.086075
20653, 106, 92.94333
20654, 114, 72.58584
20655, 108, 47.969234
20656, 108, 74.902214
20657, 113, 110.93261
20658, 112, 63.73172
20659, 119, 114.90956
20660, 100, 101.17867
20661, 114, 26.238022
20662, 110, 141.72218
20663, 112, 94.928474
20664, 114, 143.81094
20665, 118, 2.5668561
20666, 108, 114.13395
20667, 103, 13.708654
20668, 110, 5.24261
20669, 109, 5.177531
20670, 104, 136.85149
20671, 100, 122.66011
20672, 101, 103.92597
20673, 100, 102.053894
20674, 107, 23.637163
20675, 102, 142.41603
20676, 110, 131.584
20677, 100, 119.41752
20678, 106, 27.31416
20679, 105, 92.35631
20680, 117, 59.626606
20681, 104, 47.23566
20682, 100, 66.487946
20683, 105, 143.6146
20684, 113, 135.26765
20685, 118, 53.20883
20686, 116, 14.738551
20687, 113, 93.07428
20688, 119, 126.73007
20689, 100, 43.70359
20690, 119, 79.96569
20691, 100, 81.67105
20692, 109, 51.845554
20693, 119, 115.9545
20694, 113, 125.82588
20695, 104, 107.65175
20696, 103, 120.80583
20697, 108, 74.89629
20698, 100, 35.32961
20699, 110, 136.31113
20700, 119, 49.320377
20701, 106, 122.925476
20702, 119, 130.01741
20703, 111, 53.218452
20704, 114, 78.349396
20705, 102, 41.298687
20706, 114, 113.48996
20707, 109, 124.05961
20708, 102, 132.57162
20709, 116, 42.999046
20710, 109, 9.7955885
20711, 109, 39.884205
20712, 106, 79.28598
20713, 111, 117.73901
20714, 102, 24.246777
20715, 113, 42.042133
20716, 118, 85.7543
20717, 112, 132.27168
20718, 112, 101.13258
20719, 109, 127.10498
20720, 101, 117.13701
20721, 114, 26.707363
20722, 112, 105.61992
20723, 109, 99.41063
20724, 117, 104.535675
20725, 112, 50.121143
20726, 111, 43.98475
20727, 103, 100.096565
20728, 105, 149.38913
20729, 106, 12.46317
20730, 104, 98.506546
20731, 109, 9.442941
20732, 119, 149.47324
20733, 115, 83.618256
20734, 109, 81.452065
20735, 114, 38.43431
20736, 117, 85.70863
20737, 115, 36.133663
20738, 118, 24.055847
20739, 111, 92.555824
20740, 104, 99.98467
20741, 118, 13.226375
20742, 117, 30.85741
20743, 102, 147.65816
20744, 118, 33.44019
20745, 106, 80.74944
20746, 103, 114.07601
20747, 103, 37.247147
20748, 103, 142.64568
20749, 105, 66.04956
20750, 112, 37.156437
20751, 114, 133.09605
20752, 110, 89.531586
20753, 101, 62.30163
20754, 106, 70.83104
20755, 113, 99.30389
20756, 116, 126.86953
20757, 111, 122.38841
20758, 101, 44.62356
20759, 103, 61.91102
20760, 116, 147.01607
20761, 102, 85.575294
20762, 116, 44.7432
20763, 104, 105.65031
20764, 115, 110.940956
20765, 119, 100.50813
20766, 114, 28.549486
20767, 105, 102.19337
20768, 100, 53.331696
20769, 109, 5.1367254
20770, 111, 77.49338
20771, 103, 38.520573
20772, 102, 19.677008
20773, 105, 127.57808
20774, 115, 51.24295
20775, 119, 136.2453
20776, 101, 149.27031
20777, 101, 28.209204
20778, 118, 129.0539
20779, 112, 136.86687
20780, 100, 109.41617
20781, 114, 149.63881
20782, 117, 56.090515
20783, 101, 86.3841
20784, 112, 129.53603
20785, 108, 115.56695
20786, 111, 40.259064
20787, 100, 142.92706
20788, 100, 149.05566
20789, 107, 31.453318
20790, 117, 102.44538
20791, 106, 98.65578
20792, 104, 74.27687
20793, 119, 83.85737
20794, 103, 112.27023
20795, 101, 131.8291
20796, 110, 81.22727
20797, 103, 128.13194
20798, 106, 147.91896
20799, 102, 72.2681
20800, 115, 134.13866
20801, 109, 87.70945
20802, 119, 88.79875
20803, 108, 63.04119
20804, 119, 36.74095
20805, 112, 85.13728
20806, 114, 135.87668
20807, 112, 51.36366
20808, 113, 134.9328
20809, 110, 107.15877
20810, 106, 71.166245
20811, 114, 117.65922
20812, 102, 31.174421
20813, 115, 48.64129
20814, 112, 146.61923
20815, 102, 95.87911
20816, 106, 83.52029
20817, 113, 56.14112
20818, 110, 9.250188
20819, 106, 137.20235
20820, 104, 80.24339
20821, 111, 65.76616
20822, 106, 116.94214
20823, 104, 77.131935
20824, 105, 75.441124
20825, 102, 115.5625
20826, 109, 100.50538
20827, 110, 48.53509
20828, 113, 110.47226
20829, 104, 58.563244
20830, 113, 18.965971
20831, 118, 65.90375
20832, 110, 33.723484
20833, 112, 44.254124
20834, 105, 114.36741
20835, 109, 97.062546
20836, 114, 128.29681
20837, 110, 128.05484
20838, 104, 121.27162
20839, 116, 5.967674
20840, 105, 49.25537
20841, 114, 53.94718
20842, 107, 113.62881
20843, 107, 23.501497
20844, 119, 91.80381
20845, 111, 19.53199
20846, 104, 11.477789
20847, 116, 76.259834
20848, 109, 118.696075
20849, 117, 117.28818
20850, 102, 24.854073
20851, 107, 53.689922
20852, 113, 3.122002
20853, 111, 122.147995
20854, 116, 23.385134
20855, 111, 87.82171
20856, 115, 120.749985
20857, 109, 69.61747
20858, 110, 140.80399
20859, 103, 11.488375
20860, 118, 36.623802
20861, 109, 65.539
20862, 103, 33.850853
20863, 106, 41.494713
20864, 106, 55.809223
20865, 100, 36.537453
20866, 112, 111.07488
20867, 107, 125.274
20868, 107, 79.21949
20869, 118, 73.30639
20870, 117, 16.373678
20871, 114, 124.14345
20872, 104, 83.2015
20873, 107, 13.852206
20874, 116, 21.085775
20875, 114, 22.424974
20876, 100, 13.643235
20877, 114, 113.87214
20878, 104, 141.68391
20879, 106, 39.54218
20880, 114, 111.05343
20881, 115, 77.96768
20882, 119, 80.956345
20883, 101, 132.51335
20884, 103, 112.88735
20885, 108, 88.92465
20886, 106, 20.545301
20887, 115, 134.42993
20888, 112, 24.630367
20889, 117, 69.69645
20890, 111, 12.971682
20891, 110, 8.913767
20892, 114, 48.46613
20893, 116, 66.07776
20894, 113, 103.875824
20895, 104, 72.437416
20896, 111, 141.42036
20897, 106, 97.14313
20898, 100, 128.35109
20899, 118, 113.79467
20900, 116, 73.23288
20901, 105, 98.64053
20902, 112, 66.7715
20903, 118, 13.775602
20904, 115, 12.491173
20905, 116, 2.5548577
20906, 115, 124.79028
20907, 116, 68.21251
20908, 109, 58.181503
20909, 110, 99.139946
20910, 106, 26.88666
20911, 111, 31.344912
20912, 107, 49.288445
20913, 100, 120.95712
20914, 107, 57.701378
20915, 115, 95.00287
20916, 114, 28.69049
20917, 102, 139.53741
20918, 115, 49.92486
20919, 104, 10.63621
20920, 105, 122.8941
20921, 107, 53.075302
20922, 107, 98.12134
20923, 109, 40.5561
20924, 110, 9.437397
20925, 116, 128.05501
20926, 106, 136.69449
20927, 114, 1.2593329
20928, 113, 20.12026
20929, 101, 119.742294
20930, 110, 10.990709
20931, 111, 125.11461
20932, 109, 67.8125
20933, 104, 73.82064
