87591, 118, 21.703192
87592, 112, 112.85416
87593, 117, 15.712613
87594, 119, 92.80179
87595, 106, 3.1892629
87596, 107, 148.36383
87597, 103, 92.75602
87598, 119, 105.112305
87599, 113, 85.710075
87600, 110, 84.25021
87601, 116, 61.433117
87602, 100, 144.87671
87603, 113, 26.026333
87604, 117, 122.61668
87605, 116, 149.86098
87606, 116, 69.604355
87607, 112, 105.34712
87608, 100, 124.32315
87609, 102, 34.137653
87610, 114, 86.90838
87611, 117, 14.748099
87612, 108, 57.66097
87613, 110, 85.84807
87614, 106, 75.92562
87615, 116, 45.224728
87616, 105, 114.68691
87617, 113, 145.46384
87618, 116, 95.782166
87619, 107, 3.1812162
87620, 117, 124.82348
87621, 113, 69.03407
87622, 111, 49.996124
87623, 103, 71.0556
87624, 119, 109.16968
87625, 108, 122.65923
87626, 116, 121.00063
87627, 103, 81.207695
87628, 108, 111.110855
87629, 100, 96.92782
87630, 103, 7.627228
87631, 105, 29.9209
87632, 100, 126.91519
87633, 103, 114.032936
87634, 103, 84.05398
87635, 113, 68.1352
87636, 101, 56.27955
87637, 103, 0.040251017
87638, 117, 6.800446
87639, 102, 74.14217
87640, 105, 68.03504
87641, 114, 108.40213
87642, 100, 69.075165
87643, 116, 0.049585104
87644, 113, 6.1773596
87645, 100, 132.02538
87646, 114, 59.81455
87647, 115, 125.726814
87648, 107, 10.949439
87649, 113, 1.6755044
87650, 103, 103.388695
87651, 115, 144.72325
87652, 101, 58.167763
87653, 112, 123.189445
87654, 106, 72.405266
87655, 115, 30.584568
87656, 101, 133.26134
87657, 106, 30.342793
87658, 116, 143.43297
87659, 103, 104.311005
87660, 108, 35.72141
87661, 111, 145.60933
87662, 103, 86.88443
87663, 118, 124.05204
87664, 119, 120.931625
87665, 118, 2.6971579
87666, 108, 55.424103
87667, 108, 147.23135
87668, 111, 63.233685
87669, 117, 87.53663
87670, 110, 47.18972
87671, 107, 90.34979
87672, 101, 15.373921
87673, 102, 54.309288
87674, 113, 106.30044
87675, 105, 47.62609
87676, 108, 78.855896
87677, 101, 127.2851
87678, 113, 63.69305
87679, 108, 99.29019
87680, 105, 29.20677
87681, 101, 63.50924
87682, 116, 51.0377
87683, 109, 0.4595965
87684, 116, 88.43605
87685, 105, 121.10807
87686, 110, 58.726044
87687, 118, 81.69739
87688, 117, 67.19506
87689, 107, 57.894596
87690, 109, 123.08147
87691, 113, 110.6254
87692, 112, 138.124
87693, 119, 8.973474
87694, 105, 76.71335
87695, 105, 137.65082
87696, 118, 98.473206
87697, 103, 68.218315
87698, 108, 70.14276
87699, 100, 38.678696
87700, 106, 2.201897
87701, 105, 53.660355
87702, 101, 132.42056
87703, 108, 136.16719
87704, 113, 27.04634
87705, 104, 33.50216
87706, 118, 40.928436
87707, 106, 128.23419
87708, 115, 98.713
87709, 109, 28.778645
87710, 115, 14.040819
87711, 114, 42.250988
87712, 115, 111.99431
87713, 107, 124.77908
87714, 110, 81.06983
87715, 113, 41.655735
87716, 102, 137.34973
87717, 110, 28.137203
87718, 105, 116.381775
87719, 109, 57.853924
87720, 107, 37.65159
87721, 107, 68.222824
87722, 110, 19.347372
87723, 111, 57.877834
87724, 117, 41.349068
87725, 115, 115.82915
87726, 116, 84.54714
87727, 119, 135.12402
87728, 100, 122.64086
87729, 102, 53.99666
87730, 118, 77.53643
87731, 109, 31.489367
87732, 113, 135.04196
87733, 108, 128.13696
87734, 102, 41.248905
87735, 101, 73.58757
87736, 116, 95.35991
87737, 119, 96.45287
87738, 117, 88.76587
87739, 118, 65.8594
87740, 102, 83.443504
87741, 114, 122.19636
87742, 110, 129.06598
87743, 113, 132.17905
87744, 115, 27.908215
87745, 113, 143.60262
87746, 106, 77.78023
87747, 116, 67.62174
87748, 112, 49.433388
87749, 101, 129.82375
87750, 109, 105.244286
87751, 101, 41.83993
87752, 107, 62.464733
87753, 103, 29.219528
87754, 113, 95.70295
87755, 107, 107.01046
87756, 104, 69.17131
87757, 108, 10.682612
87758, 114, 57.52185
87759, 112, 15.286374
87760, 106, 52.506046
87761, 109, 116.904434
87762, 111, 107.00382
87763, 102, 27.538141
87764, 110, 19.301498
87765, 114, 109.79231
87766, 111, 119.937744
87767, 101, 139.22734
87768, 116, 91.28453
87769, 119, 32.32793
87770, 108, 127.61359
87771, 119, 51.33598
87772, 112, 25.846392
87773, 100, 53.53807
87774, 108, 10.683605
87775, 101, 38.007347
87776, 106, 92.833916
87777, 115, 1.4052272
87778, 119, 76.96487
87779, 114, 109.89801
87780, 108, 53.146782
87781, 119, 78.83152
87782, 110, 16.34716
87783, 103, 112.3145
87784, 107, 42.195206
87785, 119, 148.39786
87786, 118, 101.83769
87787, 108, 148.42384
87788, 104, 80.8597
87789, 119, 120.05032
87790, 112, 119.396194
87791, 109, 115.686745
87792, 115, 23.1296
87793, 112, 76.11885
87794, 110, 104.55232
87795, 105, 45.70019
87796, 102, 53.076366
87797, 118, 21.922043
87798, 104, 14.597851
87799, 102, 80.51654
87800, 100, 80.14714
87801, 115, 81.71558
87802, 112, 20.20501
87803, 101, 98.227234
87804, 100, 10.633779
87805, 102, 136.07478
87806, 113, 9.22232
87807, 102, 81.74806
87808, 116, 24.427923
87809, 117, 129.3336
87810, 101, 117.97471
87811, 112, 138.76334
87812, 104, 121.69965
87813, 117, 83.370865
87814, 114, 29.38688
87815, 104, 120.05394
87816, 110, 34.740364
87817, 105, 129.93753
87818, 107, 67.617874
87819, 112, 107.72131
87820, 113, 39.8458
87821, 117, 120.20171
87822, 115, 29.379827
87823, 115, 13.830256
87824, 105, 118.686646
87825, 105, 127.5829
87826, 107, 146.41226
87827, 114, 107.20767
87828, 109, 136.40337
87829, 103, 1.4295548
87830, 112, 27.210367
87831, 114, 102.30531
87832, 101, 25.153791
87833, 107, 36.999634
87834, 107, 63.541637
87835, 119, 67.9692
87836, 117, 77.63731
87837, 117, 131.20232
87838, 105, 96.12064
87839, 116, 149.35811
87840, 113, 82.86728
87841, 107, 148.61893
87842, 108, 148.64766
87843, 100, 112.15599
87844, 110, 95.08397
87845, 107, 79.21432
87846, 115, 131.42247
87847, 119, 78.60454
87848, 111, 12.301165
87849, 115, 145.43945
87850, 108, 17.4416
87851, 118, 79.00366
87852, 108, 78.76531
87853, 101, 131.54965
87854, 104, 96.21122
87855, 117, 144.08041
87856, 113, 85.985756
87857, 107, 108.71127
87858, 118, 68.66783
87859, 112, 48.769444
87860, 104, 63.370766
87861, 105, 43.95844
87862, 103, 83.17677
87863, 107, 41.82425
87864, 106, 101.533226
87865, 116, 73.6641
87866, 109, 61.902664
87867, 115, 11.56632
87868, 107, 52.376022
87869, 104, 19.82121
87870, 117, 119.017876
87871, 103, 130.56271
87872, 106, 68.95317
87873, 116, 90.64283
87874, 106, 130.07564
87875, 103, 13.884473
87876, 118, 96.88729
87877, 111, 147.68623
87878, 111, 102.21815
87879, 104, 127.808136
87880, 109, 137.15126
87881, 110, 9.399909
87882, 101, 25.152388
87883, 105, 23.434916
87884, 103, 38.21759
87885, 116, 115.55585
87886, 106, 93.79724
87887, 114, 104.512115
87888, 110, 103.560394
87889, 108, 39.273808
87890, 110, 40.36906
87891, 113, 110.93912
87892, 117, 27.755339
87893, 105, 111.60981
87894, 107, 47.729042
87895, 114, 35.173183
87896, 107, 102.622536
87897, 107, 143.40369
87898, 116, 113.7717
87899, 110, 38.695015
87900, 108, 106.639175
87901, 101, 39.522804
87902, 112, 124.263054
87903, 109, 83.05623
87904, 105, 58.62827
87905, 105, 42.520863
87906, 100, 55.52422
87907, 103, 34.518467
87908, 108, 91.45366
87909, 110, 87.71948
87910, 115, 141.17923
87911, 115, 56.19403
87912, 115, 146.51836
87913, 102, 54.9858
87914, 101, 56.151188
87915, 108, 51.547356
87916, 102, 38.75732
87917, 115, 107.83536
87918, 113, 86.49845
87919, 106, 136.12852
87920, 114, 131.58614
87921, 117, 130.40247
87922, 117, 26.170107
87923, 101, 76.55118
87924, 116, 11.050236
87925, 113, 14.496866
87926, 115, 21.257034
87927, 105, 107.990425
87928, 115, 97.64093
87929, 116, 30.525871
87930, 107, 132.40773
87931, 107, 79.24944
87932, 113, 1.6317129
87933, 118, 69.78617
87934, 113, 144.2845
87935, 105, 12.805626
87936, 117, 102.00872
87937, 110, 47.68284
87938, 118, 60.642155
87939, 111, 62.875996
87940, 107, 119.06899
87941, 107, 60.402203
87942, 104, 40.086365
87943, 109, 32.8337
87944, 105, 62.971188
87945, 107, 142.84517
87946, 114, 10.340363
87947, 110, 42.06045
87948, 110, 0.23528337
87949, 103, 120.63124
87950, 114, 56.490154
87951, 101, 99.47895
87952, 119, 35.846355
87953, 116, 117.05987
87954, 102, 144.51122
87955, 112, 142.8386
87956, 106, 83.84673
87957, 103, 94.01024
87958, 117, 142.20168
87959, 116, 81.80914
87960, 100, 66.69308
87961, 109, 73.10509
87962, 118, 84.07518
87963, 112, 121.72752
87964, 109, 83.931145
87965, 113, 18.642336
87966, 112, 17.95231
87967, 118, 90.97695
87968, 110, 100.22561
87969, 117, 2.9841633
87970, 105, 120.56029
87971, 115, 142.23653
87972, 109, 99.35054
87973, 101, 34.42623
87974, 115, 2.6150732
87975, 114, 30.969357
87976, 103, 127.24391
87977, 108, 20.41304
87978, 110, 72.731865
87979, 109, 91.72925
87980, 112, 97.7349
87981, 113, 59.571342
87982, 104, 125.89984
87983, 108, 12.310973
87984, 119, 28.793827
87985, 108, 53.81069
87986, 101, 61.027256
87987, 103, 111.67908
87988, 112, 139.17375
87989, 109, 128.93697
87990, 119, 60.631283
87991, 104, 36.153908
87992, 109, 133.13751
87993, 105, 90.81853
87994, 105, 27.929985
87995, 101, 98.12602
87996, 117, 75.9791
87997, 101, 40.46133
87998, 112, 42.003017
87999, 111, 104.46406
88000, 101, 10.755345
88001, 105, 127.141975
88002, 100, 63.676777
88003, 118, 34.063877
88004, 106, 116.975006
88005, 109, 76.63603
88006, 102, 78.09587
88007, 107, 105.19716
88008, 108, 17.286041
88009, 101, 25.711514
88010, 106, 24.55786
88011, 118, 134.06693
88012, 117, 41.259617
88013, 102, 134.29913
88014, 111, 96.20123
88015, 114, 81.09473
88016, 108, 55.439205
88017, 101, 106.23508
88018, 109, 96.15581
88019, 103, 54.43908
88020, 106, 39.94173
88021, 115, 115.35507
88022, 112, 98.91032
88023, 109, 135.42047
88024, 106, 20.12786
88025, 106, 147.04645
88026, 102, 102.22641
88027, 101, 62.371803
88028, 110, 112.05368
88029, 106, 23.798687
88030, 118, 28.716337
88031, 108, 67.87498
88032, 105, 105.46665
88033, 111, 130.90656
88034, 114, 1.9396842
88035, 105, 34.807365
88036, 105, 11.198732
88037, 111, 13.429302
88038, 119, 111.83673
88039, 100, 98.97663
88040, 112, 102.10202
88041, 103, 106.69965
88042, 113, 47.147396
88043, 114, 37.12687
88044, 103, 119.51873
88045, 106, 126.50401
88046, 113, 38.926327
88047, 106, 144.2104
88048, 117, 51.88567
88049, 109, 77.64992
88050, 119, 97.31095
88051, 118, 118.58365
88052, 101, 107.182655
88053, 105, 91.92002
88054, 119, 98.42846
88055, 100, 13.292921
88056, 104, 1.1669308
88057, 108, 97.64847
88058, 107, 57.987015
88059, 115, 31.658157
88060, 106, 143.56438
88061, 104, 111.14123
88062, 105, 125.335915
88063, 115, 73.3978
88064, 109, 121.32997
88065, 119, 50.124622
88066, 107, 0.57590604
88067, 108, 137.26796
88068, 106, 85.398766
88069, 109, 95.74664
88070, 105, 43.656017
88071, 117, 93.389885
88072, 104, 135.58728
88073, 107, 65.801926
88074, 101, 51.521175
88075, 102, 40.674957
88076, 110, 144.1367
88077, 119, 42.80144
88078, 117, 114.221954
88079, 104, 34.437847
88080, 102, 137.81146
88081, 101, 106.45877
88082, 105, 112.78499
88083, 118, 84.097755
88084, 114, 48.806477
88085, 116, 91.67247
88086, 107, 124.94065
88087, 105, 1.5576482
88088, 116, 17.213005
88089, 105, 99.090866
88090, 112, 128.80177
88091, 102, 85.98928
88092, 114, 43.2214
88093, 117, 85.49079
88094, 115, 113.003845
88095, 102, 36.57233
88096, 118, 0.323233
88097, 106, 88.998375
88098, 109, 115.74405
88099, 108, 145.90363
88100, 108, 114.619026
88101, 110, 142.85693
88102, 116, 82.855965
88103, 110, 28.37667
88104, 118, 23.919752
88105, 119, 37.42075
88106, 117, 104.76311
88107, 101, 67.20292
88108, 117, 129.78755
88109, 100, 44.482327
88110, 118, 70.14161
88111, 118, 81.32191
88112, 101, 70.993065
88113, 107, 50.485184
88114, 100, 127.69862
88115, 105, 61.2015
88116, 107, 88.14963
88117, 105, 30.475197
88118, 104, 136.19342
88119, 100, 17.94893
88120, 105, 77.812645
88121, 110, 109.19863
88122, 100, 14.95969
88123, 103, 87.86728
88124, 103, 135.16756
88125, 108, 84.68846
88126, 116, 14.516536
88127, 107, 52.753757
88128, 115, 136.67667
88129, 117, 101.39446
88130, 102, 20.872692
88131, 119, 118.46795
88132, 105, 67.9468
88133, 119, 69.19181
88134, 107, 22.287868
88135, 101, 90.40737
88136, 114, 24.462479
88137, 117, 42.61855
88138, 117, 51.38338
88139, 108, 62.82075
88140, 107, 82.3632
88141, 103, 9.493267
88142, 101, 109.428635
88143, 106, 74.39689
88144, 102, 95.99908
88145, 116, 101.75152
88146, 118, 17.77313
88147, 117, 96.14136
88148, 100, 79.88641
88149, 105, 12.074322
88150, 111, 128.33958
88151, 111, 28.376331
88152, 101, 134.48103
88153, 103, 79.71876
88154, 102, 0.49047768
88155, 116, 93.14078
88156, 103, 33.052692
88157, 104, 67.40931
88158, 107, 5.3450613
88159, 100, 35.85797
88160, 103, 116.67298
88161, 101, 73.758354
88162, 111, 138.70662
88163, 101, 10.705304
88164, 106, 40.34433
88165, 112, 134.26173
88166, 112, 48.805984
88167, 109, 47.22825
88168, 110, 16.140247
88169, 105, 20.894444
88170, 105, 40.711452
88171, 113, 94.579445
88172, 102, 146.47984
88173, 119, 119.109314
88174, 111, 141.36687
88175, 109, 101.55393
88176, 119, 131.33574
88177, 101, 36.53899
88178, 108, 108.49743
88179, 110, 120.19946
88180, 113, 48.12701
88181, 109, 64.95266
88182, 106, 139.2434
88183, 105, 36.794346
88184, 116, 69.44294
88185, 114, 41.121967
88186, 108, 133.72014
88187, 110, 35.7966
88188, 115, 39.49746
88189, 109, 47.01452
88190, 111, 133.7498
88191, 108, 33.415676
88192, 110, 10.393998
88193, 108, 15.374914
88194, 100, 144.81786
88195, 115, 49.40197
88196, 101, 96.69632
88197, 104, 103.6442
88198, 114, 60.008293
88199, 112, 78.38426
88200, 118, 140.15317
88201, 117, 64.47122
88202, 115, 37.695007
88203, 103, 104.41887
88204, 101, 43.63996
88205, 117, 83.47681
88206, 116, 103.25248
88207, 106, 103.023964
88208, 102, 141.59064
88209, 119, 62.737198
88210, 115, 69.054016
88211, 115, 30.758768
88212, 105, 143.84767
88213, 114, 82.40403
88214, 119, 83.51072
88215, 104, 109.07704
88216, 113, 19.181255
88217, 106, 29.71521
88218, 110, 79.772026
88219, 115, 26.181444
88220, 110, 143.11804
88221, 111, 113.051125
88222, 105, 71.28774
88223, 107, 18.410826
88224, 116, 1.2876928
88225, 116, 23.52258
88226, 103, 85.51915
88227, 104, 96.70634
88228, 110, 19.60829
88229, 117, 114.25891
88230, 114, 110.263054
88231, 102, 68.33537
88232, 115, 56.947212
88233, 117, 131.82613
88234, 110, 30.812904
88235, 106, 64.556946
88236, 119, 93.667404
88237, 101, 19.993866
88238, 108, 35.86344
88239, 118, 32.48764
88240, 108, 66.88999
88241, 110, 39.11799
88242, 119, 92.42071
88243, 115, 29.128048
88244, 113, 103.73288
88245, 109, 31.87631
88246, 112, 133.94453
88247, 105, 115.49618
88248, 115, 77.44484
88249, 103, 12.904063
88250, 111, 29.774889
88251, 111, 62.02958
88252, 116, 17.350943
88253, 100, 52.07887
88254, 101, 2.6857944
88255, 107, 20.450243
88256, 104, 37.838226
88257, 100, 84.85892
88258, 117, 146.10756
88259, 113, 2.7914019
88260, 115, 88.94758
88261, 106, 59.22279
88262, 100, 119.38218
88263, 113, 119.87805
88264, 107, 88.898506
88265, 113, 53.302315
88266, 115, 16.674713
88267, 109, 74.73963
88268, 115, 66.52312
88269, 109, 38.145706
88270, 117, 51.167007
88271, 103, 88.90359
88272, 115, 53.916977
88273, 106, 106.55542
88274, 105, 148.2634
88275, 106, 24.799044
88276, 114, 144.79155
88277, 112, 135.9655
88278, 104, 77.64782
88279, 105, 2.1035135
88280, 102, 42.851463
88281, 115, 102.89837
88282, 102, 52.196823
88283, 119, 2.7395277
88284, 114, 125.17986
88285, 103, 116.06594
88286, 101, 16.508345
88287, 101, 49.510593
88288, 104, 41.292313
88289, 119, 15.971455
88290, 103, 137.79837
88291, 103, 131.87125
88292, 116, 92.52456
88293, 111, 99.47594
88294, 117, 58.5215
88295, 110, 71.93612
88296, 116, 137.01137
88297, 102, 137.04346
88298, 118, 65.04876
88299, 112, 69.72954
88300, 106, 36.08603
88301, 101, 5.537331
88302, 111, 1.8592268
88303, 100, 148.31685
88304, 103, 27.03344
88305, 101, 94.78189
88306, 105, 119.85464
88307, 103, 40.43847
88308, 113, 142.0546
88309, 116, 106.68495
88310, 104, 80.86972
88311, 104, 8.757072
88312, 118, 20.648369
88313, 119, 143.47134
88314, 114, 19.395233
88315, 105, 79.964325
88316, 102, 29.964851
88317, 117, 57.27505
88318, 106, 40.328262
88319, 108, 64.9133
88320, 117, 130.05577
88321, 111, 25.028309
88322, 116, 133.36748
88323, 100, 35.847946
88324, 117, 11.9651375
88325, 113, 86.00797
88326, 100, 42.597145
88327, 119, 88.31109
88328, 118, 107.57742
88329, 117, 69.41151
88330, 100, 1.4843345
88331, 108, 66.118416
88332, 117, 111.624374
88333, 104, 87.4218
88334, 106, 76.14919
88335, 102, 79.207596
88336, 109, 9.681013
88337, 118, 135.77876
88338, 105, 142.27478
88339, 103, 99.21072
88340, 107, 48.40571
88341, 105, 77.00874
88342, 112, 24.622356
88343, 113, 69.05668
88344, 116, 58.21535
88345, 104, 44.240345
88346, 106, 19.857967
88347, 110, 98.6319
88348, 118, 30.820074
88349, 102, 149.88226
88350, 102, 84.93997
88351, 118, 63.62309
88352, 114, 32.6447
88353, 106, 109.919624
88354, 105, 78.999084
88355, 101, 144.74876
88356, 110, 37.07378
88357, 119, 5.180168
88358, 102, 90.904915
88359, 103, 13.740823
88360, 117, 137.6094
88361, 108, 26.360338
88362, 108, 63.98507
88363, 103, 104.974945
88364, 107, 38.120483
88365, 106, 97.10511
88366, 105, 115.538864
88367, 108, 81.33435
88368, 106, 60.04663
88369, 102, 137.67242
88370, 114, 8.15219
88371, 104, 34.96188
88372, 106, 110.675285
88373, 114, 108.769424
88374, 100, 104.7867
88375, 114, 61.947575
88376, 117, 5.5963397
88377, 117, 13.626596
88378, 102, 40.918644
88379, 103, 100.55991
88380, 112, 64.00745
88381, 101, 19.425774
88382, 118, 65.02711
88383, 109, 88.278275
88384, 111, 8.367768
88385, 115, 149.0934
88386, 110, 14.677611
88387, 117, 87.9419
88388, 103, 125.85426
88389, 102, 139.54941
88390, 116, 99.67145
88391, 111, 118.67201
88392, 102, 47.304886
88393, 116, 63.398838
88394, 108, 128.7986
88395, 116, 126.50868
88396, 109, 6.3116403
88397, 108, 107.57971
88398, 111, 9.296528
88399, 115, 135.51735
88400, 100, 8.078894
88401, 100, 67.12757
88402, 101, 61.982265
88403, 114, 85.989174
88404, 111, 26.100397
88405, 113, 7.5748086
88406, 117, 115.03691
88407, 111, 82.95624
88408, 118, 21.82416
88409, 110, 142.33705
88410, 104, 55.748802
88411, 106, 101.733315
88412, 115, 127.804756
88413, 108, 59.01693
88414, 116, 107.77025
88415, 102, 140.0712
88416, 103, 91.9287
88417, 113, 41.35473
88418, 101, 120.453125
88419, 107, 86.331696
88420, 108, 70.00134
88421, 108, 47.163452
88422, 102, 53.91106
88423, 110, 118.73626
88424, 105, 141.20772
88425, 109, 15.08654
88426, 101, 79.071495
88427, 109, 145.91171
88428, 111, 93.054634
88429, 114, 135.80125
88430, 100, 34.73121
88431, 112, 50.66481
88432, 115, 96.973404
88433, 115, 49.64218
88434, 118, 133.80702
88435, 116, 2.739921
88436, 118, 34.563133
88437, 104, 35.908566
88438, 105, 113.55587
88439, 106, 0.830251
88440, 101, 42.389236
88441, 114, 93.744705
88442, 110, 121.092285
88443, 100, 71.931984
88444, 100, 113.78321
88445, 110, 48.058884
88446, 118, 104.628685
88447, 109, 9.963494
88448, 100, 49.662895
88449, 110, 36.05402
88450, 114, 96.2505
88451, 111, 77.652626
88452, 101, 25.698656
88453, 104, 108.49698
88454, 111, 129.41302
88455, 106, 55.56893
88456, 104, 81.57964
88457, 109, 98.26322
88458, 114, 42.701168
88459, 113, 125.86786
88460, 100, 112.08269
88461, 110, 53.99445
88462, 112, 74.126854
88463, 102, 7.703045
88464, 104, 76.84745
88465, 117, 27.643373
88466, 105, 12.215603
88467, 119, 62.028015
88468, 102, 22.854816
88469, 105, 135.23395
88470, 112, 34.92719
88471, 112, 72.54889
88472, 115, 32.74178
88473, 107, 41.022858
88474, 109, 53.217987
88475, 115, 125.227135
88476, 104, 39.18914
88477, 119, 117.69254
88478, 104, 20.34983
88479, 115, 127.38743
88480, 113, 132.73996
88481, 107, 142.85583
88482, 115, 121.787415
88483, 103, 65.56454
88484, 114, 33.244076
88485, 119, 135.58403
88486, 111, 89.42659
88487, 108, 110.566696
88488, 115, 54.728268
88489, 104, 97.33024
88490, 110, 99.69265
88491, 102, 24.278131
88492, 116, 148.71793
88493, 102, 82.92551
88494, 105, 133.71645
88495, 114, 140.81189
88496, 110, 59.414364
88497, 117, 138.7926
88498, 112, 39.462055
88499, 118, 112.6595
88500, 116, 74.96064
88501, 115, 144.25555
88502, 101, 42.016956
88503, 104, 7.9648376
88504, 108, 119.24474
88505, 103, 60.486183
88506, 103, 118.21259
88507, 101, 48.026077
88508, 118, 71.98273
88509, 106, 41.01599
88510, 109, 72.255905
88511, 111, 69.82422
88512, 107, 69.33661
88513, 115, 125.59738
88514, 119, 100.32616
88515, 109, 124.76992
88516, 115, 102.39013
88517, 106, 25.586718
88518, 107, 5.936685
88519, 108, 98.728065
88520, 109, 15.81805
88521, 119, 123.90126
88522, 112, 94.75001
88523, 116, 139.4204
88524, 104, 124.66538
88525, 113, 58.663254
88526, 101, 11.192661
88527, 116, 85.8225
88528, 114, 3.4241974
88529, 105, 84.43947
88530, 106, 24.35147
88531, 109, 104.24922
88532, 110, 5.171916
88533, 104, 27.520592
88534, 114, 18.927776
88535, 112, 52.400368
88536, 112, 3.3112855
88537, 108, 146.88216
88538, 101, 39.705788
88539, 118, 84.23196
88540, 111, 116.48193
88541, 102, 44.33629
88542, 113, 62.809036
88543, 102, 31.693035
88544, 116, 126.93666
88545, 102, 17.097546
88546, 113, 146.00726
88547, 100, 133.04378
88548, 118, 94.542046
88549, 109, 43.279858
88550, 117, 126.26942
88551, 110, 33.686058
88552, 113, 86.3608
88553, 106, 2.1462588
88554, 108, 14.475882
88555, 115, 99.69183
88556, 117, 23.603565
88557, 112, 39.45465
88558, 116, 22.315193
88559, 108, 79.04332
88560, 105, 73.13629
88561, 114, 119.624504
88562, 116, 63.841904
88563, 103, 109.53632
88564, 112, 101.612755
88565, 109, 66.33363
88566, 101, 27.24351
88567, 100, 137.93062
88568, 100, 124.317635
88569, 117, 19.753288
88570, 109, 104.956085
88571, 110, 3.3353357
88572, 108, 82.04406
88573, 108, 19.423994
88574, 109, 141.81387
88575, 106, 19.47788
88576, 113, 33.80634
88577, 101, 36.74214
88578, 118, 11.913908
88579, 114, 148.63086
88580, 100, 49.047287
88581, 108, 114.758804
88582, 114, 55.053127
88583, 108, 110.03932
88584, 116, 26.664188
88585, 114, 127.11185
88586, 107, 23.158094
88587, 114, 130.67947
88588, 103, 0.12001097
88589, 101, 120.4059
88590, 103, 109.91316
88591, 117, 114.614815
88592, 104, 10.638571
88593, 111, 18.443048
88594, 106, 4.6643972
88595, 115, 106.026764
88596, 106, 67.59764
88597, 117, 41.320183
88598, 100, 42.977642
88599, 111, 53.461826
88600, 109, 95.22299
88601, 107, 25.787428
88602, 102, 106.989586
88603, 112, 149.6132
88604, 119, 32.08859
88605, 113, 114.37043
88606, 106, 120.98803
88607, 100, 92.64154
88608, 105, 116.08756
88609, 113, 13.754466
88610, 102, 41.657932
88611, 101, 28.120173
88612, 116, 128.72571
88613, 118, 68.50886
88614, 110, 142.84995
88615, 107, 148.48195
88616, 100, 65.43744
88617, 104, 120.43156
88618, 117, 33.715733
88619, 114, 19.284788
88620, 119, 43.353073
88621, 115, 89.09538
88622, 119, 43.97859
88623, 101, 41.95524
88624, 104, 118.94403
88625, 103, 126.17783
88626, 110, 24.84962
88627, 119, 143.20526
88628, 105, 43.87808
88629, 101, 121.00026
88630, 110, 44.705513
88631, 115, 107.486176
88632, 111, 74.65999
88633, 105, 144.58322
88634, 111, 43.747517
88635, 113, 67.28965
88636, 112, 46.094685
88637, 107, 140.89456
88638, 103, 7.6624722
88639, 104, 127.98832
88640, 111, 15.592387
88641, 118, 16.044374
88642, 112, 127.798676
88643, 119, 84.4344
88644, 100, 41.49018
88645, 109, 132.35788
88646, 112, 47.39119
88647, 103, 69.26058
88648, 113, 145.59436
88649, 104, 9.696257
88650, 103, 91.23483
88651, 105, 141.07942
88652, 118, 144.12035
88653, 108, 58.4555
88654, 109, 35.177986
88655, 101, 117.85049
88656, 103, 44.012474
88657, 106, 65.85106
88658, 110, 62.799282
88659, 113, 40.725445
88660, 117, 105.15514
88661, 115, 34.16242
88662, 112, 81.93955
88663, 114, 48.117416
88664, 112, 55.44355
88665, 109, 4.513058
88666, 112, 138.54138
88667, 112, 57.02396
88668, 108, 85.13581
88669, 105, 24.973387
88670, 116, 140.58154
88671, 107, 8.287355
88672, 110, 86.548775
88673, 103, 72.78452
88674, 100, 55.43941
88675, 118, 102.48376
88676, 102, 30.630068
88677, 110, 114.033295
88678, 109, 31.780994
88679, 102, 54.302616
88680, 101, 13.426388
88681, 117, 0.54464936
88682, 103, 4.7243266
88683, 114, 47.873085
88684, 112, 39.69057
88685, 113, 29.299074
88686, 101, 0.41230023
88687, 100, 36.15868
88688, 116, 39.176826
88689, 114, 139.19228
88690, 109, 48.32958
88691, 100, 79.05951
88692, 103, 91.08093
88693, 119, 83.294716
88694, 104, 148.93756
88695, 103, 44.966652
88696, 101, 116.00495
88697, 119, 116.05937
88698, 117, 123.07389
88699, 105, 74.14728
88700, 102, 67.83473
88701, 111, 107.75048
88702, 100, 54.790253
88703, 100, 147.03703
88704, 104, 123.89864
88705, 118, 85.67356
88706, 119, 148.6159
88707, 107, 133.91734
88708, 108, 43.808815
88709, 118, 114.99198
88710, 115, 59.67459
88711, 106, 36.20333
88712, 106, 25.927492
88713, 116, 82.661674
88714, 112, 44.231762
88715, 100, 42.087124
88716, 119, 21.357635
88717, 109, 11.206261
88718, 100, 64.12723
88719, 109, 51.07457
88720, 106, 9.200218
88721, 100, 110.62795
88722, 108, 42.078575
88723, 112, 32.44551
88724, 112, 81.19115
88725, 113, 86.570335
88726, 102, 145.76588
88727, 119, 56.58116
88728, 111, 93.79033
88729, 117, 54.876144
88730, 100, 130.69514
88731, 119, 43.97208
88732, 105, 14.875057
88733, 108, 103.867836
88734, 111, 139.08449
88735, 110, 90.428085
88736, 112, 109.94005
88737, 110, 11.432693
88738, 105, 146.57304
88739, 110, 32.821075
88740, 106, 129.45619
88741, 106, 22.2812
88742, 113, 137.55241
88743, 104, 102.28304
88744, 103, 29.269758
88745, 118, 120.17363
88746, 116, 121.44927
88747, 107, 13.053605
88748, 115, 33.764236
88749, 109, 51.07264
88750, 106, 144.1098
88751, 103, 144.40683
88752, 108, 114.45735
88753, 109, 137.15186
88754, 109, 128.9973
88755, 113, 78.26989
88756, 115, 36.299595
88757, 101, 90.90833
88758, 110, 42.683254
88759, 106, 48.32046
88760, 107, 94.377975
88761, 106, 23.33006
88762, 108, 102.66944
88763, 116, 4.1574864
88764, 104, 136.88809
88765, 106, 125.680786
88766, 116, 131.13503
88767, 101, 130.6751
88768, 100, 103.49568
88769, 102, 2.0370932
88770, 119, 86.112015
88771, 106, 29.027527
88772, 105, 38.621174
88773, 117, 88.59212
88774, 102, 31.722397
88775, 119, 142.89656
88776, 107, 90.8139
88777, 100, 82.79812
88778, 107, 58.35238
88779, 116, 22.720877
88780, 114, 18.457317
88781, 113, 107.308495
88782, 103, 134.95325
88783, 110, 138.22136
88784, 105, 23.016125
88785, 107, 122.58606
88786, 112, 45.52839
88787, 105, 15.409962
88788, 101, 31.771759
88789, 118, 112.77911
88790, 100, 33.179596
88791, 101, 132.88188
88792, 101, 111.12261
88793, 102, 34.997856
88794, 119, 5.2170486
88795, 106, 136.79094
88796, 107, 58.115147
88797, 110, 107.7444
88798, 115, 147.09192
88799, 106, 78.08205
88800, 111, 138.91039
88801, 105, 118.45602
88802, 112, 135.15704
88803, 118, 123.14962
88804, 102, 79.79156
88805, 104, 80.890564
88806, 112, 141.51492
88807, 104, 117.501366
88808, 107, 63.986492
88809, 109, 75.56738
88810, 114, 69.89265
88811, 104, 91.242096
88812, 108, 56.101933
88813, 115, 44.396755
88814, 104, 56.79084
88815, 108, 71.361725
88816, 102, 53.127033
88817, 107, 10.546509
88818, 114, 146.21915
88819, 115, 96.011475
88820, 113, 39.729736
88821, 102, 83.60188
88822, 102, 68.30511
88823, 118, 138.77675
88824, 106, 111.17283
88825, 115, 18.008852
88826, 117, 30.834888
88827, 112, 23.204166
88828, 103, 89.78406
88829, 100, 3.4134774
88830, 109, 113.23437
88831, 103, 123.129944
88832, 103, 43.25603
88833, 104, 62.31526
88834, 118, 115.33604
88835, 117, 78.63725
88836, 104, 37.713547
88837, 112, 86.24436
88838, 106, 68.02242
88839, 100, 44.126175
88840, 105, 98.439
88841, 117, 116.98249
88842, 103, 121.105705
88843, 105, 106.24797
88844, 117, 103.4267
88845, 119, 97.64225
88846, 108, 115.90982
88847, 114, 57.56913
88848, 119, 103.39114
88849, 100, 81.339676
88850, 106, 113.423134
88851, 102, 134.04865
88852, 103, 75.898
88853, 107, 9.240425
88854, 111, 19.077265
88855, 115, 25.034184
88856, 113, 3.621769
88857, 117, 120.976845
88858, 112, 45.150436
88859, 115, 28.490156
88860, 109, 15.506181
88861, 102, 119.028656
88862, 118, 22.771008
88863, 101, 103.73151
88864, 107, 93.125626
88865, 111, 128.77078
88866, 119, 65.18834
88867, 117, 38.80078
88868, 110, 52.739098
88869, 100, 56.56987
88870, 119, 94.78414
88871, 114, 105.09338
88872, 102, 20.58304
88873, 103, 51.10439
88874, 101, 46.46767
88875, 112, 129.72583
88876, 114, 148.74312
88877, 109, 76.49514
88878, 104, 118.01273
88879, 117, 55.202293
88880, 104, 143.30408
88881, 101, 116.569046
88882, 113, 30.630674
88883, 100, 57.294685
88884, 114, 100.11458
88885, 119, 141.54887
88886, 114, 46.746353
88887, 106, 22.005648
88888, 119, 102.01613
88889, 103, 147.90337
88890, 112, 23.258812
88891, 100, 90.78317
88892, 118, 86.27606
88893, 116, 134.40695
88894, 111, 120.19026
88895, 103, 27.984783
88896, 104, 12.782595
88897, 119, 101.728806
88898, 112, 53.79604
88899, 111, 79.00851
88900, 105, 97.85561
88901, 117, 7.268849
88902, 103, 143.7397
88903, 117, 37.327015
88904, 101, 28.705788
88905, 115, 53.942265
88906, 113, 93.82195
88907, 104, 7.9568
88908, 108, 8.630472
88909, 102, 93.05551
88910, 109, 88.56834
88911, 105, 145.49281
88912, 112, 88.488014
88913, 104, 1.2975901
88914, 111, 38.150875
88915, 116, 57.191715
88916, 112, 49.849545
88917, 119, 105.74569
88918, 118, 137.83858
88919, 116, 25.51766
88920, 114, 117.32936
88921, 101, 110.8249
88922, 113, 109.73038
88923, 101, 136.70518
88924, 101, 58.400272
88925, 100, 137.83168
88926, 106, 1.1734217
88927, 105, 2.1289496
88928, 108, 48.701378
88929, 101, 125.52311
88930, 111, 41.901825
88931, 115, 9.148809
88932, 118, 75.12198
88933, 107, 110.84623
88934, 117, 0.101834536
88935, 100, 52.399357
88936, 107, 109.55882
88937, 103, 88.45054
88938, 100, 48.865395
88939, 116, 136.50212
88940, 117, 64.25625
88941, 111, 128.39098
88942, 102, 28.202919
88943, 117, 85.209564
88944, 106, 91.46491
88945, 112, 47.940044
88946, 115, 98.245674
88947, 108, 0.47208667
88948, 106, 91.585785
88949, 113, 45.891373
88950, 116, 8.54196
88951, 101, 77.94436
88952, 119, 32.7791
88953, 116, 88.79277
88954, 111, 8.399445
88955, 108, 98.08955
88956, 109, 123.22901
88957, 119, 74.052536
88958, 113, 88.891045
88959, 112, 19.127672
88960, 105, 11.144463
88961, 110, 113.91362
88962, 119, 61.407574
88963, 114, 84.97805
88964, 118, 54.409485
88965, 115, 52.21661
88966, 108, 120.415115
88967, 107, 13.626507
88968, 103, 44.861492
88969, 109, 36.18812
88970, 103, 13.810104
88971, 115, 132.4612
88972, 108, 139.14905
88973, 112, 120.59193
88974, 100, 21.11291
88975, 104, 70.802864
88976, 102, 55.256126
88977, 102, 134.62021
88978, 108, 55.917084
88979, 102, 74.36957
88980, 100, 75.34619
88981, 103, 54.18218
88982, 112, 127.302444
88983, 103, 121.4439
88984, 107, 65.91324
88985, 101, 137.66817
88986, 113, 81.19312
88987, 110, 46.784172
88988, 110, 140.85628
88989, 107, 129.75383
88990, 100, 2.9397547
88991, 111, 77.95648
88992, 119, 15.657788
88993, 116, 43.241848
88994, 112, 6.7282143
88995, 113, 76.46207
88996, 111, 77.69139
88997, 114, 141.93294
88998, 107, 45.689777
88999, 103, 79.75112
89000, 102, 115.28785
89001, 103, 131.18831
89002, 102, 58.29682
89003, 106, 123.03942
89004, 101, 144.54869
89005, 118, 32.964592
89006, 117, 76.60233
89007, 104, 9.936985
89008, 114, 77.4041
89009, 100, 25.027987
89010, 113, 14.113766
89011, 105, 138.31348
89012, 104, 62.482597
