14566, 113, 46.63579
14567, 102, 46.65735
14568, 106, 44.571537
14569, 105, 101.2214
14570, 118, 129.6016
14571, 113, 109.07151
14572, 119, 20.330223
14573, 104, 132.93663
14574, 105, 134.03719
14575, 106, 92.52647
14576, 109, 87.54132
14577, 107, 116.78468
14578, 106, 83.134415
14579, 103, 74.62673
14580, 101, 69.11346
14581, 110, 116.018105
14582, 102, 112.09562
14583, 109, 61.067703
14584, 108, 69.830894
14585, 113, 144.42728
14586, 105, 33.414112
14587, 107, 19.186995
14588, 111, 7.386321
14589, 105, 27.818512
14590, 117, 110.53116
14591, 113, 38.4869
14592, 109, 99.71171
14593, 112, 9.454984
14594, 101, 7.4915886
14595, 103, 145.24286
14596, 107, 138.56459
14597, 108, 132.8093
14598, 107, 38.483334
14599, 114, 44.639816
14600, 107, 115.228134
14601, 116, 10.777715
14602, 102, 58.216335
14603, 110, 18.292362
14604, 109, 126.93126
14605, 109, 124.409485
14606, 104, 29.629066
14607, 102, 135.19164
14608, 106, 56.27897
14609, 114, 74.065834
14610, 109, 80.80024
14611, 108, 122.21332
14612, 103, 81.06203
14613, 110, 32.779465
14614, 107, 80.752144
14615, 111, 46.67562
14616, 109, 65.74136
14617, 104, 4.3613167
14618, 112, 83.32182
14619, 106, 31.913155
14620, 109, 31.924143
14621, 107, 139.25488
14622, 114, 110.0606
14623, 109, 67.184784
14624, 103, 139.36674
14625, 114, 45.82597
14626, 106, 37.828724
14627, 111, 94.33737
14628, 108, 143.01653
14629, 109, 98.15274
14630, 110, 58.339504
14631, 115, 124.61062
14632, 109, 125.86392
14633, 104, 60.46665
14634, 115, 143.12193
14635, 113, 82.801544
14636, 107, 94.67133
14637, 111, 3.8764448
14638, 113, 63.814598
14639, 115, 60.524216
14640, 113, 34.52511
14641, 109, 39.334667
14642, 104, 120.03793
14643, 106, 55.646824
14644, 112, 136.51872
14645, 111, 91.594696
14646, 106, 29.851305
14647, 107, 69.859924
14648, 102, 139.9046
14649, 101, 9.3207035
14650, 105, 96.57938
14651, 116, 146.89156
14652, 115, 94.375786
14653, 104, 38.789043
14654, 100, 136.6841
14655, 109, 106.45944
14656, 114, 76.16704
14657, 111, 112.9163
14658, 106, 51.863148
14659, 108, 6.048006
14660, 105, 129.54597
14661, 107, 83.63723
14662, 111, 62.334297
14663, 107, 19.808891
14664, 106, 54.816555
14665, 116, 13.674143
14666, 116, 88.46791
14667, 116, 9.690821
14668, 104, 88.873505
14669, 112, 86.93347
14670, 115, 95.3129
14671, 107, 126.76344
14672, 116, 107.91671
14673, 109, 78.02268
14674, 109, 27.069944
14675, 103, 125.36738
14676, 106, 10.878396
14677, 105, 134.72585
14678, 118, 146.64009
14679, 100, 49.366085
14680, 110, 141.5611
14681, 119, 55.126236
14682, 103, 98.99144
14683, 101, 19.402912
14684, 118, 0.5012959
14685, 101, 84.40308
14686, 108, 121.50601
14687, 110, 37.90777
14688, 117, 137.3029
14689, 105, 9.606332
14690, 101, 85.17014
14691, 105, 72.414536
14692, 115, 69.737946
14693, 119, 107.61315
14694, 112, 136.38104
14695, 107, 112.34308
14696, 102, 70.70002
14697, 119, 26.070696
14698, 107, 140.84071
14699, 109, 89.33848
14700, 110, 60.42499
14701, 115, 51.83242
14702, 115, 88.85298
14703, 105, 83.84546
14704, 110, 55.48622
14705, 107, 146.36926
14706, 117, 57.882507
14707, 105, 146.22202
14708, 114, 108.01204
14709, 101, 96.602425
14710, 119, 55.91532
14711, 103, 13.897133
14712, 110, 30.452255
14713, 102, 8.431828
14714, 105, 109.65888
14715, 115, 98.45298
14716, 103, 22.234047
14717, 105, 88.94151
14718, 100, 46.318504
14719, 104, 115.486374
14720, 101, 100.35874
14721, 102, 136.01778
14722, 102, 92.03974
14723, 101, 52.27621
14724, 110, 70.065575
14725, 119, 15.7991495
14726, 102, 55.221416
14727, 109, 77.702354
14728, 110, 108.88652
14729, 105, 130.2137
14730, 116, 79.05219
14731, 112, 113.21681
14732, 108, 55.99291
14733, 107, 143.63284
14734, 115, 95.747894
14735, 112, 4.8207703
14736, 113, 136.72014
14737, 100, 73.65058
14738, 107, 31.767029
14739, 118, 57.558346
14740, 111, 33.428005
14741, 106, 30.176023
14742, 115, 75.69449
14743, 100, 5.563858
14744, 109, 26.75735
14745, 114, 37.828186
14746, 116, 128.77196
14747, 109, 35.790367
14748, 119, 62.00088
14749, 101, 9.087271
14750, 113, 88.28299
14751, 103, 90.19285
14752, 108, 35.465527
14753, 118, 104.01791
14754, 117, 80.3106
14755, 113, 132.44518
14756, 111, 128.76161
14757, 102, 135.94975
14758, 101, 95.86477
14759, 116, 96.28169
14760, 103, 25.218693
14761, 110, 90.71066
14762, 113, 55.563335
14763, 118, 129.78891
14764, 109, 6.870487
14765, 101, 70.44733
14766, 105, 38.88797
14767, 109, 3.8729577
14768, 105, 20.249891
14769, 112, 6.2271686
14770, 105, 126.31369
14771, 106, 95.876434
14772, 108, 44.434895
14773, 118, 52.994396
14774, 118, 19.79406
14775, 110, 39.47465
14776, 113, 28.781881
14777, 115, 4.4524045
14778, 117, 100.82358
14779, 104, 47.166565
14780, 108, 61.429184
14781, 109, 50.723988
14782, 113, 6.5590024
14783, 109, 59.78305
14784, 105, 2.1026282
14785, 113, 142.49905
14786, 109, 81.351685
14787, 109, 139.28561
14788, 115, 75.094864
14789, 107, 22.777452
14790, 108, 114.28391
14791, 118, 79.633865
14792, 110, 18.38994
14793, 101, 4.3267875
14794, 113, 77.89519
14795, 114, 71.9063
14796, 102, 59.286385
14797, 116, 111.57517
14798, 101, 65.6961
14799, 115, 40.69066
14800, 110, 26.838202
14801, 106, 45.54763
14802, 118, 21.565693
14803, 114, 42.341915
14804, 110, 15.144915
14805, 107, 48.434006
14806, 102, 128.07939
14807, 106, 141.26314
14808, 110, 70.85935
14809, 108, 81.501526
14810, 104, 24.644808
14811, 102, 138.73792
14812, 113, 60.01068
14813, 105, 48.200584
14814, 118, 113.38651
14815, 112, 103.27998
14816, 109, 48.234272
14817, 104, 91.86148
14818, 103, 95.65696
14819, 110, 39.934532
14820, 110, 1.2248129
14821, 111, 45.68088
14822, 102, 38.601173
14823, 114, 145.90111
14824, 110, 148.18509
14825, 115, 108.29646
14826, 101, 146.86717
14827, 109, 7.7522726
14828, 107, 16.239756
14829, 113, 114.56962
14830, 117, 19.715828
14831, 113, 52.61084
14832, 113, 72.092155
14833, 103, 138.93214
14834, 105, 131.27493
14835, 100, 4.981005
14836, 100, 145.7087
14837, 105, 28.535852
14838, 109, 142.6289
14839, 103, 92.02855
14840, 108, 57.10423
14841, 114, 118.86605
14842, 112, 58.302006
14843, 116, 67.6397
14844, 116, 118.374626
14845, 100, 12.094894
14846, 103, 32.03496
14847, 114, 72.30694
14848, 106, 80.94327
14849, 103, 35.206398
14850, 100, 56.623882
14851, 114, 68.17894
14852, 103, 140.7771
14853, 113, 93.786064
14854, 104, 127.66146
14855, 116, 44.637142
14856, 111, 23.946592
14857, 113, 103.02897
14858, 115, 59.771328
14859, 111, 47.654762
14860, 114, 33.567516
14861, 101, 49.634285
14862, 112, 31.007141
14863, 103, 98.04881
14864, 116, 19.925585
14865, 110, 112.22586
14866, 103, 146.57228
14867, 103, 53.202545
14868, 101, 52.47076
14869, 116, 74.228676
14870, 101, 97.633484
14871, 117, 40.325733
14872, 115, 19.672466
14873, 103, 70.488464
14874, 100, 87.4615
14875, 102, 42.96223
14876, 113, 85.30864
14877, 106, 114.02954
14878, 117, 74.6732
14879, 102, 67.818665
14880, 111, 41.713367
14881, 113, 100.75678
14882, 109, 70.49649
14883, 108, 79.51587
14884, 113, 80.31301
14885, 104, 116.154686
14886, 109, 72.78936
14887, 119, 33.716564
14888, 104, 132.86752
14889, 111, 107.56657
14890, 101, 90.56412
14891, 112, 74.101395
14892, 111, 102.032524
14893, 102, 36.48548
14894, 117, 53.658466
14895, 109, 70.59983
14896, 107, 89.16238
14897, 101, 22.355185
14898, 105, 41.931698
14899, 116, 35.171825
14900, 107, 15.458974
14901, 104, 49.405342
14902, 115, 83.28692
14903, 115, 16.01615
14904, 104, 56.21715
14905, 106, 86.64306
14906, 100, 144.81525
14907, 107, 123.490746
14908, 113, 137.61208
14909, 111, 47.7024
14910, 112, 16.137527
14911, 109, 148.53285
14912, 111, 75.11178
14913, 105, 52.20784
14914, 112, 17.611715
14915, 104, 25.055927
14916, 103, 101.48492
14917, 101, 69.201035
14918, 100, 52.26135
14919, 101, 67.592865
14920, 115, 39.212475
14921, 109, 69.44063
14922, 106, 116.35475
14923, 108, 59.603226
14924, 113, 24.578959
14925, 101, 129.49721
14926, 117, 74.73026
14927, 101, 107.65864
14928, 107, 21.266582
14929, 110, 116.05842
14930, 115, 91.77074
14931, 105, 84.18299
14932, 106, 45.52819
14933, 112, 5.388254
14934, 111, 121.182236
14935, 111, 92.6231
14936, 106, 26.633709
14937, 101, 18.727442
14938, 108, 13.582429
14939, 119, 83.498245
14940, 102, 35.499687
14941, 117, 111.07735
14942, 100, 120.14781
14943, 100, 14.371983
14944, 107, 88.28608
14945, 113, 46.073128
14946, 106, 49.46738
14947, 119, 55.02598
14948, 110, 12.432343
14949, 111, 145.25087
14950, 115, 21.634922
14951, 107, 81.40311
14952, 116, 127.11199
14953, 104, 84.304115
14954, 111, 20.781656
14955, 116, 72.418526
14956, 116, 85.96481
14957, 117, 112.3594
14958, 115, 91.76767
14959, 111, 57.32184
14960, 109, 52.241787
14961, 103, 18.63885
14962, 114, 24.887995
14963, 107, 133.51491
14964, 105, 121.844635
14965, 118, 73.41348
14966, 103, 10.018489
14967, 108, 132.97209
14968, 112, 51.819347
14969, 113, 130.96227
14970, 114, 41.78653
14971, 119, 31.199669
14972, 102, 98.5261
14973, 101, 42.768753
14974, 104, 89.73994
14975, 101, 122.037384
14976, 113, 94.41866
14977, 104, 118.02122
14978, 114, 69.760414
14979, 118, 59.56277
14980, 107, 78.27757
14981, 107, 102.80034
14982, 117, 148.2953
14983, 101, 40.1464
14984, 108, 140.02686
14985, 107, 88.921646
14986, 104, 141.2689
14987, 116, 124.73466
14988, 117, 84.756516
14989, 114, 90.862816
14990, 106, 95.33354
14991, 119, 109.831535
14992, 103, 85.69192
14993, 118, 131.19135
14994, 100, 100.82482
14995, 116, 115.35251
14996, 108, 13.767171
14997, 115, 105.39549
14998, 115, 8.184949
14999, 107, 102.422005
15000, 110, 48.93855
15001, 105, 38.043247
15002, 116, 21.20026
15003, 109, 14.145684
15004, 115, 81.09461
15005, 106, 32.9429
15006, 106, 107.10411
15007, 103, 55.758377
15008, 109, 128.22093
15009, 105, 52.994083
15010, 105, 50.830025
15011, 112, 122.83684
15012, 115, 71.30432
15013, 110, 46.024445
15014, 111, 29.25911
15015, 111, 125.203705
15016, 101, 61.78023
15017, 106, 12.995338
15018, 113, 94.97348
15019, 118, 70.773445
15020, 106, 120.70673
15021, 105, 41.089733
15022, 106, 17.731976
15023, 108, 117.59778
15024, 113, 57.50414
15025, 104, 72.92111
15026, 117, 70.43169
15027, 112, 43.232105
15028, 106, 120.60737
15029, 101, 34.289253
15030, 104, 136.63493
15031, 116, 113.23867
15032, 103, 93.103966
15033, 109, 92.4615
15034, 105, 96.20052
15035, 101, 42.629467
15036, 101, 77.70851
15037, 119, 97.62027
15038, 107, 46.006214
15039, 104, 10.623014
15040, 109, 52.249397
15041, 105, 96.048615
15042, 107, 55.576973
15043, 111, 106.87347
15044, 106, 137.5181
15045, 112, 119.96833
15046, 110, 118.81205
15047, 103, 126.68817
15048, 109, 105.87659
15049, 118, 146.1002
15050, 119, 93.440926
15051, 119, 103.22753
15052, 115, 105.790215
15053, 108, 110.82199
15054, 114, 73.2757
15055, 119, 135.53372
15056, 116, 137.91414
15057, 108, 26.337317
15058, 116, 41.71713
15059, 106, 111.523834
15060, 101, 105.00715
15061, 108, 25.612236
15062, 103, 98.04944
15063, 106, 126.62236
15064, 115, 10.881937
15065, 116, 109.41403
15066, 103, 64.612495
15067, 106, 55.304432
15068, 118, 107.64593
15069, 115, 73.93819
15070, 112, 90.90309
15071, 108, 147.05626
15072, 106, 24.614552
15073, 102, 129.43938
15074, 109, 17.011303
15075, 119, 145.18335
15076, 110, 11.823061
15077, 104, 96.04296
15078, 119, 19.272942
15079, 116, 77.371185
15080, 102, 146.53973
15081, 110, 126.89021
15082, 116, 83.17174
15083, 112, 62.003456
15084, 106, 132.91794
15085, 110, 140.4713
15086, 113, 8.149722
15087, 100, 34.437077
15088, 108, 113.821106
15089, 105, 107.14303
15090, 102, 18.207407
15091, 102, 124.10776
15092, 119, 120.7193
15093, 119, 6.918445
15094, 111, 98.09997
15095, 118, 100.30658
15096, 103, 23.2865
15097, 112, 70.605194
15098, 116, 26.412231
15099, 101, 96.61369
15100, 106, 91.68908
15101, 111, 7.770708
15102, 119, 137.90222
15103, 115, 75.25693
15104, 101, 54.123
15105, 104, 73.25681
15106, 107, 28.002335
15107, 108, 66.21683
15108, 116, 16.013102
15109, 109, 30.472523
15110, 111, 138.06075
15111, 114, 8.844924
15112, 106, 10.56794
15113, 107, 46.099117
15114, 110, 85.02592
15115, 103, 56.33811
15116, 106, 58.32122
15117, 119, 100.597534
15118, 105, 118.31203
15119, 117, 58.789104
15120, 101, 17.063124
15121, 101, 70.58595
15122, 102, 6.129259
15123, 104, 53.24336
15124, 117, 83.86559
15125, 108, 30.965683
15126, 105, 36.400257
15127, 114, 135.87294
15128, 111, 5.7380767
15129, 110, 73.27339
15130, 105, 80.77431
15131, 100, 12.4611225
15132, 107, 113.09636
15133, 112, 3.103557
15134, 113, 40.41423
15135, 110, 99.612465
15136, 112, 143.56035
15137, 114, 86.54173
15138, 112, 70.40492
15139, 110, 118.302155
15140, 103, 140.7693
15141, 117, 68.98868
15142, 101, 20.968777
15143, 115, 67.63717
15144, 106, 148.1653
15145, 104, 129.59251
15146, 111, 25.945776
15147, 101, 88.386314
15148, 119, 107.528824
15149, 108, 1.6654193
15150, 100, 97.08907
15151, 102, 42.593826
15152, 110, 98.85419
15153, 119, 35.901592
15154, 117, 137.81857
15155, 114, 27.74647
15156, 109, 1.6418785
15157, 100, 35.106915
15158, 116, 60.74641
15159, 102, 120.78882
15160, 104, 2.9831262
15161, 109, 35.262188
15162, 100, 91.16843
15163, 118, 127.08634
15164, 109, 1.0448366
15165, 113, 106.117516
15166, 110, 91.475174
15167, 106, 22.642262
15168, 117, 67.18119
15169, 117, 36.37189
15170, 118, 116.38551
15171, 112, 76.33941
15172, 115, 73.06595
15173, 117, 145.83313
15174, 108, 132.27878
15175, 103, 29.081593
15176, 103, 139.59102
15177, 100, 127.4498
15178, 115, 99.17667
15179, 106, 116.48005
15180, 113, 47.762936
15181, 114, 129.05922
15182, 104, 78.446335
15183, 109, 122.57054
15184, 102, 4.8166127
15185, 100, 14.516133
15186, 117, 70.903305
15187, 118, 133.21736
15188, 100, 77.02247
15189, 109, 45.522453
15190, 108, 147.88445
15191, 101, 95.70071
15192, 117, 89.66388
15193, 111, 56.908028
15194, 111, 126.63321
15195, 105, 107.48847
15196, 100, 54.03199
15197, 110, 46.42834
15198, 117, 124.53064
15199, 101, 137.27965
15200, 100, 21.455902
15201, 104, 102.481094
15202, 110, 142.46957
15203, 113, 64.410255
15204, 113, 123.763535
15205, 116, 109.166954
15206, 113, 121.91346
15207, 108, 132.8033
15208, 111, 60.407265
15209, 119, 15.534738
15210, 106, 149.46341
15211, 101, 82.801704
15212, 112, 68.481514
15213, 107, 23.9597
15214, 112, 35.47646
15215, 115, 3.6368966
15216, 112, 96.9392
15217, 106, 28.653618
15218, 115, 39.520355
15219, 100, 18.195034
15220, 116, 105.30167
15221, 116, 60.73038
15222, 114, 30.023272
15223, 106, 93.24386
15224, 112, 103.85052
15225, 102, 10.09477
15226, 105, 17.16636
15227, 101, 29.270813
15228, 109, 4.319626
15229, 107, 109.907646
15230, 111, 30.172544
15231, 111, 96.3975
15232, 114, 53.829514
15233, 119, 26.421877
15234, 118, 122.084465
15235, 116, 78.41646
15236, 112, 68.784485
15237, 105, 109.39906
15238, 102, 123.86928
15239, 113, 75.31548
15240, 118, 139.26187
15241, 117, 12.681538
15242, 104, 2.4153113
15243, 119, 36.294544
15244, 100, 104.26254
15245, 107, 22.173483
15246, 118, 127.830444
15247, 106, 113.964905
15248, 109, 112.8972
15249, 114, 143.96892
15250, 107, 116.59959
15251, 114, 93.878944
15252, 115, 139.38248
15253, 101, 125.65809
15254, 111, 35.76354
15255, 101, 142.43802
15256, 100, 79.85705
15257, 102, 100.38085
15258, 119, 127.82256
15259, 110, 122.221375
15260, 111, 141.81662
15261, 106, 101.91923
15262, 102, 67.23611
15263, 109, 61.489
15264, 116, 101.79421
15265, 115, 29.86409
15266, 109, 140.50131
15267, 109, 108.39902
15268, 118, 10.398638
15269, 103, 97.33069
15270, 109, 129.5271
15271, 115, 43.30253
15272, 119, 81.33764
15273, 109, 102.45585
15274, 117, 24.323246
15275, 113, 67.80935
15276, 111, 87.48301
15277, 100, 148.88371
15278, 114, 29.196613
15279, 112, 142.92578
15280, 108, 122.457085
15281, 115, 67.00984
15282, 114, 96.11239
15283, 105, 87.09047
15284, 103, 87.956375
15285, 106, 58.336006
15286, 104, 138.694
15287, 108, 19.514286
15288, 103, 90.586266
15289, 104, 13.848925
15290, 107, 118.625435
15291, 116, 132.24333
15292, 119, 117.62621
15293, 117, 13.65096
15294, 102, 6.4558535
15295, 109, 36.273487
15296, 118, 25.324417
15297, 111, 11.862901
15298, 108, 93.02009
15299, 102, 120.35555
15300, 100, 95.26599
15301, 112, 67.61368
15302, 102, 10.276919
15303, 100, 145.7463
15304, 117, 46.770878
15305, 105, 113.80338
15306, 100, 139.4902
15307, 118, 131.54031
15308, 119, 93.25318
15309, 109, 72.790245
15310, 115, 86.41048
15311, 100, 88.6239
15312, 111, 48.96209
15313, 116, 145.92014
15314, 106, 123.2097
15315, 105, 102.165375
15316, 101, 1.599741
15317, 102, 25.259785
15318, 111, 117.75235
15319, 115, 107.19124
15320, 113, 126.150375
15321, 116, 127.60128
15322, 116, 39.56051
15323, 101, 78.61042
15324, 112, 35.145805
15325, 113, 62.29099
15326, 110, 52.273804
15327, 106, 131.14104
15328, 119, 131.78882
15329, 108, 108.71441
15330, 103, 23.991009
15331, 118, 32.629047
15332, 118, 133.12828
15333, 100, 17.35552
15334, 115, 33.271496
15335, 104, 25.834465
15336, 109, 50.90054
15337, 115, 65.3298
15338, 103, 53.041534
15339, 104, 142.76039
15340, 113, 121.14608
15341, 118, 6.078619
15342, 119, 134.90445
15343, 113, 102.04073
15344, 111, 130.94122
15345, 107, 48.47376
15346, 114, 28.732841
15347, 116, 56.855858
15348, 116, 80.55706
15349, 112, 117.60333
15350, 105, 65.435776
15351, 116, 37.653072
15352, 111, 11.465049
15353, 106, 111.38899
15354, 103, 13.950401
15355, 117, 64.525696
15356, 100, 36.60937
15357, 100, 56.54897
15358, 107, 90.71705
15359, 106, 114.95558
15360, 114, 122.8629
15361, 112, 126.92344
15362, 112, 119.66813
15363, 109, 139.28575
15364, 119, 138.93962
15365, 109, 84.12769
15366, 101, 133.0799
15367, 108, 65.80249
15368, 113, 27.472723
15369, 103, 116.603195
15370, 103, 143.89362
15371, 106, 39.54082
15372, 103, 23.045746
15373, 103, 18.33238
15374, 112, 74.40096
15375, 116, 30.610477
15376, 117, 25.277773
15377, 116, 66.51121
15378, 117, 43.165283
15379, 103, 134.98618
15380, 111, 136.35297
15381, 100, 146.98933
15382, 116, 39.54114
15383, 115, 51.596493
15384, 102, 61.872044
15385, 107, 1.78518
15386, 119, 17.27802
15387, 113, 127.80908
15388, 114, 31.146955
15389, 118, 37.26875
15390, 114, 48.824036
15391, 114, 125.590805
15392, 103, 135.29463
15393, 101, 12.589404
15394, 116, 13.739615
15395, 114, 60.488033
15396, 113, 145.35994
15397, 109, 46.170097
15398, 102, 100.41171
15399, 118, 73.60323
15400, 110, 46.7436
15401, 105, 60.442802
15402, 109, 86.11457
15403, 117, 44.75304
15404, 111, 43.09237
15405, 101, 79.24696
15406, 116, 46.019043
15407, 100, 71.78489
15408, 110, 90.1421
15409, 118, 75.40922
15410, 111, 105.69483
15411, 103, 119.80461
15412, 103, 30.643764
15413, 115, 41.537235
15414, 105, 52.72725
15415, 115, 122.84804
15416, 112, 84.13304
15417, 103, 69.70776
15418, 110, 108.30401
15419, 113, 34.62486
15420, 106, 64.88258
15421, 116, 78.74647
15422, 102, 142.32118
15423, 104, 14.795387
15424, 119, 110.560005
15425, 115, 59.466953
15426, 103, 5.470607
15427, 108, 53.436096
15428, 111, 49.757374
15429, 114, 89.46682
15430, 116, 130.77052
15431, 110, 2.69773
15432, 102, 114.590996
15433, 119, 10.214308
15434, 109, 126.91775
15435, 111, 78.33489
15436, 112, 140.23885
15437, 101, 113.20479
15438, 112, 54.13732
15439, 111, 43.041687
15440, 108, 35.554253
15441, 103, 136.70781
15442, 101, 145.29669
15443, 102, 37.826504
15444, 112, 84.104385
15445, 111, 36.226685
15446, 117, 113.74547
15447, 119, 117.39842
15448, 107, 11.559203
15449, 111, 34.530205
15450, 114, 125.42902
15451, 106, 78.83859
15452, 102, 11.590326
15453, 103, 0.99635124
15454, 108, 16.944489
15455, 112, 104.22407
15456, 103, 140.86526
15457, 102, 132.43953
15458, 117, 144.90092
15459, 115, 59.775837
15460, 119, 2.3485959
15461, 102, 106.38482
15462, 101, 43.972633
15463, 115, 76.07266
15464, 101, 121.62848
15465, 107, 77.41563
15466, 108, 96.89305
15467, 117, 49.243195
15468, 117, 1.3551503
15469, 113, 83.483315
15470, 105, 49.38215
15471, 101, 37.33669
15472, 117, 49.348076
15473, 119, 88.040634
15474, 117, 35.353374
15475, 115, 141.83965
15476, 102, 140.56589
15477, 116, 68.422874
15478, 117, 40.647564
15479, 118, 40.51114
15480, 104, 126.50139
15481, 107, 19.12053
15482, 119, 139.17075
15483, 100, 74.953804
15484, 119, 42.232025
15485, 114, 121.90139
15486, 103, 65.662155
15487, 105, 101.96076
15488, 109, 35.597313
15489, 104, 121.061295
15490, 111, 11.28121
15491, 118, 124.58211
15492, 106, 40.118095
15493, 110, 61.511322
15494, 112, 55.780228
15495, 119, 3.3358006
15496, 105, 40.47322
15497, 119, 53.19456
15498, 116, 97.435265
15499, 113, 70.597145
15500, 109, 68.677155
15501, 108, 25.931946
15502, 111, 108.898895
15503, 116, 95.49208
15504, 107, 145.42409
15505, 111, 0.040653348
15506, 106, 132.36772
15507, 118, 137.15839
15508, 119, 36.002792
15509, 114, 118.08089
15510, 105, 140.01389
15511, 119, 110.06173
15512, 119, 15.417793
15513, 108, 130.92711
15514, 103, 18.004374
15515, 106, 8.084286
15516, 100, 36.60432
15517, 111, 56.92766
15518, 112, 34.014847
15519, 104, 105.638054
15520, 116, 50.70463
15521, 105, 45.736233
15522, 119, 90.711655
15523, 105, 37.449745
15524, 104, 40.433647
15525, 119, 98.93863
15526, 100, 102.35062
15527, 115, 148.68361
15528, 113, 138.25717
15529, 106, 10.755452
15530, 111, 92.823456
15531, 116, 78.76189
15532, 102, 25.474825
15533, 113, 6.1550617
15534, 113, 130.82086
15535, 102, 16.123135
15536, 105, 50.045757
15537, 117, 16.514048
15538, 115, 63.998707
15539, 102, 65.49351
15540, 110, 147.30724
15541, 107, 17.559
15542, 103, 120.88416
15543, 114, 4.232338
15544, 101, 52.770145
15545, 104, 116.2079
15546, 115, 85.899704
15547, 104, 143.08063
15548, 100, 22.368149
15549, 109, 109.28651
15550, 104, 85.43219
15551, 106, 12.9865675
15552, 119, 0.57724714
15553, 114, 63.87881
15554, 119, 102.86448
15555, 100, 89.837296
15556, 110, 104.099
15557, 116, 92.215675
15558, 104, 138.79326
15559, 106, 27.994474
15560, 117, 62.216656
15561, 112, 144.04736
15562, 113, 48.8824
15563, 103, 79.40108
15564, 114, 88.50673
15565, 112, 27.413607
15566, 104, 79.85436
15567, 119, 79.569214
15568, 102, 145.06975
15569, 103, 131.87415
15570, 119, 34.65615
15571, 109, 69.45873
15572, 110, 45.15946
15573, 118, 37.422047
15574, 106, 75.70433
15575, 117, 77.586205
15576, 109, 35.988216
15577, 118, 136.36864
15578, 114, 44.517483
15579, 115, 136.87033
15580, 107, 133.33873
15581, 101, 118.010056
15582, 108, 45.06684
15583, 119, 20.188942
15584, 109, 115.22487
15585, 108, 70.09684
15586, 106, 19.652367
15587, 111, 105.76782
15588, 118, 133.64742
15589, 110, 100.62093
15590, 107, 102.13062
15591, 103, 125.975105
15592, 104, 116.94013
15593, 109, 49.163845
15594, 113, 140.91487
15595, 119, 116.92999
15596, 116, 125.81438
15597, 102, 72.575775
15598, 106, 22.22752
15599, 116, 11.669559
15600, 116, 26.289886
15601, 115, 109.15468
15602, 107, 91.92414
15603, 111, 61.325096
15604, 105, 31.69773
15605, 105, 53.15204
15606, 118, 53.059753
15607, 107, 6.1381636
15608, 100, 94.56974
15609, 104, 87.14102
15610, 115, 12.823713
15611, 106, 68.98996
15612, 108, 12.584639
15613, 115, 26.211771
15614, 110, 81.94483
15615, 108, 14.445975
15616, 111, 135.16344
15617, 114, 26.475513
15618, 101, 79.35613
15619, 110, 24.548668
15620, 105, 44.930355
15621, 116, 38.134323
15622, 109, 51.319168
15623, 110, 22.672981
15624, 100, 134.55942
15625, 117, 4.506764
15626, 114, 52.459232
15627, 108, 105.9408
15628, 104, 9.322268
15629, 118, 109.310646
15630, 117, 4.0718794
15631, 103, 90.0005
15632, 101, 31.624577
15633, 112, 54.869537
15634, 102, 112.04833
15635, 106, 46.518444
15636, 106, 102.09042
15637, 108, 95.08148
15638, 108, 129.99597
15639, 103, 47.60905
15640, 115, 3.067741
15641, 106, 137.1699
15642, 116, 56.43696
15643, 114, 133.96483
15644, 116, 139.77089
15645, 103, 44.722965
15646, 113, 49.552032
15647, 106, 16.617626
15648, 107, 26.208982
15649, 101, 44.77308
15650, 101, 42.7658
15651, 114, 46.040188
15652, 110, 27.774963
15653, 116, 67.161224
15654, 104, 112.69635
15655, 118, 35.698845
15656, 104, 11.834916
15657, 113, 76.49701
15658, 119, 7.0158453
15659, 111, 148.16383
15660, 105, 18.95391
15661, 116, 31.235065
15662, 112, 130.7249
15663, 103, 78.03331
15664, 117, 99.22435
15665, 103, 8.125144
15666, 105, 7.2400513
15667, 118, 68.53506
15668, 114, 141.1886
15669, 114, 82.16593
15670, 103, 93.23351
15671, 107, 102.87152
15672, 108, 24.932491
15673, 113, 49.769855
15674, 105, 122.660255
15675, 106, 91.13839
15676, 107, 105.890015
15677, 115, 72.43555
15678, 107, 132.38824
15679, 108, 17.115042
15680, 118, 93.86646
15681, 108, 64.64007
15682, 106, 128.58887
15683, 108, 76.55458
15684, 108, 7.5114193
15685, 114, 66.82237
15686, 112, 15.237397
15687, 102, 52.99707
15688, 116, 141.87935
15689, 100, 42.077045
15690, 116, 33.30256
15691, 109, 45.54246
15692, 108, 87.09249
15693, 117, 48.405422
15694, 113, 23.464214
15695, 107, 147.73
15696, 102, 42.228046
15697, 105, 142.6459
15698, 103, 26.550133
15699, 108, 131.61359
15700, 116, 10.539473
15701, 106, 15.724861
15702, 105, 24.984848
15703, 118, 43.533127
15704, 110, 103.90622
15705, 108, 20.42614
15706, 113, 97.374245
15707, 110, 110.39146
15708, 111, 78.14331
15709, 119, 50.66387
15710, 101, 127.032364
15711, 111, 51.139614
15712, 105, 34.241035
15713, 117, 22.266161
15714, 114, 57.218544
15715, 111, 34.421627
15716, 117, 38.860874
15717, 113, 65.464745
15718, 106, 64.254745
15719, 103, 30.59054
15720, 114, 21.992987
15721, 110, 39.306538
15722, 106, 40.848255
15723, 104, 36.98894
15724, 108, 98.84415
15725, 111, 36.278854
15726, 107, 29.832548
15727, 114, 102.3652
15728, 109, 147.99113
15729, 118, 101.16218
15730, 112, 73.7297
15731, 108, 134.0443
15732, 101, 111.13276
15733, 104, 143.80899
15734, 103, 91.67937
15735, 109, 149.65154
15736, 116, 97.28961
15737, 116, 113.12278
15738, 100, 5.935469
15739, 117, 52.142735
15740, 118, 113.13241
15741, 114, 118.25128
15742, 102, 64.49746
15743, 115, 38.94445
15744, 106, 25.216198
15745, 101, 146.80807
15746, 103, 148.31415
15747, 113, 147.46957
15748, 118, 68.42998
15749, 108, 72.949234
15750, 115, 130.97182
15751, 112, 77.475655
15752, 100, 23.244534
15753, 101, 130.3358
15754, 101, 59.690773
15755, 107, 7.9352884
15756, 109, 106.81308
15757, 107, 46.372204
15758, 109, 126.88575
15759, 111, 21.3289
15760, 108, 2.882275
15761, 102, 69.66256
15762, 113, 39.383896
15763, 100, 57.3376
15764, 111, 31.507345
15765, 118, 122.92729
15766, 116, 36.066288
15767, 100, 35.31416
15768, 117, 20.84696
15769, 106, 135.06795
15770, 111, 48.619385
15771, 109, 64.13316
15772, 100, 0.14449954
15773, 108, 76.28729
15774, 112, 90.30175
15775, 109, 60.877686
15776, 114, 59.52325
15777, 119, 97.14162
15778, 118, 18.000116
15779, 104, 74.64628
15780, 119, 21.009573
15781, 103, 136.53069
15782, 109, 43.203976
15783, 110, 139.93813
15784, 119, 146.93233
15785, 108, 48.12667
15786, 102, 40.836006
15787, 118, 19.300577
15788, 118, 57.895214
15789, 102, 35.082615
15790, 102, 51.65989
15791, 117, 46.185474
15792, 119, 64.053696
15793, 118, 54.931255
15794, 102, 111.213486
15795, 104, 56.561844
15796, 101, 79.46158
15797, 105, 68.1431
15798, 116, 75.42383
15799, 104, 94.92082
15800, 116, 50.09604
15801, 110, 100.51046
15802, 104, 59.580776
15803, 106, 128.99365
15804, 111, 121.56189
15805, 109, 125.828
15806, 100, 146.79039
15807, 113, 116.64223
15808, 116, 55.710438
15809, 108, 87.4318
15810, 108, 6.9698453
15811, 107, 30.276007
15812, 114, 113.52335
15813, 112, 57.225403
15814, 105, 124.45683
15815, 111, 8.516881
15816, 107, 139.51378
15817, 103, 122.55769
15818, 112, 145.79266
15819, 107, 81.671555
15820, 108, 143.34543
15821, 112, 134.00374
15822, 119, 34.169823
15823, 113, 100.548515
15824, 110, 84.504196
15825, 116, 85.799164
15826, 113, 33.882523
15827, 106, 42.352947
15828, 106, 65.97266
15829, 100, 46.1532
15830, 107, 73.295074
15831, 108, 43.494873
15832, 119, 16.85754
15833, 117, 143.51567
15834, 111, 48.499302
15835, 104, 47.9767
15836, 100, 93.8533
15837, 118, 103.18057
15838, 103, 4.542205
15839, 115, 106.74887
15840, 105, 35.961815
15841, 112, 54.36327
15842, 115, 11.505407
15843, 103, 135.5002
15844, 102, 143.85048
15845, 119, 45.419518
15846, 116, 35.093067
15847, 103, 4.0867834
15848, 109, 89.89747
15849, 119, 132.63805
15850, 112, 92.101616
15851, 102, 82.1137
15852, 106, 136.01515
15853, 116, 96.500084
15854, 109, 130.84471
15855, 106, 117.97944
15856, 118, 78.204414
15857, 106, 113.13272
15858, 101, 15.402478
15859, 102, 144.9175
15860, 105, 60.582207
15861, 100, 23.166069
15862, 118, 7.7441363
15863, 103, 11.292208
15864, 113, 55.91888
15865, 113, 66.930855
15866, 104, 95.26028
15867, 111, 112.61699
15868, 114, 43.94701
15869, 107, 125.92126
15870, 112, 133.2667
15871, 108, 133.83951
15872, 111, 21.638525
15873, 102, 100.52085
15874, 100, 17.06829
15875, 115, 98.56278
15876, 114, 4.98704
15877, 101, 46.958427
15878, 115, 3.5403728
15879, 117, 94.59272
15880, 119, 63.088318
15881, 113, 41.618874
15882, 108, 88.28637
15883, 111, 130.87347
15884, 101, 137.55511
15885, 107, 68.675545
15886, 111, 16.345436
15887, 107, 148.3742
15888, 100, 146.01067
15889, 108, 18.895786
15890, 107, 66.774666
15891, 112, 147.27391
15892, 117, 18.218798
15893, 114, 6.002131
15894, 113, 72.67801
15895, 115, 61.09397
15896, 101, 17.370522
15897, 102, 116.94604
15898, 105, 125.377205
15899, 118, 44.66949
15900, 102, 27.018742
15901, 111, 115.57143
15902, 110, 52.59002
15903, 110, 131.6313
15904, 104, 138.71384
15905, 114, 107.91424
15906, 109, 18.05824
15907, 113, 30.93683
15908, 119, 98.195366
15909, 104, 59.37707
15910, 107, 18.630499
15911, 108, 10.898146
15912, 109, 137.56335
15913, 114, 40.33238
15914, 114, 62.215492
15915, 114, 123.35514
15916, 115, 106.242584
15917, 112, 63.32024
15918, 106, 86.81232
15919, 118, 43.53238
15920, 109, 88.9611
15921, 118, 123.12652
15922, 114, 143.83438
15923, 106, 135.67516
15924, 102, 109.65181
15925, 100, 42.379715
15926, 118, 14.522875
15927, 102, 140.9723
15928, 100, 4.227662
15929, 111, 40.802006
15930, 114, 101.00783
15931, 103, 32.665955
15932, 115, 135.91673
15933, 118, 125.177765
15934, 105, 94.9707
15935, 119, 57.032875
15936, 104, 28.05385
15937, 106, 3.7611187
15938, 116, 88.99316
15939, 112, 139.63419
15940, 116, 66.169464
15941, 100, 68.15681
15942, 111, 104.80431
15943, 108, 118.80008
15944, 108, 56.929726
15945, 100, 32.60428
15946, 106, 140.82433
15947, 107, 100.28143
15948, 103, 116.00182
15949, 104, 97.78398
15950, 114, 82.02173
15951, 118, 141.80247
15952, 105, 19.009235
15953, 103, 19.183918
15954, 119, 35.68283
15955, 118, 90.96364
15956, 110, 123.76534
15957, 106, 37.827854
15958, 110, 120.391685
15959, 104, 0.3582716
15960, 114, 74.102615
15961, 103, 30.260038
15962, 108, 127.944405
15963, 111, 112.24944
15964, 115, 114.19337
15965, 111, 116.86723
15966, 106, 49.829803
15967, 108, 76.60828
15968, 118, 18.15328
15969, 112, 74.886955
15970, 103, 47.0133
15971, 104, 119.86702
15972, 118, 132.8359
15973, 102, 28.092564
15974, 114, 84.58736
15975, 110, 1.2943894
15976, 103, 80.166016
15977, 108, 30.912825
15978, 103, 133.69025
15979, 110, 145.32545
15980, 109, 84.2021
15981, 112, 38.13756
15982, 111, 56.621628
15983, 116, 125.928696
15984, 102, 132.90703
15985, 113, 59.76043
15986, 117, 109.03281
15987, 108, 12.491835
15988, 114, 110.30686
15989, 106, 107.49315
15990, 113, 24.71821
15991, 107, 127.88403
15992, 109, 17.784637
15993, 108, 61.034348
15994, 100, 144.15955
15995, 103, 46.740852
15996, 116, 59.257175
15997, 105, 79.272125
15998, 104, 52.103348
15999, 107, 18.334024
16000, 115, 6.9551916
16001, 117, 130.01591
16002, 101, 135.20782
16003, 110, 27.032938
16004, 107, 39.14749
16005, 104, 22.167645
16006, 107, 134.27986
16007, 105, 102.99434
16008, 111, 109.52433
16009, 111, 131.22067
16010, 119, 88.92615
16011, 103, 119.83537
16012, 109, 16.180595
16013, 108, 21.224365
16014, 101, 27.59438
16015, 117, 55.344067
16016, 112, 37.32859
16017, 100, 113.16993
16018, 119, 135.1824
16019, 118, 3.3270836
16020, 113, 113.69837
16021, 107, 87.24147
16022, 117, 37.606297
16023, 110, 29.324118
16024, 117, 29.341364
16025, 111, 75.92414
16026, 112, 133.25923
16027, 117, 41.407845
16028, 115, 90.72856
16029, 107, 8.994368
16030, 119, 129.9509
16031, 100, 4.3336096
16032, 118, 84.40642
16033, 102, 87.50447
16034, 108, 7.832265
16035, 107, 51.89911
16036, 118, 8.200273
16037, 116, 136.73961
16038, 112, 73.77623
16039, 118, 134.3588
16040, 104, 26.511732
16041, 119, 25.783352
16042, 105, 135.17961
16043, 107, 147.02118
16044, 116, 135.90263
16045, 104, 52.447575
16046, 112, 69.99954
16047, 106, 35.957794
16048, 115, 12.4000225
16049, 115, 108.309814
16050, 113, 93.93193
16051, 104, 22.810936
16052, 103, 56.922493
16053, 119, 80.17965
16054, 110, 137.23586
16055, 117, 80.279564
16056, 118, 40.580963
16057, 113, 83.70412
16058, 109, 25.610321
16059, 100, 133.08853
16060, 111, 12.20034
16061, 105, 60.37819
16062, 107, 9.363118
16063, 101, 93.095535
