84492, 117, 111.38351
84493, 110, 128.83096
84494, 118, 90.95854
84495, 107, 84.22812
84496, 114, 84.134186
84497, 116, 99.22819
84498, 101, 142.74332
84499, 118, 95.36093
84500, 117, 58.25267
84501, 119, 32.55282
84502, 106, 97.47968
84503, 102, 109.43578
84504, 116, 145.71825
84505, 101, 94.593735
84506, 104, 112.04791
84507, 111, 82.298164
84508, 104, 134.98663
84509, 113, 118.61824
84510, 103, 140.49144
84511, 112, 19.130024
84512, 101, 129.0547
84513, 117, 51.080677
84514, 115, 57.31971
84515, 112, 96.669174
84516, 119, 82.03619
84517, 102, 33.43177
84518, 110, 144.96034
84519, 109, 67.20727
84520, 101, 100.00842
84521, 118, 82.24704
84522, 119, 37.925835
84523, 109, 69.01139
84524, 119, 71.84539
84525, 116, 100.89111
84526, 115, 22.2044
84527, 115, 53.39285
84528, 109, 148.69417
84529, 117, 81.084145
84530, 101, 143.5403
84531, 119, 57.70356
84532, 116, 142.31052
84533, 107, 45.551132
84534, 119, 41.522293
84535, 116, 61.19467
84536, 117, 33.28988
84537, 100, 39.116077
84538, 115, 139.73535
84539, 106, 149.42007
84540, 108, 11.6219845
84541, 111, 60.545208
84542, 118, 29.34714
84543, 117, 28.465551
84544, 107, 80.29534
84545, 108, 76.85476
84546, 116, 1.1967838
84547, 110, 100.96722
84548, 109, 147.39572
84549, 110, 75.58597
84550, 103, 16.282896
84551, 104, 29.407274
84552, 106, 142.73798
84553, 107, 107.44338
84554, 119, 100.632935
84555, 112, 134.19638
84556, 100, 9.626877
84557, 112, 20.801693
84558, 102, 49.818947
84559, 106, 134.25305
84560, 109, 31.351688
84561, 105, 33.21947
84562, 108, 89.26487
84563, 104, 147.19473
84564, 117, 116.71547
84565, 117, 146.27263
84566, 103, 130.80775
84567, 116, 115.17256
84568, 114, 101.84515
84569, 109, 87.828735
84570, 103, 87.7361
84571, 117, 88.785034
84572, 105, 110.76935
84573, 115, 116.17039
84574, 108, 65.052956
84575, 119, 79.7432
84576, 110, 107.87931
84577, 114, 88.19999
84578, 119, 50.501328
84579, 106, 147.81155
84580, 115, 1.677373
84581, 100, 135.09264
84582, 112, 9.4510765
84583, 112, 80.41302
84584, 115, 125.24129
84585, 100, 34.362637
84586, 114, 31.158972
84587, 118, 118.61625
84588, 113, 55.12611
84589, 103, 126.2626
84590, 108, 100.10216
84591, 117, 38.631622
84592, 111, 123.0954
84593, 112, 116.813286
84594, 109, 67.939835
84595, 110, 144.07674
84596, 116, 78.082016
84597, 115, 63.15814
84598, 111, 147.04938
84599, 119, 133.05423
84600, 116, 90.56143
84601, 101, 43.75433
84602, 113, 17.469683
84603, 100, 145.57137
84604, 110, 126.163475
84605, 108, 126.37685
84606, 105, 125.90289
84607, 100, 67.665054
84608, 107, 7.243207
84609, 118, 64.402504
84610, 104, 85.61215
84611, 102, 82.14475
84612, 107, 123.98966
84613, 104, 46.689205
84614, 105, 2.5637536
84615, 107, 10.72416
84616, 107, 37.994705
84617, 107, 120.62411
84618, 111, 56.29923
84619, 112, 97.268364
84620, 107, 140.68723
84621, 102, 28.518963
84622, 108, 116.95042
84623, 100, 39.97177
84624, 119, 50.267994
84625, 110, 149.72813
84626, 109, 10.350073
84627, 107, 138.68842
84628, 107, 121.874306
84629, 111, 74.56436
84630, 106, 27.138393
84631, 107, 24.022186
84632, 109, 148.78928
84633, 104, 143.39119
84634, 113, 106.83603
84635, 113, 101.62814
84636, 105, 44.808655
84637, 114, 14.819643
84638, 116, 85.774025
84639, 100, 98.36348
84640, 104, 68.20621
84641, 109, 146.14685
84642, 113, 133.51949
84643, 102, 82.09878
84644, 118, 28.74139
84645, 109, 55.36556
84646, 101, 20.882061
84647, 114, 144.65729
84648, 104, 107.610756
84649, 108, 109.31068
84650, 108, 114.362854
84651, 114, 123.94286
84652, 108, 35.136955
84653, 116, 51.177933
84654, 102, 113.16808
84655, 113, 1.8949986
84656, 107, 100.14101
84657, 113, 86.176
84658, 117, 33.765247
84659, 113, 134.69528
84660, 118, 135.53568
84661, 106, 3.7335901
84662, 119, 115.95496
84663, 118, 92.065605
84664, 113, 68.105934
84665, 119, 146.15938
84666, 117, 98.063866
84667, 118, 9.381625
84668, 118, 70.093704
84669, 112, 39.48469
84670, 102, 28.664303
84671, 101, 18.5454
84672, 110, 17.863163
84673, 103, 7.4808507
84674, 105, 56.98556
84675, 106, 17.195866
84676, 119, 93.42921
84677, 103, 109.53036
84678, 119, 18.321026
84679, 117, 44.02322
84680, 112, 81.50815
84681, 109, 60.214188
84682, 105, 5.686918
84683, 100, 49.542305
84684, 112, 0.041019917
84685, 103, 89.91492
84686, 105, 61.01902
84687, 112, 93.659485
84688, 107, 25.621828
84689, 101, 91.78845
84690, 114, 0.8941591
84691, 105, 24.844202
84692, 112, 6.075364
84693, 116, 146.57544
84694, 104, 91.904816
84695, 117, 25.84261
84696, 109, 92.28052
84697, 115, 112.4007
84698, 111, 35.34794
84699, 100, 1.102379
84700, 112, 138.15553
84701, 108, 84.831924
84702, 110, 46.92013
84703, 100, 70.13343
84704, 106, 25.052217
84705, 114, 89.18549
84706, 114, 23.826536
84707, 108, 14.375201
84708, 100, 115.710724
84709, 111, 30.996662
84710, 117, 121.779045
84711, 111, 63.478348
84712, 104, 148.78925
84713, 100, 64.53968
84714, 109, 34.451553
84715, 113, 58.84341
84716, 100, 72.76279
84717, 106, 93.97931
84718, 107, 19.65335
84719, 101, 145.23668
84720, 104, 60.85755
84721, 100, 107.14813
84722, 103, 135.80684
84723, 119, 137.27596
84724, 104, 100.99617
84725, 116, 146.28719
84726, 102, 107.15421
84727, 100, 98.43188
84728, 113, 14.993593
84729, 109, 113.811295
84730, 113, 8.0245075
84731, 112, 79.157326
84732, 107, 43.047676
84733, 102, 56.291397
84734, 118, 8.342582
84735, 116, 120.22877
84736, 117, 138.04756
84737, 117, 124.1889
84738, 105, 5.961487
84739, 118, 28.935205
84740, 113, 105.33283
84741, 105, 103.869995
84742, 108, 54.824932
84743, 111, 52.689297
84744, 109, 80.97453
84745, 107, 144.76205
84746, 100, 14.598441
84747, 101, 85.02284
84748, 113, 62.95941
84749, 101, 108.74718
84750, 109, 128.90031
84751, 118, 12.76314
84752, 100, 87.09806
84753, 108, 19.919157
84754, 113, 5.688393
84755, 117, 14.149788
84756, 109, 143.8784
84757, 104, 85.14907
84758, 106, 127.74442
84759, 115, 90.66451
84760, 106, 148.37865
84761, 116, 108.96683
84762, 108, 131.66188
84763, 114, 94.43224
84764, 101, 139.86522
84765, 103, 11.307219
84766, 116, 40.70668
84767, 119, 132.90836
84768, 114, 100.491104
84769, 108, 127.01716
84770, 113, 31.586329
84771, 116, 0.81012547
84772, 102, 15.27991
84773, 111, 108.07873
84774, 110, 5.262762
84775, 102, 114.5947
84776, 111, 9.455726
84777, 119, 93.321625
84778, 117, 54.208042
84779, 113, 94.60575
84780, 118, 75.272385
84781, 107, 105.44327
84782, 111, 95.59858
84783, 107, 11.665097
84784, 114, 81.57473
84785, 104, 147.45512
84786, 117, 21.058157
84787, 117, 104.50064
84788, 110, 10.502619
84789, 114, 113.733894
84790, 101, 101.99983
84791, 107, 9.270536
84792, 101, 31.66505
84793, 105, 64.730446
84794, 117, 43.215034
84795, 105, 61.785606
84796, 110, 92.396904
84797, 109, 3.6690116
84798, 104, 40.584915
84799, 103, 122.67891
84800, 119, 114.954636
84801, 119, 19.426435
84802, 111, 102.68576
84803, 111, 67.84857
84804, 110, 50.715004
84805, 112, 137.62718
84806, 108, 139.69305
84807, 110, 110.74833
84808, 100, 39.312656
84809, 100, 142.77162
84810, 119, 138.25394
84811, 110, 19.847328
84812, 116, 118.31355
84813, 119, 133.4881
84814, 105, 118.0406
84815, 111, 92.16878
84816, 115, 2.8477192
84817, 109, 148.44644
84818, 111, 20.307076
84819, 108, 114.6697
84820, 100, 39.79798
84821, 107, 142.32564
84822, 105, 146.80815
84823, 100, 138.02055
84824, 114, 5.2785516
84825, 118, 23.235708
84826, 103, 73.92134
84827, 106, 11.351466
84828, 117, 65.69576
84829, 106, 79.68977
84830, 109, 88.85826
84831, 104, 105.83583
84832, 110, 96.12104
84833, 108, 35.65271
84834, 107, 40.04997
84835, 119, 70.002304
84836, 113, 20.070452
84837, 119, 79.98895
84838, 101, 114.99786
84839, 115, 12.366682
84840, 104, 111.30303
84841, 110, 123.1305
84842, 102, 32.15664
84843, 111, 102.93762
84844, 112, 124.35988
84845, 108, 37.6645
84846, 117, 16.910345
84847, 107, 92.05561
84848, 116, 46.37414
84849, 107, 0.5131334
84850, 102, 8.881339
84851, 118, 37.823994
84852, 108, 27.976646
84853, 105, 5.7076426
84854, 117, 116.652756
84855, 111, 37.846165
84856, 110, 114.67557
84857, 111, 148.78993
84858, 113, 131.78526
84859, 117, 136.87854
84860, 115, 52.614193
84861, 109, 80.29222
84862, 111, 49.09577
84863, 107, 19.82291
84864, 104, 49.7981
84865, 100, 66.04211
84866, 111, 82.95139
84867, 101, 95.97494
84868, 103, 14.803639
84869, 110, 74.47009
84870, 113, 109.01018
84871, 114, 2.4406939
84872, 114, 63.570206
84873, 112, 102.01451
84874, 103, 133.35518
84875, 115, 51.83986
84876, 119, 68.82062
84877, 108, 36.14313
84878, 114, 76.64156
84879, 113, 10.996172
84880, 115, 11.707422
84881, 109, 18.24638
84882, 104, 15.874332
84883, 112, 107.00372
84884, 114, 17.584991
84885, 104, 139.16759
84886, 116, 94.56714
84887, 109, 87.2964
84888, 112, 125.160866
84889, 111, 106.32351
84890, 104, 144.95575
84891, 101, 146.3725
84892, 111, 81.78852
84893, 104, 32.72911
84894, 110, 106.88174
84895, 105, 20.826853
84896, 112, 33.586155
84897, 111, 98.10693
84898, 118, 1.3530403
84899, 111, 48.031265
84900, 117, 117.605484
84901, 113, 86.253334
84902, 103, 93.001076
84903, 106, 84.41202
84904, 105, 70.48937
84905, 109, 89.86427
84906, 106, 138.65106
84907, 105, 115.37945
84908, 109, 104.86639
84909, 107, 56.76173
84910, 104, 8.409468
84911, 118, 0.28673708
84912, 110, 47.501324
84913, 101, 100.67897
84914, 103, 133.74716
84915, 112, 107.45543
84916, 100, 133.50494
84917, 115, 111.6163
84918, 113, 148.54996
84919, 117, 118.90727
84920, 105, 3.3194125
84921, 118, 132.84203
84922, 119, 96.855545
84923, 116, 90.91651
84924, 109, 112.22978
84925, 115, 139.36093
84926, 114, 31.568027
84927, 102, 93.59616
84928, 101, 85.67622
84929, 100, 99.69797
84930, 105, 93.34236
84931, 114, 79.10418
84932, 113, 74.53531
84933, 105, 14.17822
84934, 114, 125.12106
84935, 111, 46.20679
84936, 113, 65.51216
84937, 109, 13.353869
84938, 106, 49.22273
84939, 118, 141.73305
84940, 105, 84.24639
84941, 115, 6.774312
84942, 114, 148.0898
84943, 117, 132.17792
84944, 112, 47.91924
84945, 115, 79.5029
84946, 112, 119.85205
84947, 110, 133.53577
84948, 102, 128.51073
84949, 100, 130.78627
84950, 112, 38.424763
84951, 102, 27.177536
84952, 106, 106.83743
84953, 117, 117.834984
84954, 116, 106.04841
84955, 106, 85.40678
84956, 102, 19.601826
84957, 102, 60.9812
84958, 119, 30.03603
84959, 105, 141.9106
84960, 113, 52.101974
84961, 101, 62.014515
84962, 102, 126.584305
84963, 103, 145.91537
84964, 119, 36.665993
84965, 111, 1.1425853
84966, 119, 23.246367
84967, 112, 96.61206
84968, 104, 80.46836
84969, 110, 97.83365
84970, 104, 24.557278
84971, 107, 12.813735
84972, 116, 78.796425
84973, 101, 76.25364
84974, 108, 99.90202
84975, 112, 118.9865
84976, 105, 51.84887
84977, 112, 13.780832
84978, 104, 64.77158
84979, 104, 13.674706
84980, 113, 56.02978
84981, 118, 34.88837
84982, 105, 65.84109
84983, 100, 56.57072
84984, 103, 65.01792
84985, 104, 64.439354
84986, 108, 13.379457
84987, 107, 82.550385
84988, 105, 10.176685
84989, 103, 48.451424
84990, 111, 2.0555468
84991, 118, 121.83345
84992, 109, 122.87768
84993, 104, 146.05945
84994, 101, 91.20615
84995, 108, 3.7067235
84996, 105, 39.506023
84997, 108, 18.384684
84998, 111, 137.32808
84999, 107, 74.538025
85000, 111, 18.239307
85001, 117, 147.30383
85002, 106, 26.258057
85003, 105, 88.56191
85004, 119, 45.218243
85005, 103, 47.786808
85006, 106, 38.404842
85007, 100, 105.805374
85008, 117, 71.18161
85009, 113, 98.482735
85010, 108, 57.34005
85011, 101, 93.64223
85012, 115, 98.8431
85013, 113, 15.854958
85014, 103, 138.424
85015, 105, 69.54481
85016, 119, 11.168119
85017, 111, 21.8218
85018, 106, 138.4139
85019, 119, 33.453682
85020, 119, 123.347275
85021, 106, 46.451168
85022, 118, 113.52277
85023, 114, 85.01117
85024, 108, 81.61098
85025, 115, 27.850798
85026, 113, 19.427813
85027, 106, 147.68227
85028, 113, 124.718346
85029, 104, 143.74675
85030, 117, 74.55336
85031, 113, 59.456696
85032, 112, 97.056564
85033, 114, 92.22373
85034, 108, 59.63855
85035, 103, 111.54483
85036, 114, 6.98964
85037, 117, 38.278637
85038, 102, 82.646904
85039, 114, 138.10234
85040, 112, 16.767588
85041, 105, 148.86168
85042, 101, 49.951225
85043, 118, 25.939894
85044, 103, 143.41199
85045, 118, 79.81496
85046, 113, 2.1068215
85047, 115, 142.30559
85048, 107, 124.18212
85049, 111, 91.03292
85050, 105, 80.02503
85051, 102, 114.25109
85052, 105, 10.088736
85053, 102, 118.321465
85054, 100, 24.626156
85055, 100, 5.1790056
85056, 113, 14.545414
85057, 113, 25.841322
85058, 118, 30.821129
85059, 105, 58.01812
85060, 104, 110.02359
85061, 103, 13.413155
85062, 117, 76.30281
85063, 119, 125.23936
85064, 106, 102.7067
85065, 110, 134.93973
85066, 109, 77.47915
85067, 118, 99.31884
85068, 101, 81.74494
85069, 117, 85.310974
85070, 111, 50.663773
85071, 103, 68.59494
85072, 102, 121.00445
85073, 105, 107.40255
85074, 112, 90.050995
85075, 102, 133.75742
85076, 112, 6.354475
85077, 106, 121.90804
85078, 102, 6.652799
85079, 102, 95.96173
85080, 117, 111.897736
85081, 117, 85.87367
85082, 100, 16.454046
85083, 112, 78.164505
85084, 113, 85.566345
85085, 119, 8.587691
85086, 103, 68.14634
85087, 101, 87.22832
85088, 117, 8.367991
85089, 118, 99.69899
85090, 117, 19.286388
85091, 110, 96.18926
85092, 108, 14.339098
85093, 114, 53.924553
85094, 103, 51.257908
85095, 116, 124.27266
85096, 108, 130.50981
85097, 114, 131.82407
85098, 117, 75.17916
85099, 118, 29.62059
85100, 113, 54.390396
85101, 112, 44.870388
85102, 116, 25.463337
85103, 100, 103.43917
85104, 113, 43.65768
85105, 105, 8.891666
85106, 116, 101.931
85107, 112, 60.179276
85108, 102, 44.33014
85109, 115, 129.76273
85110, 106, 102.93398
85111, 109, 61.974014
85112, 104, 22.606113
85113, 113, 96.64941
85114, 118, 19.00186
85115, 109, 50.05105
85116, 113, 109.58133
85117, 111, 103.718216
85118, 119, 61.026917
85119, 108, 129.70164
85120, 113, 40.612686
85121, 100, 10.314292
85122, 111, 86.70508
85123, 103, 9.757313
85124, 102, 58.23738
85125, 101, 12.9381
85126, 114, 51.00054
85127, 118, 117.80891
85128, 116, 59.23454
85129, 102, 33.47176
85130, 113, 128.75636
85131, 111, 116.5737
85132, 111, 35.632603
85133, 108, 23.566273
85134, 102, 45.43757
85135, 114, 123.94257
85136, 106, 19.033455
85137, 115, 24.489408
85138, 117, 125.60498
85139, 106, 73.01133
85140, 110, 36.073307
85141, 115, 19.697481
85142, 112, 84.02327
85143, 118, 63.253685
85144, 100, 128.32182
85145, 115, 25.41841
85146, 112, 46.888588
85147, 100, 105.63277
85148, 104, 97.733
85149, 118, 140.30553
85150, 111, 12.1669655
85151, 101, 132.8232
85152, 114, 101.18865
85153, 107, 32.53776
85154, 116, 53.295536
85155, 101, 21.745401
85156, 114, 124.38101
85157, 115, 55.51934
85158, 110, 30.268166
85159, 117, 1.108262
85160, 102, 92.71282
85161, 108, 11.568126
85162, 112, 78.180214
85163, 101, 49.019104
85164, 116, 69.97249
85165, 111, 21.19672
85166, 105, 95.57261
85167, 116, 137.10155
85168, 110, 116.0165
85169, 109, 71.39775
85170, 109, 131.38278
85171, 116, 124.47653
85172, 112, 145.63785
85173, 112, 93.12534
85174, 112, 126.39391
85175, 100, 32.592003
85176, 116, 61.521156
85177, 114, 34.500084
85178, 113, 13.362908
85179, 111, 135.7011
85180, 111, 47.42826
85181, 102, 69.052475
85182, 100, 143.33487
85183, 118, 6.6693397
85184, 115, 25.207312
85185, 118, 17.93172
85186, 101, 57.36307
85187, 103, 113.193245
85188, 113, 22.80878
85189, 105, 86.7255
85190, 103, 122.90366
85191, 114, 36.30402
85192, 104, 117.02974
85193, 102, 139.84793
85194, 117, 129.63281
85195, 104, 29.364574
85196, 108, 40.538174
85197, 111, 129.06125
85198, 101, 148.0524
85199, 109, 12.783837
85200, 105, 55.36625
85201, 104, 44.647648
85202, 107, 124.435646
85203, 113, 63.148113
85204, 117, 6.7632346
85205, 111, 81.29083
85206, 119, 49.81793
85207, 117, 68.223434
85208, 116, 66.28468
85209, 104, 3.9324582
85210, 114, 49.117775
85211, 118, 30.194834
85212, 116, 131.19745
85213, 101, 110.5533
85214, 108, 4.729423
85215, 110, 104.81902
85216, 116, 45.772774
85217, 101, 134.94467
85218, 115, 132.15791
85219, 112, 123.69358
85220, 118, 7.612851
85221, 112, 118.24089
85222, 107, 3.3416657
85223, 102, 130.25197
85224, 115, 115.58943
85225, 109, 128.8693
85226, 116, 98.31146
85227, 102, 147.43913
85228, 104, 78.38823
85229, 116, 130.87244
85230, 110, 110.27292
85231, 103, 26.581182
85232, 108, 105.41398
85233, 104, 101.00763
85234, 116, 76.76012
85235, 115, 80.5957
85236, 111, 118.73387
85237, 100, 12.528581
85238, 119, 90.322395
85239, 106, 45.628525
85240, 100, 149.58728
85241, 109, 28.269804
85242, 100, 31.503592
85243, 102, 126.88544
85244, 108, 90.68271
85245, 111, 60.129852
85246, 118, 134.08925
85247, 100, 103.88053
85248, 106, 85.52841
85249, 115, 87.30559
85250, 114, 52.05001
85251, 101, 132.51195
85252, 105, 100.18448
85253, 104, 136.40236
85254, 107, 127.929115
85255, 105, 50.9483
85256, 107, 114.57476
85257, 115, 80.50806
85258, 116, 67.20229
85259, 106, 38.328545
85260, 118, 37.894283
85261, 112, 16.976076
85262, 101, 18.32378
85263, 103, 44.60553
85264, 107, 33.55312
85265, 106, 4.2296114
85266, 104, 48.296444
85267, 117, 43.93142
85268, 102, 41.03351
85269, 115, 87.090576
85270, 105, 23.099363
85271, 107, 54.86718
85272, 102, 13.087856
85273, 107, 133.9344
85274, 105, 69.05025
85275, 108, 72.3531
85276, 103, 98.21298
85277, 100, 77.98245
85278, 116, 11.847165
85279, 109, 52.36433
85280, 112, 9.301803
85281, 116, 29.952452
85282, 102, 121.19824
85283, 117, 75.62224
85284, 116, 57.407482
85285, 104, 0.40907264
85286, 102, 92.9305
85287, 103, 19.509754
85288, 116, 144.10725
85289, 113, 52.07433
85290, 108, 98.330605
85291, 104, 137.88525
85292, 117, 93.60516
85293, 119, 55.660896
85294, 105, 125.15188
85295, 111, 3.2027454
85296, 100, 30.91516
85297, 107, 74.33175
85298, 106, 88.59455
85299, 119, 69.73591
85300, 118, 135.95926
85301, 109, 149.13162
85302, 104, 116.21474
85303, 110, 45.141586
85304, 111, 110.97867
85305, 107, 38.743347
85306, 100, 130.31366
85307, 114, 24.426037
85308, 107, 80.85125
85309, 117, 28.28004
85310, 107, 141.10298
85311, 101, 71.53978
85312, 119, 1.9523084
85313, 102, 27.720951
85314, 105, 59.048885
85315, 111, 12.652293
85316, 107, 86.238815
85317, 102, 97.10544
85318, 102, 49.19125
85319, 109, 104.21059
85320, 119, 25.903023
85321, 107, 10.853568
85322, 102, 137.29074
85323, 115, 33.95539
85324, 109, 76.29037
85325, 119, 122.11954
85326, 116, 106.40008
85327, 103, 111.52568
85328, 106, 58.234005
85329, 105, 114.636345
85330, 110, 57.7716
85331, 115, 5.907387
85332, 107, 3.5023122
85333, 105, 46.65912
85334, 111, 21.968248
85335, 112, 15.514729
85336, 117, 120.397026
85337, 109, 38.171116
85338, 118, 92.685326
85339, 110, 92.820915
85340, 107, 5.648714
85341, 112, 50.29656
85342, 114, 31.376509
85343, 104, 60.330276
85344, 110, 130.85066
85345, 118, 41.41559
85346, 101, 79.76762
85347, 109, 14.2263565
85348, 101, 107.14641
85349, 119, 51.34913
85350, 116, 9.527599
85351, 109, 120.09872
85352, 117, 5.044752
85353, 107, 143.39833
85354, 105, 93.49979
85355, 108, 117.33305
85356, 110, 136.44542
85357, 113, 133.60754
85358, 102, 70.434395
85359, 100, 93.92996
85360, 100, 33.2015
85361, 116, 47.40639
85362, 106, 121.241776
85363, 104, 47.842823
85364, 110, 63.222305
85365, 119, 106.55907
85366, 103, 77.86967
85367, 106, 11.936537
85368, 107, 41.261528
85369, 115, 13.974264
85370, 107, 112.78076
85371, 101, 61.795486
85372, 101, 60.360565
85373, 111, 31.655941
85374, 100, 20.262686
85375, 111, 127.45645
85376, 115, 133.89575
85377, 108, 111.93814
85378, 108, 48.188755
85379, 100, 23.341396
85380, 112, 8.426088
85381, 118, 149.50122
85382, 116, 62.730278
85383, 107, 61.97616
85384, 102, 12.702147
85385, 118, 96.63819
85386, 104, 112.99261
85387, 116, 57.643845
85388, 116, 31.819483
85389, 118, 27.27904
85390, 112, 144.90683
85391, 114, 36.624527
85392, 108, 77.83939
85393, 111, 30.096155
85394, 102, 43.934162
85395, 106, 127.320816
85396, 116, 91.141884
85397, 107, 24.4986
85398, 115, 108.48356
85399, 119, 67.14785
85400, 114, 138.9339
85401, 103, 46.517963
85402, 103, 93.01801
85403, 116, 127.02075
85404, 110, 20.219332
85405, 101, 147.62273
85406, 107, 27.005947
85407, 114, 109.32466
85408, 117, 77.73747
85409, 108, 75.781624
85410, 117, 136.8238
85411, 110, 59.88525
85412, 100, 28.262402
85413, 114, 98.00127
85414, 112, 98.46425
85415, 118, 97.9873
85416, 107, 35.56326
85417, 102, 71.18783
85418, 110, 74.49657
85419, 108, 107.17153
85420, 100, 139.60416
85421, 119, 50.147285
85422, 115, 13.733474
85423, 119, 36.814598
85424, 112, 126.43744
85425, 107, 104.99092
85426, 101, 107.20785
85427, 102, 94.16038
85428, 119, 70.72717
85429, 109, 37.47881
85430, 112, 98.52183
85431, 116, 135.67332
85432, 104, 19.267855
85433, 101, 127.62674
85434, 109, 69.41368
85435, 110, 19.861122
85436, 119, 103.00165
85437, 109, 5.9254737
85438, 116, 129.03305
85439, 102, 69.88872
85440, 101, 35.249985
85441, 101, 123.42344
85442, 112, 17.87923
85443, 109, 91.5393
85444, 113, 110.24348
85445, 102, 96.00871
85446, 100, 50.593872
85447, 119, 50.508133
85448, 110, 1.9227415
85449, 117, 78.36997
85450, 104, 59.991734
85451, 108, 93.97356
85452, 110, 22.980175
85453, 118, 36.652073
85454, 103, 7.772398
85455, 103, 31.102493
85456, 118, 27.532661
85457, 110, 128.74498
85458, 114, 113.12396
85459, 114, 14.20607
85460, 114, 137.61449
85461, 107, 53.312893
85462, 115, 62.012493
85463, 100, 15.4439
85464, 100, 82.474625
85465, 102, 106.11402
85466, 100, 93.977844
85467, 109, 146.12398
85468, 114, 73.99692
85469, 109, 110.76441
85470, 101, 149.04698
85471, 100, 68.07755
85472, 100, 135.47644
85473, 105, 86.76572
85474, 118, 53.397766
85475, 110, 74.794106
85476, 108, 84.385826
85477, 102, 6.325981
85478, 117, 133.63445
85479, 101, 109.36838
85480, 103, 42.65805
85481, 103, 143.58934
85482, 106, 69.38773
85483, 111, 23.993692
85484, 106, 6.7626534
85485, 117, 39.342373
85486, 117, 9.385568
85487, 119, 12.054741
85488, 118, 74.939384
85489, 107, 102.887
85490, 113, 42.206078
85491, 117, 131.03358
85492, 115, 70.54239
85493, 102, 119.992195
85494, 109, 40.49742
85495, 116, 115.25256
85496, 115, 74.48183
85497, 113, 13.585371
85498, 112, 107.58509
85499, 105, 44.636135
85500, 105, 134.18927
85501, 111, 22.464046
85502, 110, 98.94661
85503, 112, 90.18705
85504, 118, 28.93652
85505, 111, 118.907005
85506, 105, 3.9691238
85507, 109, 94.552284
85508, 116, 96.45911
85509, 102, 82.42806
85510, 111, 117.00045
85511, 116, 81.60163
85512, 102, 123.86032
85513, 110, 113.046646
85514, 106, 60.42841
85515, 102, 118.714966
85516, 117, 11.448956
85517, 100, 15.454665
85518, 100, 10.296374
85519, 110, 24.45497
85520, 101, 72.283714
85521, 113, 76.23456
85522, 107, 10.761272
85523, 118, 1.0347605
85524, 110, 10.005856
85525, 117, 63.03328
85526, 103, 61.4483
85527, 108, 38.221264
85528, 109, 108.271614
85529, 109, 41.28311
85530, 119, 46.867813
85531, 117, 47.73024
85532, 116, 20.91558
85533, 111, 22.47102
85534, 109, 73.12126
85535, 103, 126.6575
85536, 102, 41.634045
85537, 104, 10.467911
85538, 111, 91.20807
85539, 100, 45.85388
85540, 104, 48.023815
85541, 107, 89.33985
85542, 106, 149.66698
85543, 116, 56.883324
85544, 115, 117.7977
85545, 114, 54.31507
85546, 119, 82.3641
85547, 100, 71.18403
85548, 117, 46.9237
85549, 108, 73.62441
85550, 110, 34.1845
85551, 108, 57.00352
85552, 103, 65.626785
85553, 115, 93.289215
85554, 116, 69.9877
85555, 108, 39.007874
85556, 106, 2.549574
85557, 112, 130.1504
85558, 117, 43.617146
85559, 101, 77.54638
85560, 111, 96.99429
85561, 114, 43.50643
85562, 112, 138.79494
85563, 116, 93.39701
85564, 107, 143.30571
85565, 112, 29.107895
85566, 110, 131.41548
85567, 102, 124.38899
85568, 100, 139.16826
85569, 117, 87.71157
85570, 116, 61.03665
85571, 117, 49.175022
85572, 104, 123.56812
85573, 101, 123.11839
85574, 112, 66.16881
85575, 116, 12.754583
85576, 113, 70.86587
85577, 119, 10.07376
85578, 107, 81.94283
85579, 109, 34.815914
85580, 114, 139.76761
85581, 102, 46.286068
85582, 105, 114.66318
85583, 103, 37.723846
85584, 115, 67.81268
85585, 107, 47.481403
85586, 113, 86.39153
85587, 114, 11.814272
85588, 109, 75.89179
85589, 106, 145.73956
85590, 105, 43.65845
85591, 113, 45.818344
85592, 108, 128.8308
85593, 117, 136.57231
85594, 110, 104.773575
85595, 100, 44.661167
85596, 108, 122.3568
85597, 112, 0.29334426
85598, 112, 141.28555
85599, 118, 115.25979
85600, 100, 119.60173
85601, 116, 130.62015
85602, 104, 121.32461
85603, 108, 61.957775
85604, 113, 69.52067
85605, 116, 10.852101
85606, 114, 85.134
85607, 113, 107.84131
85608, 113, 38.02229
85609, 106, 81.630135
85610, 105, 53.766552
85611, 107, 59.34908
85612, 108, 51.78666
85613, 113, 39.077175
85614, 106, 20.625294
85615, 117, 28.538544
85616, 105, 103.48689
85617, 101, 14.777836
85618, 118, 149.64055
85619, 100, 53.596455
85620, 109, 41.578587
85621, 106, 104.78097
85622, 108, 115.286835
85623, 105, 57.68654
85624, 111, 34.893322
85625, 109, 87.70462
85626, 108, 122.00098
85627, 102, 130.5647
85628, 105, 52.13154
85629, 104, 146.47069
85630, 109, 138.13237
85631, 109, 82.72433
85632, 117, 0.93150437
85633, 112, 81.36207
85634, 103, 62.650154
85635, 113, 84.03153
85636, 103, 148.23035
85637, 110, 22.711382
85638, 102, 107.442345
85639, 113, 75.9211
85640, 117, 44.16613
85641, 110, 1.2019604
85642, 108, 79.1048
85643, 108, 21.594063
85644, 105, 3.324607
85645, 101, 140.94785
85646, 106, 69.20949
85647, 100, 131.14197
85648, 103, 63.764988
85649, 105, 71.71659
85650, 110, 3.8174005
85651, 115, 36.042343
85652, 104, 20.481071
85653, 104, 10.003951
85654, 117, 58.587914
85655, 116, 132.21564
85656, 110, 108.62474
85657, 108, 44.90955
85658, 107, 72.834526
85659, 104, 142.087
85660, 102, 146.7801
85661, 113, 75.989716
85662, 106, 6.530875
85663, 113, 48.941822
85664, 117, 88.27469
85665, 111, 77.942375
85666, 114, 26.456291
85667, 113, 79.34964
85668, 111, 117.3497
85669, 118, 22.645506
85670, 107, 2.2122145
85671, 111, 57.50819
85672, 109, 97.59593
85673, 108, 11.5434675
85674, 109, 31.622913
85675, 100, 146.47377
85676, 102, 129.08958
85677, 112, 20.226065
85678, 116, 125.49346
85679, 109, 99.97866
85680, 118, 10.223499
85681, 110, 75.31852
85682, 101, 20.725975
85683, 117, 101.117584
85684, 112, 117.89785
85685, 112, 35.913105
85686, 115, 131.61574
85687, 118, 67.8319
85688, 109, 120.60062
85689, 105, 149.8979
85690, 101, 100.74839
85691, 104, 21.79698
85692, 116, 40.018845
85693, 105, 129.96613
85694, 116, 129.38208
85695, 101, 18.103159
85696, 108, 57.648808
85697, 106, 115.41638
85698, 110, 13.280672
85699, 118, 121.27751
85700, 106, 49.273335
85701, 101, 13.280993
85702, 103, 137.80783
85703, 108, 9.466142
85704, 103, 25.589973
85705, 109, 140.40913
85706, 106, 53.19971
85707, 103, 120.739494
85708, 111, 8.773255
85709, 117, 47.507008
85710, 101, 143.43309
85711, 115, 106.43876
85712, 109, 27.332264
85713, 111, 22.527552
85714, 103, 120.537025
85715, 104, 131.56708
85716, 119, 148.79433
85717, 115, 90.424385
85718, 113, 71.70592
85719, 105, 37.48803
85720, 118, 146.2321
85721, 110, 143.05743
85722, 119, 143.35887
85723, 102, 8.897156
85724, 117, 59.415203
85725, 114, 37.620277
85726, 109, 75.246735
85727, 105, 49.967087
85728, 100, 79.736984
85729, 113, 89.252785
85730, 108, 30.004961
85731, 104, 86.09064
85732, 101, 1.4716834
85733, 106, 120.44783
85734, 107, 65.23899
85735, 106, 67.810104
85736, 104, 101.45308
85737, 101, 1.5018404
85738, 108, 54.89931
85739, 109, 50.291355
85740, 104, 101.7492
85741, 117, 26.123928
85742, 115, 127.73473
85743, 115, 147.9772
85744, 118, 39.620216
85745, 104, 117.52933
85746, 100, 34.930023
85747, 107, 4.4848146
85748, 100, 45.64729
85749, 111, 9.887373
85750, 112, 12.037548
85751, 116, 32.500668
85752, 113, 53.652424
85753, 107, 47.2663
85754, 107, 78.95071
85755, 113, 33.92169
85756, 118, 145.35936
85757, 114, 8.944496
85758, 106, 108.182915
85759, 109, 106.81943
85760, 115, 147.78838
85761, 101, 105.87839
85762, 103, 61.56063
85763, 105, 10.9407215
85764, 101, 18.702784
85765, 103, 101.82874
85766, 110, 57.439068
85767, 110, 137.69406
85768, 101, 41.803112
85769, 109, 145.84912
85770, 108, 45.7993
85771, 109, 1.264286
85772, 108, 22.908766
85773, 112, 79.03098
85774, 118, 44.554085
85775, 109, 131.5963
85776, 110, 101.271515
85777, 100, 49.173008
85778, 103, 54.955826
85779, 101, 108.163086
85780, 106, 110.29531
85781, 101, 115.95886
85782, 110, 35.415413
85783, 112, 142.5971
85784, 100, 85.37574
85785, 107, 136.39044
85786, 111, 34.75423
85787, 109, 140.70125
85788, 102, 16.504107
85789, 106, 91.08084
85790, 119, 143.0971
85791, 101, 38.93812
85792, 115, 77.248825
85793, 118, 123.96115
85794, 115, 9.695122
85795, 104, 15.340975
85796, 105, 41.805954
85797, 119, 90.2941
85798, 108, 100.14047
85799, 106, 99.84625
85800, 100, 147.95749
85801, 105, 147.83173
85802, 103, 118.88031
85803, 119, 48.868256
85804, 107, 113.00567
85805, 109, 50.547794
85806, 109, 22.8694
85807, 107, 22.39548
85808, 104, 77.16953
85809, 112, 144.62949
85810, 114, 57.69908
85811, 117, 58.013542
85812, 112, 146.11322
85813, 112, 130.66096
85814, 101, 145.50328
85815, 118, 104.166565
85816, 108, 103.81268
85817, 118, 132.00821
85818, 110, 85.4867
85819, 103, 20.476976
85820, 115, 26.238585
85821, 100, 101.42112
85822, 107, 19.876385
85823, 114, 14.338437
85824, 110, 13.731014
85825, 104, 96.81856
85826, 113, 109.24294
85827, 113, 142.2241
85828, 114, 24.266893
85829, 117, 133.49443
85830, 113, 78.11361
85831, 104, 20.82536
85832, 118, 118.36457
85833, 107, 65.77082
85834, 113, 68.40143
85835, 111, 37.400497
85836, 119, 144.9977
85837, 114, 124.71624
85838, 118, 14.329969
85839, 115, 85.68259
85840, 106, 8.111697
85841, 119, 34.752274
85842, 111, 42.161324
85843, 118, 86.19991
85844, 105, 6.7937584
85845, 114, 11.785099
85846, 111, 127.784744
85847, 116, 74.77452
85848, 109, 49.952442
85849, 119, 21.6855
85850, 115, 102.05994
85851, 101, 97.91145
85852, 117, 138.33908
85853, 111, 68.002464
85854, 119, 80.85765
85855, 112, 149.3458
85856, 108, 124.11235
85857, 108, 83.4835
85858, 119, 98.89999
85859, 102, 46.696545
85860, 114, 113.65868
85861, 107, 39.43797
85862, 112, 50.654297
85863, 113, 110.168335
85864, 113, 61.971508
85865, 108, 17.131636
85866, 117, 64.91157
85867, 111, 138.77585
85868, 104, 74.53162
85869, 113, 46.739067
85870, 105, 45.4974
85871, 118, 112.92989
85872, 114, 51.37654
85873, 116, 20.27547
85874, 108, 58.010216
85875, 117, 79.6334
85876, 118, 68.282326
85877, 111, 36.06787
85878, 107, 70.229965
85879, 109, 138.31155
85880, 101, 7.433957
85881, 100, 102.19391
85882, 100, 64.519066
85883, 107, 0.6134212
85884, 104, 96.63366
85885, 106, 138.0201
85886, 118, 57.42243
85887, 117, 148.0778
85888, 112, 36.331497
85889, 116, 98.3517
85890, 106, 67.933334
85891, 103, 32.70834
85892, 103, 68.97895
85893, 117, 129.476
85894, 119, 112.085
85895, 113, 93.48498
85896, 118, 21.196318
85897, 114, 0.72501004
85898, 118, 6.0988426
85899, 100, 6.5110087
85900, 103, 71.44898
85901, 106, 31.685776
85902, 110, 46.107773
85903, 109, 106.73801
85904, 109, 134.59494
85905, 114, 36.11199
85906, 108, 74.88562
85907, 102, 109.325584
85908, 101, 1.7700344
85909, 113, 11.015045
85910, 117, 70.966255
85911, 117, 93.8969
85912, 106, 99.62845
85913, 101, 11.265331
85914, 102, 106.90812
85915, 110, 42.231552
85916, 106, 56.82641
85917, 109, 132.07513
85918, 104, 9.539911
85919, 100, 53.750637
85920, 103, 30.88931
85921, 119, 77.898285
85922, 107, 103.36247
85923, 100, 141.76718
85924, 118, 92.289154
85925, 119, 91.97199
85926, 116, 110.58306
85927, 111, 130.61592
85928, 113, 119.00177
85929, 103, 62.195744
85930, 102, 37.01539
85931, 104, 128.91147
85932, 116, 125.0168
85933, 115, 54.381073
85934, 105, 139.89496
85935, 106, 31.991886
85936, 109, 12.914721
85937, 119, 99.91666
85938, 114, 52.99423
85939, 107, 106.56372
85940, 116, 33.216084
85941, 116, 20.968061
85942, 113, 85.98056
85943, 100, 100.26949
85944, 111, 131.43298
85945, 112, 128.03105
85946, 106, 49.401768
85947, 119, 119.00231
85948, 110, 80.80165
85949, 104, 113.94299
85950, 113, 146.12688
85951, 112, 104.82287
85952, 104, 66.27598
85953, 108, 48.501617
85954, 114, 48.860023
85955, 110, 64.3997
85956, 109, 92.57235
85957, 106, 146.09651
85958, 116, 54.363155
85959, 110, 27.084034
85960, 101, 23.860949
85961, 118, 1.1697471
85962, 105, 141.30174
85963, 115, 91.23448
85964, 113, 130.30853
85965, 106, 98.52504
85966, 100, 28.768085
85967, 100, 72.89004
85968, 110, 137.35452
85969, 104, 55.042156
85970, 116, 48.746254
85971, 114, 124.47952
85972, 108, 36.91516
85973, 112, 105.12282
85974, 108, 16.678467
85975, 103, 68.12803
85976, 113, 50.72531
85977, 119, 67.67821
85978, 116, 99.13276
85979, 100, 93.28563
85980, 101, 122.20901
85981, 115, 92.58769
85982, 112, 90.43539
85983, 112, 95.51243
85984, 119, 23.665148
85985, 104, 56.217484
85986, 113, 57.608814
85987, 103, 40.98985
85988, 118, 58.743748
85989, 103, 15.512297
85990, 108, 140.1828
85991, 101, 76.09168
85992, 103, 15.397471
85993, 112, 57.566936
85994, 115, 124.791306
85995, 109, 149.15524
85996, 113, 76.55753
85997, 110, 9.458819
85998, 119, 87.86132
85999, 119, 73.58085
86000, 103, 54.562916
86001, 106, 122.10947
86002, 109, 120.51428
86003, 116, 37.206333
86004, 117, 126.30769
86005, 117, 46.62938
86006, 117, 43.38321
86007, 101, 132.77551
86008, 104, 87.790085
86009, 108, 91.3211
86010, 113, 60.89234
86011, 118, 135.53079
86012, 111, 94.20478
86013, 113, 69.43916
86014, 109, 74.292656
86015, 108, 0.31829774
86016, 118, 22.049305
86017, 115, 112.10482
86018, 112, 85.99193
86019, 117, 81.23584
86020, 118, 28.839558
86021, 119, 101.22777
86022, 105, 78.95759
86023, 100, 143.30927
86024, 117, 123.49765
86025, 103, 81.51887
86026, 110, 94.716965
86027, 115, 1.001358
86028, 101, 91.346886
86029, 109, 7.474315
86030, 106, 67.76002
86031, 119, 50.6366
86032, 110, 100.846
86033, 119, 82.822655
86034, 116, 66.884155
86035, 108, 22.303373
86036, 113, 83.27753
86037, 102, 64.44811
86038, 107, 12.1557
86039, 107, 124.4724
86040, 106, 81.86608
86041, 111, 113.71569
86042, 115, 16.21357
86043, 114, 94.86423
86044, 100, 124.93957
86045, 108, 21.997993
86046, 100, 129.22656
86047, 107, 115.57703
86048, 116, 82.10495
86049, 104, 45.005135
86050, 107, 140.93307
86051, 115, 91.047165
86052, 111, 23.228878
86053, 104, 113.50427
86054, 107, 92.172806
86055, 110, 83.54503
86056, 118, 37.594173
86057, 115, 86.93672
86058, 101, 111.737724
86059, 106, 90.38379
86060, 116, 89.307495
86061, 111, 25.373913
86062, 113, 149.2112
86063, 109, 71.88893
86064, 102, 42.24969
86065, 112, 130.07053
86066, 107, 79.0211
86067, 106, 90.35799
86068, 119, 91.15842
86069, 116, 111.74708
86070, 104, 64.853806
86071, 110, 109.54315
86072, 111, 113.567314
86073, 110, 89.86172
86074, 103, 112.03261
86075, 111, 76.112076
86076, 113, 33.425797
86077, 102, 57.320934
86078, 119, 112.83415
86079, 103, 62.13871
86080, 108, 45.90261
86081, 117, 41.49086
86082, 113, 100.82554
86083, 108, 44.497356
86084, 103, 37.485268
86085, 110, 9.156471
86086, 114, 64.49603
86087, 108, 114.68986
86088, 109, 47.856243
86089, 110, 131.99283
86090, 110, 23.37352
86091, 110, 52.52264
86092, 113, 42.1441
86093, 113, 68.078964
86094, 101, 104.30072
86095, 118, 139.54747
86096, 111, 71.686356
86097, 107, 86.58843
86098, 113, 95.24066
86099, 105, 6.483409
86100, 105, 103.85663
86101, 115, 141.59315
86102, 117, 129.97098
86103, 106, 85.71712
86104, 104, 41.633873
86105, 105, 93.53277
86106, 106, 53.62512
86107, 116, 52.071808
86108, 105, 129.86848
86109, 106, 133.41606
86110, 117, 105.64749
86111, 118, 81.37459
86112, 107, 67.53525
86113, 110, 38.187298
86114, 109, 19.66222
86115, 118, 56.252827
86116, 114, 66.97681
86117, 119, 67.64032
86118, 103, 64.38364
86119, 105, 51.758507
86120, 114, 29.734486
86121, 102, 83.40044
86122, 108, 95.651245
86123, 115, 36.371593
86124, 112, 109.203735
86125, 105, 120.702126
86126, 106, 46.739887
86127, 118, 1.6372293
86128, 118, 72.270676
86129, 102, 117.60145
86130, 103, 90.25528
86131, 100, 13.58428
86132, 107, 140.21481
86133, 116, 56.17238
86134, 107, 108.82755
86135, 111, 124.90852
86136, 118, 133.30351
86137, 100, 21.720251
86138, 111, 51.347477
86139, 116, 35.90492
86140, 107, 5.5805593
86141, 119, 121.337654
86142, 113, 4.98316
86143, 108, 71.75862
86144, 101, 69.95018
86145, 107, 75.75281
86146, 100, 121.52085
86147, 114, 40.750435
86148, 114, 3.2227278
86149, 116, 78.246956
86150, 105, 98.26787
86151, 115, 43.684475
86152, 100, 108.642815
86153, 117, 98.41597
86154, 102, 65.48368
86155, 114, 58.632275
86156, 118, 131.88852
86157, 113, 39.03752
86158, 101, 28.67268
86159, 108, 142.90088
86160, 111, 73.46973
86161, 101, 98.23937
86162, 114, 62.48321
86163, 102, 10.189793
86164, 111, 135.20348
86165, 117, 123.21464
86166, 102, 127.127205
86167, 106, 31.472433
86168, 112, 94.92517
86169, 104, 95.31736
86170, 102, 25.49539
86171, 100, 132.81645
86172, 118, 131.1602
86173, 115, 1.4668912
86174, 114, 8.44422
86175, 104, 105.03211
86176, 104, 103.42322
86177, 117, 96.44561
86178, 108, 45.659092
86179, 113, 85.737526
86180, 106, 141.5755
86181, 118, 125.55452
86182, 113, 33.061428
86183, 110, 70.3987
86184, 107, 95.31772
86185, 105, 74.02006
86186, 113, 39.404915
86187, 115, 84.27085
86188, 112, 83.966034
86189, 115, 19.058025
86190, 108, 143.58276
86191, 110, 95.89549
86192, 116, 15.131378
86193, 105, 55.383923
86194, 101, 139.66652
86195, 116, 107.75086
86196, 111, 1.4882147
86197, 100, 73.4887
86198, 109, 64.17626
86199, 105, 50.09129
86200, 117, 121.974724
86201, 117, 81.01459
86202, 104, 115.58667
86203, 119, 52.084064
86204, 115, 20.6574
86205, 103, 96.3616
86206, 108, 111.82555
86207, 113, 49.332546
86208, 113, 43.04772
86209, 104, 102.17228
86210, 115, 9.855965
86211, 113, 15.167954
86212, 113, 94.14493
86213, 118, 79.053154
86214, 104, 76.95018
86215, 111, 45.04533
86216, 101, 110.472786
86217, 114, 72.21983
86218, 105, 62.578976
86219, 114, 0.7626593
86220, 118, 13.769513
86221, 111, 93.93603
86222, 119, 82.59096
86223, 119, 115.7543
86224, 114, 112.56659
86225, 115, 9.836099
86226, 102, 14.265776
86227, 102, 35.101418
86228, 111, 146.82628
86229, 110, 45.24193
86230, 112, 58.45666
86231, 107, 66.98664
86232, 103, 46.41005
86233, 118, 89.540924
86234, 114, 77.6391
86235, 118, 142.81346
86236, 115, 145.04996
86237, 110, 114.507835
86238, 100, 62.1311
86239, 105, 63.694016
86240, 104, 32.210514
86241, 108, 81.04179
86242, 115, 46.556194
86243, 106, 138.9137
86244, 106, 34.71134
86245, 104, 92.48861
86246, 104, 69.80095
86247, 108, 17.133183
86248, 102, 147.90985
86249, 113, 44.55961
86250, 106, 66.116
86251, 106, 13.837213
86252, 107, 78.35016
86253, 115, 50.70878
86254, 112, 29.7473
86255, 106, 68.97282
86256, 102, 138.80237
86257, 118, 102.663055
86258, 110, 59.674217
86259, 117, 41.367146
86260, 106, 32.14801
86261, 105, 45.123474
86262, 117, 112.77894
86263, 115, 128.57538
86264, 112, 140.10068
86265, 106, 52.147095
86266, 117, 71.83825
86267, 113, 64.391754
86268, 106, 62.41118
86269, 110, 117.58265
86270, 106, 120.20952
86271, 119, 47.881348
86272, 103, 42.272778
86273, 109, 117.03344
86274, 102, 87.30379
86275, 104, 67.01039
86276, 108, 114.242096
86277, 113, 41.893925
86278, 118, 24.811203
86279, 109, 99.618095
86280, 108, 148.71344
86281, 100, 135.48555
86282, 119, 59.723335
86283, 112, 126.70819
86284, 114, 74.45751
86285, 115, 94.42184
86286, 119, 113.67771
86287, 104, 69.00993
86288, 112, 37.347008
86289, 109, 33.657352
86290, 117, 89.308304
86291, 105, 55.888878
86292, 101, 31.312653
86293, 108, 128.88573
86294, 114, 148.30246
86295, 115, 77.95112
86296, 119, 7.3699684
86297, 114, 47.703518
86298, 112, 112.69953
86299, 119, 59.064274
86300, 102, 148.22531
86301, 115, 84.32564
86302, 104, 43.361744
86303, 111, 34.44245
86304, 116, 90.71384
86305, 109, 141.27364
86306, 106, 61.242477
86307, 110, 51.51076
86308, 108, 141.77754
86309, 100, 105.184875
86310, 115, 103.10803
86311, 100, 27.812443
86312, 109, 138.13847
86313, 113, 50.729557
86314, 102, 14.28203
86315, 114, 103.24519
86316, 113, 7.9696474
86317, 114, 41.66102
86318, 114, 79.27765
86319, 107, 75.4973
86320, 109, 137.02032
86321, 116, 74.2454
86322, 100, 121.15465
86323, 119, 27.253693
86324, 112, 66.40487
86325, 105, 47.91755
86326, 110, 36.703045
86327, 112, 81.52272
86328, 118, 42.31594
86329, 111, 17.222706
86330, 112, 39.48444
86331, 110, 133.2665
86332, 101, 125.900345
86333, 104, 4.645729
86334, 111, 111.72293
86335, 109, 81.13009
86336, 106, 90.77387
86337, 101, 17.182758
86338, 112, 143.54776
86339, 113, 131.32985
86340, 114, 16.468039
86341, 114, 7.0441694
86342, 110, 101.450035
86343, 112, 41.84382
86344, 115, 53.335995
86345, 113, 57.06219
86346, 116, 56.45382
86347, 118, 108.589554
86348, 103, 5.3762465
86349, 112, 127.863556
86350, 102, 43.01843
86351, 107, 132.27017
86352, 114, 119.63806
86353, 102, 59.660892
86354, 102, 116.161766
86355, 114, 147.06052
86356, 105, 9.024561
86357, 110, 132.97446
86358, 111, 74.10013
86359, 109, 127.47442
86360, 105, 37.848125
86361, 113, 93.88468
86362, 112, 87.77377
86363, 112, 93.33911
86364, 115, 134.5304
86365, 109, 82.45124
86366, 106, 1.8130481
86367, 116, 120.144135
86368, 100, 122.26073
86369, 114, 55.0702
86370, 115, 146.90271
86371, 101, 134.10153
86372, 116, 45.85561
86373, 114, 58.87541
86374, 111, 62.876987
86375, 100, 101.970406
86376, 117, 81.02986
86377, 117, 107.10155
86378, 103, 97.307434
86379, 104, 101.05352
86380, 115, 2.6177645
86381, 112, 73.52402
86382, 114, 56.21497
86383, 113, 129.17422
86384, 111, 52.780365
86385, 114, 20.550987
86386, 119, 27.395395
86387, 111, 11.930305
86388, 101, 104.15561
86389, 109, 25.328735
86390, 119, 141.57137
86391, 105, 79.23337
86392, 118, 33.534996
86393, 109, 43.298355
86394, 101, 118.63518
