75946, 119, 4.448667
75947, 108, 49.93736
75948, 117, 147.94981
75949, 103, 119.35087
75950, 101, 130.98647
75951, 116, 46.491383
75952, 101, 4.7775507
75953, 110, 130.38301
75954, 113, 46.55855
75955, 111, 75.50432
75956, 101, 101.51839
75957, 113, 65.91857
75958, 102, 79.21927
75959, 107, 118.358376
75960, 111, 43.13543
75961, 115, 55.995243
75962, 109, 84.97946
75963, 103, 117.93543
75964, 101, 77.70146
75965, 116, 116.20153
75966, 113, 55.12629
75967, 114, 83.2975
75968, 103, 19.567574
75969, 111, 124.751274
75970, 111, 118.42905
75971, 107, 146.98958
75972, 111, 46.104687
75973, 115, 83.81198
75974, 118, 62.076965
75975, 113, 98.1594
75976, 112, 3.095028
75977, 111, 36.35679
75978, 103, 138.31209
75979, 103, 124.89456
75980, 110, 69.179825
75981, 113, 125.79876
75982, 116, 132.63191
75983, 108, 34.760044
75984, 101, 56.69642
75985, 112, 114.59467
75986, 100, 15.944687
75987, 105, 44.516094
75988, 116, 124.89389
75989, 114, 105.64886
75990, 112, 61.79183
75991, 115, 114.28754
75992, 117, 96.613914
75993, 104, 140.70898
75994, 118, 84.05608
75995, 115, 97.70144
75996, 105, 51.285027
75997, 114, 89.778946
75998, 111, 47.05866
75999, 115, 58.552258
76000, 114, 140.85905
76001, 118, 30.7916
76002, 103, 113.10896
76003, 107, 3.1214566
76004, 103, 62.849907
76005, 102, 39.97204
76006, 107, 144.8783
76007, 105, 89.32547
76008, 114, 84.08621
76009, 114, 50.679867
76010, 113, 29.911217
76011, 117, 43.892677
76012, 107, 113.71738
76013, 107, 99.78125
76014, 102, 90.97023
76015, 100, 147.21446
76016, 110, 54.489693
76017, 119, 90.35402
76018, 112, 136.93542
76019, 111, 69.59492
76020, 115, 48.004074
76021, 110, 6.1355886
76022, 110, 108.658844
76023, 100, 82.58744
76024, 113, 84.36109
76025, 106, 108.96629
76026, 110, 123.57674
76027, 107, 143.73422
76028, 101, 130.237
76029, 103, 20.69336
76030, 116, 32.03414
76031, 106, 70.90597
76032, 103, 81.31381
76033, 106, 98.2956
76034, 116, 101.95139
76035, 103, 4.819277
76036, 117, 93.148575
76037, 113, 37.008835
76038, 111, 116.04214
76039, 116, 46.601913
76040, 118, 83.86138
76041, 108, 32.180805
76042, 113, 51.901146
76043, 115, 60.862236
76044, 100, 3.1027794
76045, 101, 95.46254
76046, 108, 140.01439
76047, 117, 147.21877
76048, 110, 57.066322
76049, 119, 141.75047
76050, 117, 100.46014
76051, 115, 95.31765
76052, 115, 140.9422
76053, 108, 118.6018
76054, 119, 44.36143
76055, 107, 46.0844
76056, 117, 32.234253
76057, 116, 0.7794231
76058, 116, 91.60069
76059, 115, 101.934326
76060, 116, 98.44471
76061, 100, 92.871
76062, 112, 127.387886
76063, 116, 65.30634
76064, 111, 96.432755
76065, 106, 114.48237
76066, 111, 71.74235
76067, 116, 19.71218
76068, 106, 2.3872733
76069, 104, 39.369644
76070, 113, 72.94567
76071, 104, 97.98446
76072, 113, 111.15258
76073, 115, 77.586395
76074, 116, 90.33601
76075, 111, 38.71443
76076, 111, 89.1103
76077, 111, 89.032715
76078, 114, 18.910816
76079, 101, 22.19773
76080, 111, 147.28029
76081, 104, 53.75365
76082, 117, 99.56232
76083, 108, 29.376108
76084, 115, 36.910004
76085, 109, 61.828476
76086, 104, 83.775505
76087, 108, 106.90824
76088, 111, 60.736343
76089, 102, 72.7065
76090, 117, 62.811935
76091, 117, 130.62567
76092, 110, 103.29837
76093, 111, 100.37508
76094, 116, 25.793785
76095, 116, 90.14508
76096, 105, 14.690513
76097, 119, 107.44391
76098, 104, 139.35774
76099, 119, 95.55079
76100, 118, 66.682724
76101, 107, 141.14584
76102, 103, 95.190285
76103, 112, 108.02469
76104, 100, 16.90803
76105, 110, 15.989918
76106, 108, 80.42078
76107, 107, 31.560669
76108, 110, 34.73931
76109, 105, 16.288269
76110, 110, 68.84543
76111, 116, 90.30813
76112, 104, 76.72181
76113, 119, 39.32113
76114, 101, 80.71577
76115, 106, 71.12354
76116, 101, 90.12777
76117, 108, 0.31179786
76118, 116, 104.93297
76119, 104, 65.254944
76120, 119, 119.33592
76121, 116, 5.6767793
76122, 111, 128.84787
76123, 101, 140.4062
76124, 102, 119.355354
76125, 103, 73.44256
76126, 111, 8.516773
76127, 113, 140.48969
76128, 102, 78.84576
76129, 116, 76.25813
76130, 108, 79.2536
76131, 108, 66.7979
76132, 115, 139.77724
76133, 113, 110.73731
76134, 103, 141.16655
76135, 105, 89.77813
76136, 103, 116.69857
76137, 104, 148.03824
76138, 107, 133.1946
76139, 117, 93.16002
76140, 106, 71.80412
76141, 109, 98.00285
76142, 100, 55.990334
76143, 100, 53.77516
76144, 110, 60.835773
76145, 101, 3.671649
76146, 113, 95.46278
76147, 107, 15.667829
76148, 115, 51.946877
76149, 110, 59.62345
76150, 109, 133.6542
76151, 108, 56.381653
76152, 107, 49.98284
76153, 111, 138.8176
76154, 106, 34.987675
76155, 116, 137.29453
76156, 106, 47.94809
76157, 107, 122.082184
76158, 106, 149.21153
76159, 103, 29.349115
76160, 106, 147.99268
76161, 110, 104.03342
76162, 119, 78.408394
76163, 119, 135.13788
76164, 112, 111.44361
76165, 119, 136.97708
76166, 105, 31.119902
76167, 109, 108.013
76168, 105, 34.30644
76169, 111, 81.31713
76170, 103, 1.6547263
76171, 110, 4.274556
76172, 112, 134.50182
76173, 100, 12.355434
76174, 105, 19.788874
76175, 114, 95.88055
76176, 101, 147.92174
76177, 108, 10.3214
76178, 113, 42.372017
76179, 113, 62.42914
76180, 113, 138.26122
76181, 114, 132.1143
76182, 104, 3.783381
76183, 102, 61.0251
76184, 118, 1.0073394
76185, 117, 54.30843
76186, 112, 47.669514
76187, 118, 26.630133
76188, 103, 143.48409
76189, 111, 35.652298
76190, 115, 88.10742
76191, 117, 112.502945
76192, 114, 104.91095
76193, 118, 140.88954
76194, 119, 4.8695235
76195, 101, 139.46346
76196, 112, 76.60104
76197, 108, 47.013233
76198, 106, 19.866693
76199, 116, 15.993458
76200, 107, 9.319889
76201, 105, 60.16572
76202, 118, 61.065422
76203, 116, 123.37863
76204, 105, 110.79919
76205, 115, 19.931353
76206, 107, 57.852917
76207, 119, 66.12462
76208, 103, 65.747406
76209, 118, 52.413414
76210, 100, 80.09394
76211, 114, 13.052246
76212, 113, 81.19338
76213, 119, 108.97305
76214, 113, 80.41829
76215, 114, 73.28453
76216, 119, 144.26093
76217, 107, 96.37641
76218, 115, 129.75179
76219, 104, 21.75918
76220, 115, 142.65292
76221, 108, 119.163605
76222, 104, 30.654743
76223, 110, 147.3369
76224, 109, 10.56523
76225, 113, 107.3409
76226, 111, 82.79126
76227, 104, 82.77391
76228, 115, 128.56665
76229, 117, 68.210686
76230, 100, 101.0406
76231, 118, 6.0591726
76232, 102, 140.93527
76233, 118, 84.59384
76234, 114, 105.76018
76235, 101, 138.70345
76236, 114, 68.3902
76237, 115, 104.47037
76238, 116, 7.7456293
76239, 116, 78.60652
76240, 114, 82.162346
76241, 116, 90.406906
76242, 119, 118.913284
76243, 107, 18.176249
76244, 114, 3.7710786
76245, 102, 30.705606
76246, 108, 102.79027
76247, 105, 93.38856
76248, 104, 48.532543
76249, 115, 53.976864
76250, 113, 77.221085
76251, 105, 65.194046
76252, 106, 90.54055
76253, 114, 83.67235
76254, 119, 52.168377
76255, 108, 54.234062
76256, 107, 114.67598
76257, 114, 93.01265
76258, 108, 127.658615
76259, 100, 83.29859
76260, 119, 29.375544
76261, 102, 125.175766
76262, 114, 18.76326
76263, 119, 53.95932
76264, 105, 89.955345
76265, 108, 48.843616
76266, 117, 55.820595
76267, 106, 119.478516
76268, 104, 68.08538
76269, 101, 88.367905
76270, 102, 45.62975
76271, 114, 58.54786
76272, 105, 72.41739
76273, 101, 63.522633
76274, 105, 1.85
76275, 111, 76.366646
76276, 115, 116.205505
76277, 100, 83.95015
76278, 101, 143.08438
76279, 101, 97.13536
76280, 105, 124.84052
76281, 118, 17.449352
76282, 103, 146.7991
76283, 118, 32.686188
76284, 115, 144.21063
76285, 107, 121.3459
76286, 116, 65.107834
76287, 109, 109.56329
76288, 114, 92.89483
76289, 102, 11.520311
76290, 104, 39.26734
76291, 102, 106.65685
76292, 103, 127.72625
76293, 115, 25.463926
76294, 118, 73.890755
76295, 118, 96.263916
76296, 107, 111.06973
76297, 114, 59.814503
76298, 112, 118.03467
76299, 108, 34.517723
76300, 116, 105.47987
76301, 111, 121.680435
76302, 109, 106.30361
76303, 111, 53.631912
76304, 111, 70.40903
76305, 110, 96.90091
76306, 103, 141.29243
76307, 103, 56.191315
76308, 118, 93.20229
76309, 114, 21.918709
76310, 109, 101.66411
76311, 116, 138.29309
76312, 110, 60.901745
76313, 104, 75.03175
76314, 111, 108.39655
76315, 113, 52.448837
76316, 116, 78.28853
76317, 114, 136.5389
76318, 108, 54.37156
76319, 116, 19.33946
76320, 116, 25.045788
76321, 111, 135.09602
76322, 108, 143.80359
76323, 101, 120.97545
76324, 105, 47.34478
76325, 100, 104.58469
76326, 100, 68.80255
76327, 107, 146.42033
76328, 100, 4.945314
76329, 119, 49.27959
76330, 110, 97.118065
76331, 106, 115.30949
76332, 111, 63.771755
76333, 109, 147.97995
76334, 112, 120.19252
76335, 107, 53.405346
76336, 101, 33.718246
76337, 119, 107.857254
76338, 115, 85.42392
76339, 117, 121.116394
76340, 108, 110.47724
76341, 100, 98.33514
76342, 106, 123.605515
76343, 108, 10.25126
76344, 112, 41.074448
76345, 108, 104.841354
76346, 115, 102.079445
76347, 115, 133.70212
76348, 109, 70.26578
76349, 115, 26.518652
76350, 116, 138.09413
76351, 108, 39.161922
76352, 101, 46.829777
76353, 114, 36.479126
76354, 107, 4.6376286
76355, 107, 42.028355
76356, 116, 25.488916
76357, 108, 39.835766
76358, 109, 141.49234
76359, 116, 86.6177
76360, 119, 46.48902
76361, 112, 41.55138
76362, 109, 72.182144
76363, 114, 7.418543
76364, 116, 39.9334
76365, 111, 43.039665
76366, 100, 64.40372
76367, 105, 96.75205
76368, 117, 97.8044
76369, 116, 26.421833
76370, 111, 107.99431
76371, 114, 66.79238
76372, 107, 58.18085
76373, 109, 93.89064
76374, 109, 84.166466
76375, 117, 58.28543
76376, 109, 134.69334
76377, 107, 136.00381
76378, 118, 137.45752
76379, 114, 82.34078
76380, 110, 118.79224
76381, 103, 74.2105
76382, 116, 63.94084
76383, 106, 48.246403
76384, 106, 13.86146
76385, 114, 100.6158
76386, 106, 129.46855
76387, 116, 41.765785
76388, 110, 26.782804
76389, 117, 85.58907
76390, 116, 18.255768
76391, 108, 103.924095
76392, 109, 57.971577
76393, 108, 72.94753
76394, 113, 131.96341
76395, 103, 101.97183
76396, 112, 134.76668
76397, 114, 37.081684
76398, 104, 147.68208
76399, 103, 127.72061
76400, 104, 146.31343
76401, 109, 124.19008
76402, 110, 31.46729
76403, 113, 133.35788
76404, 103, 62.955513
76405, 101, 147.71487
76406, 118, 128.64484
76407, 111, 133.95541
76408, 111, 110.13689
76409, 110, 77.66025
76410, 109, 137.08075
76411, 101, 30.577343
76412, 104, 49.634724
76413, 109, 96.675026
76414, 113, 86.25625
76415, 108, 25.144753
76416, 108, 123.93412
76417, 113, 97.35032
76418, 100, 143.8656
76419, 104, 90.234856
76420, 103, 134.36696
76421, 117, 68.325386
76422, 109, 118.09019
76423, 118, 65.378136
76424, 109, 10.284617
76425, 110, 138.69453
76426, 119, 145.58904
76427, 114, 109.22463
76428, 103, 128.97624
76429, 103, 40.747147
76430, 112, 146.72987
76431, 105, 84.77071
76432, 117, 101.02426
76433, 103, 93.77085
76434, 110, 53.09438
76435, 100, 58.82492
76436, 110, 32.864883
76437, 112, 41.02005
76438, 107, 130.9126
76439, 104, 5.1704764
76440, 115, 87.513054
76441, 111, 113.04663
76442, 105, 116.45206
76443, 113, 133.22897
76444, 108, 115.38242
76445, 110, 138.53668
76446, 117, 130.81769
76447, 101, 111.80471
76448, 111, 42.919575
76449, 114, 90.29504
76450, 104, 101.50129
76451, 119, 38.949715
76452, 105, 1.541546
76453, 109, 52.59094
76454, 119, 16.392508
76455, 100, 91.00023
76456, 101, 7.6126456
76457, 115, 70.79768
76458, 109, 76.43711
76459, 101, 78.44582
76460, 109, 37.956326
76461, 104, 93.56096
76462, 103, 91.028625
76463, 113, 60.59525
76464, 106, 143.67882
76465, 106, 93.331924
76466, 110, 20.101055
76467, 119, 59.02572
76468, 113, 7.3512464
76469, 113, 14.28355
76470, 115, 19.608307
76471, 110, 136.64493
76472, 115, 74.52819
76473, 100, 142.40349
76474, 108, 27.770618
76475, 111, 14.55262
76476, 108, 110.66855
76477, 111, 73.324554
76478, 113, 98.256615
76479, 119, 48.730766
76480, 119, 123.07304
76481, 100, 15.267491
76482, 106, 105.536514
76483, 119, 23.599478
76484, 101, 48.69082
76485, 112, 15.642071
76486, 112, 111.745865
76487, 106, 119.18147
76488, 107, 33.274017
76489, 105, 0.955081
76490, 108, 29.225529
76491, 111, 84.78673
76492, 115, 82.56756
76493, 111, 102.5656
76494, 115, 55.510372
76495, 113, 54.49308
76496, 111, 107.37992
76497, 109, 109.23548
76498, 108, 78.322
76499, 102, 94.6217
76500, 100, 13.164809
76501, 106, 119.07737
76502, 108, 95.435104
76503, 100, 87.214066
76504, 117, 129.55183
76505, 104, 122.71592
76506, 111, 131.51318
76507, 111, 51.63838
76508, 117, 57.22384
76509, 100, 57.617203
76510, 116, 34.396004
76511, 103, 58.430206
76512, 100, 103.21451
76513, 119, 118.69818
76514, 103, 49.747906
76515, 102, 105.33933
76516, 113, 87.26594
76517, 105, 100.71689
76518, 118, 87.66118
76519, 104, 126.309555
76520, 106, 132.82536
76521, 114, 55.42313
76522, 108, 28.32799
76523, 104, 122.16684
76524, 110, 21.173447
76525, 108, 1.7808348
76526, 114, 54.914974
76527, 108, 81.55918
76528, 118, 78.67809
76529, 102, 20.625813
76530, 105, 88.5064
76531, 119, 144.98987
76532, 100, 149.76189
76533, 119, 108.20699
76534, 104, 11.015958
76535, 114, 96.830086
76536, 108, 134.02641
76537, 110, 146.26735
76538, 105, 43.485153
76539, 107, 2.55872
76540, 116, 7.0446877
76541, 113, 98.03195
76542, 116, 93.72101
76543, 114, 116.57609
76544, 107, 47.16073
76545, 102, 87.38485
76546, 109, 42.499332
76547, 105, 1.8878013
76548, 108, 31.561821
76549, 111, 97.99835
76550, 117, 118.887955
76551, 100, 131.61563
76552, 117, 37.87069
76553, 113, 85.59211
76554, 116, 98.99835
76555, 102, 82.40807
76556, 108, 60.9835
76557, 116, 40.976517
76558, 115, 80.07805
76559, 109, 89.05075
76560, 117, 17.769215
76561, 115, 102.25508
76562, 117, 36.45932
76563, 109, 126.93861
76564, 101, 47.95751
76565, 111, 33.560585
76566, 109, 25.100416
76567, 102, 45.877422
76568, 106, 144.69171
76569, 113, 47.02752
76570, 108, 28.038767
76571, 111, 68.870636
76572, 109, 116.964165
76573, 104, 91.83407
76574, 101, 88.42247
76575, 103, 79.957275
76576, 104, 101.48596
76577, 101, 80.6882
76578, 111, 84.56485
76579, 113, 107.44843
76580, 110, 131.13062
76581, 111, 54.914074
76582, 111, 72.7846
76583, 106, 9.0121155
76584, 114, 20.709068
76585, 108, 74.30808
76586, 113, 26.760685
76587, 101, 34.269638
76588, 106, 115.78028
76589, 107, 108.793175
76590, 116, 62.533325
76591, 108, 101.53456
76592, 119, 147.17723
76593, 104, 17.120388
76594, 108, 0.59877634
76595, 114, 36.51764
76596, 105, 120.66151
76597, 103, 79.356415
76598, 118, 81.93597
76599, 103, 78.38651
76600, 113, 111.18899
76601, 115, 99.78886
76602, 107, 124.644646
76603, 111, 65.48383
76604, 109, 141.94673
76605, 112, 116.12205
76606, 119, 131.3811
76607, 106, 43.7457
76608, 117, 55.545937
76609, 103, 38.957672
76610, 111, 126.74122
76611, 117, 46.0851
76612, 108, 70.85312
76613, 100, 100.967026
76614, 104, 62.782993
76615, 113, 133.4423
76616, 109, 126.97003
76617, 101, 101.828865
76618, 109, 81.601746
76619, 119, 51.505806
76620, 108, 17.050446
76621, 115, 138.3856
76622, 101, 125.80412
76623, 115, 116.13447
76624, 119, 131.15575
76625, 104, 23.5587
76626, 104, 78.06755
76627, 104, 39.270313
76628, 104, 65.86385
76629, 105, 142.62492
76630, 109, 77.85852
76631, 106, 93.14933
76632, 102, 51.06656
76633, 103, 36.125816
76634, 112, 126.4082
76635, 114, 78.86887
76636, 104, 105.97142
76637, 110, 34.02619
76638, 110, 51.073444
76639, 116, 74.96482
76640, 106, 81.05481
76641, 111, 101.24709
76642, 109, 138.82239
76643, 102, 55.78839
76644, 104, 56.016586
76645, 103, 26.836708
76646, 107, 129.12704
76647, 115, 46.455307
76648, 101, 50.074993
76649, 105, 24.442533
76650, 106, 109.83087
76651, 117, 5.842209
76652, 105, 48.409866
76653, 100, 146.2289
76654, 107, 79.900566
76655, 103, 41.68247
76656, 108, 53.644554
76657, 115, 78.41122
76658, 110, 108.31397
76659, 107, 138.10371
76660, 116, 46.727676
76661, 116, 110.59165
76662, 112, 17.998453
76663, 107, 114.911125
76664, 108, 82.46031
76665, 114, 32.305607
76666, 105, 25.07648
76667, 102, 127.93511
76668, 109, 148.00775
76669, 113, 44.722126
76670, 116, 11.337617
76671, 117, 34.59491
76672, 115, 141.8282
76673, 110, 128.30829
76674, 114, 49.88079
76675, 117, 87.367226
76676, 102, 118.67213
76677, 106, 48.202156
76678, 118, 26.455343
76679, 108, 57.716785
76680, 117, 17.349968
76681, 105, 48.625748
76682, 104, 101.76967
76683, 106, 24.701061
76684, 108, 5.695814
76685, 112, 119.599174
76686, 119, 91.61775
76687, 112, 110.565155
76688, 115, 27.384478
76689, 118, 55.54839
76690, 118, 35.88733
76691, 115, 108.67367
76692, 117, 7.556811
76693, 101, 34.784298
76694, 108, 109.33309
76695, 109, 97.5976
76696, 104, 15.573997
76697, 103, 33.363693
76698, 118, 149.6522
76699, 117, 46.62246
76700, 114, 107.502785
76701, 118, 3.9535224
76702, 102, 88.31494
76703, 114, 26.266247
76704, 105, 0.72246194
76705, 108, 95.413155
76706, 111, 35.690063
76707, 105, 128.71672
76708, 103, 6.035623
76709, 103, 92.15034
76710, 111, 123.26266
76711, 114, 141.94676
76712, 110, 51.582474
76713, 110, 34.322227
76714, 106, 68.582344
76715, 108, 37.89645
76716, 109, 118.58373
76717, 107, 135.7713
76718, 103, 5.9509635
76719, 103, 74.03718
76720, 102, 135.88698
76721, 108, 140.1868
76722, 119, 21.369223
76723, 103, 26.695168
76724, 101, 127.89559
76725, 105, 40.057083
76726, 119, 105.75013
76727, 104, 34.583035
76728, 114, 39.24967
76729, 117, 103.1466
76730, 118, 111.25123
76731, 111, 18.784243
76732, 104, 9.681264
76733, 109, 77.66352
76734, 115, 74.54846
76735, 104, 95.37525
76736, 110, 131.46706
76737, 115, 110.5611
76738, 109, 59.35262
76739, 103, 114.787254
76740, 110, 145.52066
76741, 112, 104.934456
76742, 117, 26.358335
76743, 100, 17.160898
76744, 113, 133.11035
76745, 117, 129.964
76746, 105, 46.60492
76747, 115, 86.3158
76748, 119, 121.1921
76749, 118, 125.494934
76750, 107, 140.18275
76751, 103, 62.624733
76752, 109, 51.656673
76753, 104, 40.13222
76754, 117, 75.99114
76755, 118, 113.36601
76756, 118, 147.24757
76757, 107, 75.7747
76758, 115, 82.35789
76759, 102, 141.14932
76760, 115, 88.72856
76761, 110, 26.838648
76762, 117, 10.399139
76763, 113, 73.71537
76764, 115, 124.307594
76765, 112, 143.47575
76766, 102, 42.097164
76767, 118, 40.35133
76768, 105, 104.986084
76769, 110, 55.390663
76770, 108, 96.052444
76771, 104, 36.745377
76772, 104, 22.897009
76773, 111, 2.5453806
76774, 118, 132.40889
76775, 104, 131.13751
76776, 106, 86.50401
76777, 110, 49.898483
76778, 113, 111.07551
76779, 111, 147.40091
76780, 117, 134.60542
76781, 111, 37.486946
76782, 102, 44.251354
76783, 109, 49.734386
76784, 113, 47.606422
76785, 112, 110.26752
76786, 112, 30.027653
76787, 115, 132.70357
76788, 101, 106.02529
76789, 116, 80.7081
76790, 101, 39.084953
76791, 103, 44.211395
76792, 110, 8.932882
76793, 113, 84.38538
76794, 117, 31.306644
76795, 118, 13.1792755
76796, 102, 82.70345
76797, 106, 103.33095
76798, 111, 113.393295
76799, 110, 3.922534
76800, 118, 81.89807
76801, 107, 80.522606
76802, 114, 48.433685
76803, 105, 36.60502
76804, 112, 132.25253
76805, 110, 56.87578
76806, 104, 86.28579
76807, 111, 107.073425
76808, 119, 68.695045
76809, 106, 54.71296
76810, 105, 149.3985
76811, 116, 144.02428
76812, 102, 12.701252
76813, 107, 33.1135
76814, 107, 107.398315
76815, 115, 15.958187
76816, 118, 142.25818
76817, 114, 132.6143
76818, 118, 111.801216
76819, 116, 60.412235
76820, 108, 70.175735
76821, 112, 28.395536
76822, 115, 148.00624
76823, 102, 21.228228
76824, 109, 132.87753
76825, 110, 76.22623
76826, 103, 119.48289
76827, 107, 131.47694
76828, 105, 47.359856
76829, 103, 28.106234
76830, 107, 101.45584
76831, 105, 137.88774
76832, 113, 61.00654
76833, 117, 70.7024
76834, 117, 34.108517
76835, 102, 18.352613
76836, 116, 21.080776
76837, 110, 137.43312
76838, 107, 34.42889
76839, 110, 4.1086345
76840, 110, 8.788464
76841, 104, 34.329502
76842, 107, 79.85722
76843, 115, 66.73329
76844, 118, 135.15625
76845, 114, 91.69821
76846, 118, 2.0744562
76847, 113, 59.946735
76848, 113, 59.379055
76849, 102, 48.491158
76850, 113, 146.2291
76851, 110, 32.15215
76852, 103, 142.06339
76853, 104, 40.159634
76854, 106, 50.43785
76855, 113, 57.321487
76856, 110, 118.16862
76857, 118, 135.949
76858, 100, 74.520004
76859, 116, 120.16271
76860, 102, 115.916595
76861, 101, 2.8445096
76862, 112, 0.8603543
76863, 105, 132.01355
76864, 109, 13.247368
76865, 106, 39.867836
76866, 109, 34.763958
76867, 100, 31.450733
76868, 100, 139.04462
76869, 109, 146.65804
76870, 111, 115.45794
76871, 106, 34.08797
76872, 106, 93.93226
76873, 101, 28.53131
76874, 111, 89.482414
76875, 119, 11.388829
76876, 119, 67.60536
76877, 116, 97.65414
76878, 102, 64.931496
