30224, 115, 42.924873
30225, 114, 1.8988788
30226, 110, 142.8387
30227, 112, 98.98727
30228, 105, 60.227047
30229, 103, 42.125523
30230, 111, 131.24223
30231, 115, 62.917675
30232, 115, 16.577812
30233, 103, 80.244606
30234, 102, 136.8251
30235, 119, 102.58895
30236, 119, 132.06221
30237, 115, 149.72087
30238, 119, 90.555984
30239, 119, 21.953335
30240, 117, 25.31281
30241, 110, 66.41404
30242, 114, 59.050224
30243, 118, 54.567127
30244, 104, 105.9786
30245, 106, 146.8797
30246, 116, 129.17688
30247, 117, 92.84504
30248, 107, 28.693844
30249, 114, 108.1009
30250, 100, 79.13149
30251, 109, 134.34785
30252, 106, 66.49833
30253, 108, 67.32132
30254, 115, 124.82086
30255, 110, 67.71147
30256, 107, 25.034443
30257, 101, 148.3193
30258, 116, 126.66299
30259, 110, 98.533615
30260, 117, 98.67144
30261, 100, 70.658005
30262, 102, 121.49693
30263, 111, 87.45507
30264, 110, 76.27081
30265, 107, 31.273726
30266, 116, 53.418232
30267, 110, 94.59291
30268, 108, 69.26753
30269, 101, 22.283722
30270, 100, 125.15798
30271, 100, 112.01929
30272, 105, 147.96335
30273, 103, 84.50498
30274, 103, 79.46865
30275, 100, 21.521313
30276, 118, 120.230965
30277, 106, 136.55719
30278, 110, 15.044305
30279, 112, 148.38268
30280, 106, 26.375252
30281, 101, 4.092166
30282, 109, 31.488651
30283, 115, 17.383163
30284, 109, 51.099167
30285, 116, 26.083078
30286, 106, 134.40884
30287, 109, 5.120185
30288, 102, 131.06126
30289, 101, 130.33696
30290, 105, 30.229399
30291, 101, 13.677013
30292, 106, 106.096146
30293, 115, 136.16043
30294, 115, 80.03266
30295, 111, 49.318108
30296, 108, 77.54346
30297, 112, 82.300186
30298, 115, 83.55429
30299, 119, 54.52939
30300, 113, 19.789732
30301, 104, 72.2928
30302, 113, 100.53494
30303, 113, 102.3112
30304, 100, 142.81204
30305, 100, 75.0495
30306, 107, 53.149776
30307, 105, 98.64894
30308, 114, 37.5713
30309, 104, 116.637474
30310, 105, 128.77145
30311, 114, 8.689499
30312, 106, 135.85886
30313, 113, 69.34261
30314, 100, 14.641365
30315, 118, 95.44031
30316, 117, 70.10246
30317, 100, 143.46465
30318, 116, 141.486
30319, 106, 37.53871
30320, 118, 115.20214
30321, 113, 40.79486
30322, 108, 110.07114
30323, 104, 36.725887
30324, 114, 130.25638
30325, 107, 136.6324
30326, 114, 93.467384
30327, 103, 92.54305
30328, 104, 76.48848
30329, 117, 79.666275
30330, 102, 72.53285
30331, 105, 97.7471
30332, 105, 66.07709
30333, 112, 140.90898
30334, 101, 77.96473
30335, 100, 41.541336
30336, 106, 128.6452
30337, 104, 146.17
30338, 117, 103.21551
30339, 117, 99.08215
30340, 109, 54.52737
30341, 103, 113.47863
30342, 112, 69.133514
30343, 104, 117.01236
30344, 118, 90.78263
30345, 103, 22.18498
30346, 103, 104.80102
30347, 106, 45.57366
30348, 103, 129.73965
30349, 106, 42.319153
30350, 111, 147.01183
30351, 115, 35.934593
30352, 103, 87.253136
30353, 109, 125.77451
30354, 117, 123.70261
30355, 112, 35.12028
30356, 106, 17.460913
30357, 105, 11.743167
30358, 119, 130.45665
30359, 100, 26.189608
30360, 113, 68.7359
30361, 113, 76.27427
30362, 117, 127.66276
30363, 118, 140.61313
30364, 118, 9.3251915
30365, 111, 52.156563
30366, 103, 147.16075
30367, 112, 53.837032
30368, 109, 54.326714
30369, 106, 22.23402
30370, 102, 96.75536
30371, 117, 113.16219
30372, 105, 114.578255
30373, 114, 47.23757
30374, 106, 14.716566
30375, 107, 21.41972
30376, 117, 94.94776
30377, 114, 120.914734
30378, 103, 18.863333
30379, 112, 18.685038
30380, 108, 103.67302
30381, 105, 25.715286
30382, 109, 61.620506
30383, 119, 130.18295
30384, 105, 146.8652
30385, 111, 105.1578
30386, 102, 72.24952
30387, 100, 101.033005
30388, 114, 103.23022
30389, 102, 54.870487
30390, 117, 80.61732
30391, 117, 30.268738
30392, 103, 8.374187
30393, 103, 37.858326
30394, 118, 101.4651
30395, 119, 71.631744
30396, 104, 12.879342
30397, 106, 118.399635
30398, 109, 89.75852
30399, 116, 101.24042
30400, 110, 75.00152
30401, 101, 92.712746
30402, 117, 134.14807
30403, 100, 55.08571
30404, 119, 20.634573
30405, 113, 64.213455
30406, 110, 121.25867
30407, 100, 25.229286
30408, 118, 76.275444
30409, 105, 55.518623
30410, 116, 132.76248
30411, 110, 37.09959
30412, 112, 74.54628
30413, 108, 12.768951
30414, 104, 77.48773
30415, 114, 67.18537
30416, 115, 17.878801
30417, 119, 54.154114
30418, 107, 140.59767
30419, 100, 96.61012
30420, 118, 79.77036
30421, 101, 7.47014
30422, 112, 73.360176
30423, 100, 72.79121
30424, 114, 9.975206
30425, 116, 85.767715
30426, 111, 129.83508
30427, 114, 41.278847
30428, 115, 70.83338
30429, 114, 26.58576
30430, 117, 58.256237
30431, 104, 100.55129
30432, 106, 130.8106
30433, 116, 12.108135
30434, 111, 85.15855
30435, 110, 95.0987
30436, 113, 42.364456
30437, 103, 107.59908
30438, 100, 20.864233
30439, 104, 51.408257
30440, 107, 121.14537
30441, 100, 5.0659685
30442, 104, 101.76059
30443, 117, 52.6203
30444, 114, 89.42862
30445, 115, 22.933996
30446, 116, 101.81435
30447, 107, 99.022156
30448, 116, 74.998955
30449, 105, 118.85032
30450, 100, 119.211914
30451, 107, 80.78661
30452, 113, 25.48727
30453, 113, 33.924606
30454, 117, 8.611429
30455, 109, 126.500755
30456, 103, 103.92213
30457, 102, 43.687355
30458, 118, 88.83495
30459, 119, 126.68171
30460, 119, 10.081413
30461, 115, 38.104275
30462, 117, 87.89129
30463, 115, 8.907723
30464, 106, 112.06441
30465, 114, 32.747295
30466, 100, 60.403885
30467, 105, 109.40523
30468, 106, 72.24289
30469, 105, 37.435688
30470, 114, 138.72635
30471, 116, 54.539215
30472, 100, 82.348854
30473, 100, 95.19165
30474, 113, 11.699957
30475, 102, 43.320786
30476, 104, 100.3114
30477, 115, 93.6586
30478, 116, 73.48729
30479, 107, 82.97863
30480, 110, 56.765617
30481, 106, 136.65219
30482, 100, 39.46327
30483, 107, 84.21564
30484, 116, 61.197327
30485, 108, 45.917255
30486, 106, 40.219288
30487, 102, 32.325428
30488, 106, 103.76913
30489, 105, 23.229683
30490, 108, 124.60822
30491, 119, 148.72473
30492, 115, 85.59239
30493, 116, 90.12924
30494, 115, 82.69771
30495, 103, 1.761514
30496, 103, 93.46971
30497, 114, 139.51244
30498, 100, 13.059944
30499, 102, 21.685043
30500, 104, 139.10957
30501, 104, 23.486952
30502, 113, 51.61827
30503, 103, 73.83692
30504, 119, 20.467945
30505, 108, 26.18367
30506, 103, 122.71546
30507, 110, 147.6206
30508, 106, 4.235029
30509, 104, 132.07925
30510, 103, 34.847145
30511, 118, 116.47011
30512, 116, 138.59244
30513, 113, 55.62763
30514, 108, 85.45498
30515, 110, 127.21925
30516, 119, 32.2287
30517, 108, 101.12129
30518, 107, 50.13509
30519, 107, 131.99196
30520, 111, 143.69453
30521, 113, 57.20135
30522, 107, 71.41654
30523, 118, 33.599434
30524, 106, 67.33016
30525, 116, 56.499554
30526, 103, 22.163576
30527, 114, 64.37875
30528, 109, 46.354294
30529, 115, 18.683348
30530, 103, 139.23033
30531, 108, 22.396553
30532, 112, 67.55069
30533, 118, 127.77308
30534, 101, 32.012657
30535, 102, 128.9073
30536, 115, 92.33613
30537, 108, 9.688425
30538, 108, 48.566784
30539, 105, 26.606655
30540, 104, 5.8637915
30541, 100, 59.53896
30542, 107, 19.328678
30543, 110, 129.80467
30544, 107, 46.234203
30545, 112, 136.40277
30546, 102, 93.33568
30547, 107, 143.65054
30548, 102, 128.41945
30549, 108, 57.226646
30550, 105, 54.37688
30551, 119, 149.8056
30552, 101, 6.370005
30553, 113, 134.79219
30554, 102, 18.299944
30555, 110, 93.9612
30556, 113, 5.678397
30557, 101, 123.37468
30558, 115, 108.58336
30559, 100, 120.50203
30560, 110, 29.944128
30561, 109, 68.62864
30562, 108, 51.820744
30563, 107, 109.13789
30564, 112, 49.551468
30565, 107, 23.952833
30566, 102, 121.476944
30567, 102, 2.9040723
30568, 117, 143.28714
30569, 106, 132.78993
30570, 114, 109.65178
30571, 101, 7.967761
30572, 109, 46.96089
30573, 104, 128.73694
30574, 107, 126.45855
30575, 100, 2.7333407
30576, 104, 32.38873
30577, 115, 24.746641
30578, 108, 22.340763
30579, 106, 12.254593
30580, 100, 99.34626
30581, 104, 84.90897
30582, 113, 121.5595
30583, 105, 56.36267
30584, 113, 142.06288
30585, 100, 112.67489
30586, 112, 26.102499
30587, 116, 108.84744
30588, 107, 53.00383
30589, 114, 136.39613
30590, 114, 94.806305
30591, 107, 16.265434
30592, 113, 32.406548
30593, 109, 111.96924
30594, 109, 90.8702
30595, 110, 99.62462
30596, 118, 78.338295
30597, 101, 43.08377
30598, 100, 46.222115
30599, 119, 121.91731
30600, 118, 15.734124
30601, 116, 69.32863
30602, 110, 120.32709
30603, 117, 3.1062663
30604, 112, 76.445915
30605, 111, 43.17618
30606, 116, 84.70709
30607, 113, 6.0449033
30608, 118, 149.99489
30609, 116, 81.03076
30610, 107, 0.5159229
30611, 118, 140.41457
30612, 105, 68.83574
30613, 104, 26.505527
30614, 110, 103.59847
30615, 100, 24.38263
30616, 104, 28.186602
30617, 100, 100.74087
30618, 118, 94.262794
30619, 104, 52.064575
30620, 101, 121.23289
30621, 106, 44.47225
30622, 103, 106.33392
30623, 116, 120.38091
30624, 119, 61.31807
30625, 117, 108.84657
30626, 116, 130.90134
30627, 115, 147.98865
30628, 103, 140.38892
30629, 111, 120.17811
30630, 118, 71.542946
30631, 108, 32.400978
30632, 106, 31.54984
30633, 102, 55.98322
30634, 109, 47.055744
30635, 117, 123.53195
30636, 110, 93.57345
30637, 104, 128.78145
30638, 113, 40.134655
30639, 101, 14.03119
30640, 111, 3.0201406
30641, 112, 65.38592
30642, 100, 133.72568
30643, 102, 3.7253737
30644, 115, 4.8246055
30645, 118, 128.36697
30646, 117, 78.7008
30647, 117, 58.333916
30648, 106, 99.018616
30649, 105, 35.119503
30650, 113, 142.51396
30651, 108, 82.52595
30652, 118, 43.9444
30653, 117, 107.15336
30654, 119, 94.462395
30655, 117, 133.2798
30656, 112, 40.639748
30657, 100, 77.40969
30658, 110, 14.8681555
30659, 103, 7.2252364
30660, 111, 112.74372
30661, 105, 2.6181936
30662, 118, 23.775503
30663, 108, 133.80342
30664, 112, 148.02196
30665, 110, 86.40085
30666, 118, 38.918694
30667, 104, 73.20447
30668, 103, 96.32029
30669, 117, 0.8627683
30670, 101, 32.875443
30671, 114, 60.604862
30672, 103, 107.07111
30673, 117, 36.937504
30674, 111, 110.86175
30675, 112, 74.78194
30676, 118, 110.99946
30677, 109, 107.33877
30678, 119, 115.48114
30679, 105, 96.12724
30680, 104, 0.37977397
30681, 100, 60.752804
30682, 115, 124.74601
30683, 104, 75.19328
30684, 118, 115.82476
30685, 102, 75.42175
30686, 116, 5.6242614
30687, 104, 7.7556343
30688, 100, 82.173584
30689, 109, 14.68353
30690, 119, 84.61238
30691, 112, 123.38528
30692, 117, 9.240496
30693, 117, 20.007912
30694, 111, 144.6868
30695, 102, 37.65858
30696, 117, 74.67845
30697, 107, 106.04962
30698, 115, 115.72752
30699, 119, 142.44246
30700, 105, 119.44325
30701, 103, 136.94995
30702, 117, 39.235756
30703, 117, 102.98076
30704, 102, 114.08366
30705, 106, 99.8302
30706, 108, 50.16894
30707, 106, 66.98704
30708, 112, 27.870136
30709, 100, 47.50799
30710, 115, 4.000792
30711, 109, 147.2517
30712, 114, 28.460812
30713, 100, 148.4587
30714, 118, 48.84128
30715, 118, 137.16776
30716, 110, 115.195435
30717, 109, 21.864706
30718, 102, 69.54843
30719, 113, 132.24583
30720, 101, 51.229782
30721, 118, 16.917185
30722, 104, 99.401566
30723, 119, 98.62268
30724, 114, 80.330444
30725, 117, 91.392654
30726, 106, 18.583176
30727, 113, 16.65414
30728, 115, 3.0781388
30729, 119, 134.43884
30730, 111, 134.37755
30731, 106, 149.95062
30732, 114, 62.32851
30733, 104, 13.911814
30734, 101, 146.35399
30735, 119, 76.43226
30736, 118, 109.6429
30737, 118, 143.25749
30738, 110, 119.87561
30739, 110, 93.00785
30740, 104, 7.48609
30741, 111, 139.25742
30742, 107, 137.7404
30743, 109, 42.0094
30744, 114, 75.81003
30745, 112, 104.00824
30746, 115, 127.983475
30747, 114, 147.78767
30748, 110, 146.3337
30749, 101, 65.72549
30750, 115, 19.75041
30751, 119, 145.62999
30752, 110, 118.16875
30753, 118, 106.24465
30754, 115, 123.680244
30755, 109, 96.268
30756, 115, 120.61826
30757, 103, 27.928188
30758, 118, 122.742355
30759, 107, 119.392715
30760, 117, 103.14137
30761, 103, 90.82456
30762, 111, 133.6496
30763, 117, 32.693176
30764, 112, 96.636826
30765, 119, 52.96617
30766, 116, 0.83639324
30767, 115, 91.42775
30768, 114, 54.669277
30769, 109, 110.159996
30770, 119, 130.91316
30771, 102, 125.5911
30772, 115, 130.004
30773, 117, 103.47725
30774, 110, 70.51706
30775, 112, 23.548668
30776, 111, 46.1584
30777, 112, 20.711018
30778, 113, 7.6919227
30779, 111, 10.217786
30780, 115, 134.26678
30781, 106, 110.92453
30782, 110, 20.298449
30783, 107, 89.78422
30784, 107, 111.17754
30785, 109, 121.25619
30786, 106, 108.211426
30787, 117, 85.24235
30788, 119, 62.370487
30789, 119, 29.44986
30790, 116, 146.67717
30791, 109, 40.554016
30792, 101, 33.671585
30793, 107, 36.906723
30794, 112, 116.31792
30795, 113, 54.090313
30796, 108, 17.589739
30797, 103, 55.606728
30798, 115, 38.49575
30799, 116, 65.239334
30800, 103, 92.31513
30801, 104, 61.070824
30802, 112, 145.28139
30803, 108, 116.01562
30804, 103, 17.614067
30805, 115, 59.09586
30806, 113, 44.37394
30807, 118, 59.36857
30808, 103, 79.55838
30809, 119, 85.99592
30810, 116, 51.535534
30811, 115, 115.95315
30812, 106, 45.377174
30813, 109, 41.501274
30814, 100, 78.60312
30815, 118, 20.553982
30816, 104, 102.9036
30817, 117, 45.1923
30818, 115, 52.52434
30819, 112, 82.77851
30820, 116, 114.31573
30821, 110, 138.77753
30822, 108, 54.126987
30823, 110, 57.772236
30824, 106, 144.07817
30825, 108, 17.90522
30826, 106, 74.039116
30827, 118, 57.32029
30828, 101, 137.81192
30829, 115, 84.648575
30830, 104, 24.060568
30831, 114, 20.602343
30832, 119, 56.72231
30833, 112, 118.91143
30834, 117, 119.114876
30835, 103, 146.55498
30836, 108, 122.90891
30837, 105, 111.88597
30838, 117, 38.630863
30839, 102, 70.32117
30840, 119, 70.10896
30841, 107, 148.84418
30842, 109, 58.253735
30843, 116, 105.80439
30844, 107, 68.54824
30845, 104, 59.183792
30846, 108, 34.416996
30847, 107, 146.71556
30848, 113, 76.55371
30849, 113, 19.145493
30850, 114, 78.85537
30851, 102, 121.644775
30852, 117, 33.025925
30853, 102, 19.23962
30854, 103, 112.1525
30855, 106, 110.96268
30856, 118, 105.09275
30857, 105, 90.55433
30858, 116, 95.69924
30859, 115, 38.96799
30860, 114, 102.958664
30861, 119, 107.336494
30862, 114, 45.285343
30863, 105, 36.439903
30864, 109, 113.67744
30865, 113, 82.65851
30866, 105, 75.92573
30867, 116, 68.88666
30868, 106, 129.22801
30869, 104, 105.934586
30870, 114, 84.40628
30871, 104, 24.171915
30872, 114, 46.09388
30873, 113, 98.879974
30874, 105, 85.198364
30875, 112, 44.875557
30876, 103, 49.197166
30877, 111, 97.37069
30878, 113, 51.196156
30879, 108, 102.69147
30880, 115, 49.086212
30881, 115, 96.9895
30882, 118, 7.721472
30883, 112, 4.932341
30884, 112, 124.12736
30885, 106, 104.132286
30886, 113, 24.50553
30887, 115, 51.026516
30888, 116, 91.75663
30889, 117, 60.73985
30890, 116, 115.98918
30891, 107, 32.77654
30892, 111, 91.44837
30893, 117, 61.95629
30894, 116, 74.29088
30895, 114, 32.505566
30896, 103, 55.053745
30897, 112, 31.599829
30898, 116, 134.65982
30899, 108, 118.50863
30900, 113, 50.172543
30901, 117, 136.5325
30902, 110, 56.90021
30903, 112, 74.11178
30904, 114, 72.94129
30905, 107, 44.704834
30906, 107, 0.97355247
30907, 107, 124.75368
30908, 110, 57.66932
30909, 107, 45.828526
30910, 107, 80.65629
30911, 102, 116.06526
30912, 110, 32.031708
30913, 108, 90.62834
30914, 105, 78.42039
30915, 101, 103.16126
30916, 106, 52.20428
30917, 106, 45.355804
30918, 104, 29.535744
30919, 118, 15.245596
30920, 111, 10.134825
30921, 116, 102.10528
30922, 108, 83.72257
30923, 117, 76.73172
30924, 110, 96.82385
30925, 100, 121.88821
30926, 109, 102.0209
30927, 102, 82.813515
30928, 102, 13.137754
30929, 112, 18.439928
30930, 116, 26.580593
30931, 117, 64.884575
30932, 107, 42.980755
30933, 115, 131.01584
30934, 104, 66.98429
30935, 108, 136.24551
30936, 109, 15.953225
30937, 119, 4.6080084
30938, 114, 77.40129
30939, 116, 103.57775
30940, 117, 130.21268
30941, 113, 108.20845
30942, 104, 148.82013
30943, 101, 14.518091
30944, 109, 45.20317
30945, 109, 124.16786
30946, 118, 141.44693
30947, 117, 74.44698
30948, 105, 114.32405
30949, 116, 70.42602
30950, 116, 46.861088
30951, 111, 136.14247
30952, 114, 146.98949
30953, 106, 92.429054
30954, 116, 53.833294
30955, 106, 136.76445
30956, 112, 112.42851
30957, 102, 61.224014
30958, 107, 59.476448
30959, 115, 41.912968
30960, 116, 70.83421
30961, 106, 59.84807
30962, 107, 5.7989717
30963, 118, 130.92934
30964, 112, 127.71746
30965, 112, 61.09905
30966, 102, 69.952065
30967, 106, 40.797176
30968, 109, 5.278775
30969, 109, 11.318591
30970, 111, 44.915646
30971, 102, 42.520863
30972, 100, 9.683293
30973, 115, 95.92682
30974, 101, 121.94744
30975, 115, 83.59882
30976, 117, 129.0619
30977, 108, 54.266373
30978, 102, 147.54018
30979, 113, 92.59596
30980, 117, 55.285023
30981, 101, 41.85401
30982, 116, 106.157
30983, 107, 120.868385
30984, 104, 108.482376
30985, 115, 110.74969
30986, 119, 129.62491
30987, 112, 113.09145
30988, 106, 110.00007
30989, 106, 24.68809
30990, 102, 34.037445
30991, 102, 44.916363
30992, 107, 70.44738
30993, 110, 103.494896
30994, 106, 102.174515
30995, 112, 133.58347
30996, 104, 113.897514
30997, 108, 37.88951
30998, 107, 103.83755
30999, 101, 5.613184
31000, 106, 87.47113
31001, 108, 98.27885
31002, 110, 52.064278
31003, 102, 66.03342
31004, 101, 16.527431
31005, 114, 13.793385
31006, 113, 28.026814
31007, 106, 21.185892
31008, 102, 14.8090925
31009, 103, 97.20051
31010, 112, 37.687843
31011, 117, 121.12978
31012, 113, 38.462055
31013, 117, 138.99736
31014, 107, 78.98799
31015, 117, 142.07436
31016, 107, 59.711193
31017, 105, 98.15119
31018, 101, 118.49713
31019, 117, 41.4386
31020, 119, 70.21889
31021, 113, 118.64543
31022, 118, 142.60591
31023, 102, 62.09802
31024, 110, 147.87207
31025, 105, 63.53431
31026, 111, 61.39561
31027, 103, 124.28665
31028, 115, 143.16138
31029, 112, 4.63509
31030, 110, 6.7077847
31031, 116, 71.75244
31032, 100, 18.847265
31033, 106, 11.880371
31034, 103, 55.108837
31035, 119, 61.6137
31036, 111, 85.82297
31037, 112, 22.922329
31038, 102, 77.99029
31039, 117, 94.871925
31040, 108, 64.672104
31041, 104, 37.718956
31042, 113, 78.81445
31043, 113, 29.402384
31044, 109, 92.147514
31045, 118, 50.63815
31046, 102, 137.80847
31047, 100, 16.184593
31048, 102, 125.36119
31049, 111, 47.406364
31050, 110, 130.15237
31051, 105, 108.62382
31052, 100, 65.201035
31053, 107, 46.0737
31054, 117, 90.88062
31055, 116, 109.737366
31056, 104, 19.026875
31057, 108, 74.880615
31058, 117, 145.82817
31059, 111, 102.19803
31060, 113, 143.61827
31061, 114, 31.618542
31062, 108, 33.77003
31063, 112, 15.6523075
31064, 116, 61.93546
31065, 105, 116.78765
31066, 109, 54.638233
31067, 100, 125.49891
31068, 100, 75.5219
31069, 111, 138.96854
31070, 109, 75.48954
31071, 118, 72.53454
31072, 114, 34.407814
31073, 106, 138.4726
31074, 119, 67.90114
31075, 103, 117.4805
31076, 106, 79.52322
31077, 110, 104.47482
31078, 105, 76.235016
31079, 103, 36.794167
31080, 105, 143.55852
31081, 109, 30.043728
31082, 117, 46.74899
31083, 113, 0.09179413
31084, 113, 70.4053
31085, 102, 60.56884
31086, 112, 30.30948
31087, 111, 0.77578425
31088, 105, 23.987648
31089, 109, 103.768845
31090, 113, 128.64355
31091, 114, 53.586826
31092, 107, 121.99854
31093, 113, 94.25829
31094, 115, 126.09168
31095, 103, 144.12074
31096, 103, 91.75951
31097, 117, 124.91223
31098, 109, 148.14462
31099, 101, 93.6156
31100, 119, 10.91542
31101, 105, 91.77881
31102, 104, 47.925407
31103, 104, 66.809235
31104, 100, 119.608376
31105, 112, 148.86607
31106, 108, 129.06406
31107, 102, 5.6630106
31108, 116, 100.101074
31109, 104, 93.58373
31110, 114, 105.392166
31111, 102, 59.8764
31112, 102, 71.7334
31113, 112, 149.36757
31114, 115, 45.408066
31115, 114, 47.54515
31116, 109, 100.933205
31117, 113, 18.836885
31118, 113, 74.50005
31119, 101, 96.35908
31120, 114, 80.38652
31121, 113, 37.927036
31122, 110, 42.93824
31123, 114, 134.37648
31124, 112, 7.9859824
31125, 114, 94.447205
31126, 113, 142.45103
31127, 109, 117.65084
31128, 101, 145.72113
31129, 106, 90.99214
31130, 114, 113.78085
31131, 103, 87.69001
31132, 103, 55.62576
31133, 103, 69.61309
31134, 116, 16.498392
31135, 114, 57.494484
31136, 114, 116.884094
31137, 110, 13.56681
31138, 118, 102.844444
31139, 104, 124.438934
31140, 106, 81.47163
31141, 106, 117.05526
31142, 115, 122.023605
31143, 118, 94.05026
31144, 102, 62.757675
31145, 112, 89.96118
31146, 104, 38.863026
31147, 109, 135.64307
31148, 102, 98.50298
31149, 118, 90.57812
31150, 107, 92.86824
31151, 117, 23.6431
31152, 114, 76.47778
31153, 112, 111.14389
31154, 116, 40.22979
31155, 115, 129.41174
31156, 110, 29.088842
31157, 107, 135.0464
31158, 101, 61.371796
31159, 110, 138.25786
31160, 118, 74.3074
31161, 111, 70.3551
31162, 103, 138.5562
31163, 112, 65.44344
31164, 101, 15.555775
31165, 114, 133.52281
31166, 101, 135.63298
31167, 109, 116.72155
31168, 107, 97.016335
31169, 104, 84.57427
31170, 103, 143.38254
31171, 115, 46.65252
31172, 103, 101.91921
31173, 118, 132.59837
31174, 101, 36.04441
31175, 101, 1.7510355
31176, 102, 82.73243
31177, 118, 122.249214
31178, 114, 41.756542
31179, 117, 34.714348
31180, 101, 117.16509
31181, 115, 128.10352
31182, 116, 83.42489
31183, 106, 88.83415
31184, 105, 69.18022
31185, 119, 107.87999
31186, 102, 86.35179
31187, 109, 122.42608
31188, 111, 67.90949
31189, 111, 7.00711
31190, 117, 53.055347
31191, 116, 102.75541
31192, 115, 68.70134
31193, 107, 69.646286
31194, 110, 38.22187
31195, 103, 147.87413
31196, 105, 60.29783
31197, 113, 96.711044
31198, 103, 100.28384
31199, 104, 123.89003
31200, 105, 47.363903
31201, 103, 97.989525
31202, 109, 24.184593
31203, 118, 66.609886
31204, 100, 31.115654
31205, 112, 118.57589
31206, 111, 106.39385
31207, 101, 62.272213
31208, 118, 19.960768
31209, 105, 34.82606
31210, 103, 50.123577
31211, 106, 100.808334
31212, 103, 105.81902
31213, 117, 91.331856
31214, 116, 17.610884
31215, 111, 71.081436
31216, 100, 103.84755
31217, 116, 21.854979
31218, 118, 76.55046
31219, 118, 98.31123
31220, 103, 128.57893
31221, 102, 40.654026
31222, 119, 101.70477
31223, 105, 31.459433
31224, 102, 7.3279023
31225, 104, 114.53695
31226, 116, 45.275875
31227, 111, 118.4942
31228, 105, 32.28484
31229, 103, 17.834696
31230, 100, 112.25477
31231, 112, 65.1081
31232, 110, 131.96233
31233, 106, 2.2252054
31234, 107, 138.75381
31235, 111, 0.3053069
31236, 110, 139.58064
31237, 113, 113.04342
31238, 111, 32.84997
31239, 101, 28.28909
31240, 119, 47.096855
31241, 111, 42.198486
31242, 111, 99.02275
31243, 119, 103.99315
31244, 112, 110.60861
31245, 102, 23.018377
31246, 103, 66.657936
31247, 103, 95.79195
31248, 111, 79.05264
31249, 111, 33.691273
31250, 102, 91.12974
31251, 113, 77.547386
31252, 104, 89.13129
31253, 104, 3.07627
31254, 103, 82.85752
31255, 102, 106.52336
31256, 102, 26.734444
31257, 110, 59.51466
31258, 114, 71.107704
31259, 105, 92.65372
31260, 118, 46.34522
31261, 101, 40.786663
31262, 103, 114.008835
31263, 117, 2.3172407
31264, 102, 30.783875
31265, 113, 88.589355
31266, 119, 46.330833
31267, 115, 78.45895
31268, 102, 116.2213
31269, 112, 102.95521
31270, 101, 18.118958
31271, 102, 75.129074
31272, 118, 96.632645
31273, 112, 85.03329
31274, 111, 7.3001146
31275, 115, 122.13592
31276, 101, 118.77161
31277, 116, 105.04183
31278, 115, 116.85754
31279, 100, 89.04535
31280, 101, 146.4254
31281, 107, 103.17425
31282, 110, 23.54561
31283, 109, 104.66647
31284, 110, 92.68636
31285, 117, 3.1451225
31286, 103, 116.27521
31287, 104, 70.8871
31288, 115, 90.41385
31289, 119, 115.796326
31290, 119, 64.604
31291, 107, 98.93964
31292, 113, 104.81149
31293, 108, 28.690794
31294, 111, 65.74229
31295, 106, 147.28854
31296, 112, 69.13193
31297, 118, 23.448381
31298, 104, 16.16781
31299, 100, 145.58138
31300, 106, 77.30371
31301, 114, 82.74292
31302, 106, 10.550451
31303, 114, 96.7238
31304, 101, 50.483196
31305, 103, 92.08826
31306, 100, 10.177454
31307, 110, 15.226382
31308, 109, 128.01562
31309, 114, 10.756382
31310, 105, 121.93474
31311, 105, 143.18259
31312, 109, 120.380226
31313, 108, 97.392845
31314, 113, 102.419044
31315, 113, 123.940285
31316, 100, 100.92804
31317, 115, 42.923515
31318, 101, 10.889071
31319, 107, 70.350235
31320, 110, 71.791954
31321, 101, 88.67235
31322, 105, 110.152466
31323, 104, 116.23539
31324, 119, 4.512799
31325, 111, 139.25668
31326, 114, 108.09263
31327, 110, 94.09712
31328, 119, 129.90213
31329, 110, 80.54301
31330, 104, 56.247364
31331, 103, 141.36287
31332, 109, 6.426305
31333, 113, 33.150208
31334, 106, 81.88648
31335, 119, 51.54697
31336, 111, 72.21302
31337, 111, 17.953634
31338, 105, 144.2367
31339, 112, 131.76135
31340, 113, 112.85449
31341, 115, 136.15852
31342, 115, 142.46063
31343, 103, 85.7316
31344, 112, 5.671227
31345, 100, 133.65814
31346, 112, 29.890198
31347, 111, 61.172695
31348, 119, 88.74603
31349, 115, 104.42028
31350, 117, 132.15471
31351, 112, 86.561775
31352, 114, 36.403816
31353, 103, 74.30248
31354, 110, 95.02912
31355, 110, 19.494474
31356, 113, 28.02702
31357, 106, 56.121513
31358, 100, 12.508795
31359, 105, 120.64885
31360, 102, 147.6444
31361, 101, 133.17787
31362, 112, 136.36359
31363, 101, 97.055305
31364, 101, 140.93642
31365, 108, 71.00401
31366, 111, 133.67758
31367, 113, 102.15522
31368, 106, 123.98717
31369, 117, 9.854597
31370, 113, 97.47065
31371, 109, 66.07948
31372, 108, 92.6535
31373, 113, 76.912186
31374, 117, 77.68342
31375, 111, 140.2292
31376, 105, 32.594837
31377, 107, 22.814941
31378, 108, 74.606674
31379, 104, 24.939617
31380, 109, 0.37544668
31381, 101, 96.64097
31382, 110, 51.439556
31383, 114, 144.35689
